127	-690	144006.69269484429969452321529388
127	-688	144011.81266904025687836110591888
127	-686	144017.11712761371745727956295013
127	-684	144022.63664116113795898854732513
127	-682	144028.29012437313213013112545013
127	-680	144033.98065815269364975392818451
127	-678	144039.64662276356830261647701263
127	-676	144045.26351406573667190968990326
127	-674	144050.81510947793140076100826263
127	-672	144056.30827882289304398000240326
127	-670	144061.72888279854669235646724701
127	-668	144067.09108428060426376760005951
127	-666	144072.38621038346900604665279388
127	-664	144077.62071316092624329030513763
127	-662	144082.78717913627042435109615326
127	-660	144087.89589359014644287526607513
127	-658	144092.94782118647708557546138763
127	-656	144097.93848840295686386525630951
127	-654	144102.87979492693557403981685638
127	-652	144107.76408312618150375783443451
127	-650	144112.59625249504460953176021576
127	-648	144117.36864504366531036794185638
127	-646	144122.09364228099002502858638763
127	-644	144126.76897028236999176442623138
127	-642	144131.39080178886069916188716888
127	-640	144135.96787089257850311696529388
127	-638	144140.49841810911311767995357513
127	-636	144144.98338865637197159230709076
127	-634	144149.43096143900766037404537201
127	-632	144153.83278710543527267873287201
127	-630	144158.18790166973485611379146576
127	-628	144162.50463753342046402394771576
127	-626	144166.77995851784362457692623138
127	-624	144171.01851499974145554006099701
127	-622	144175.21714054941548965871334076
127	-620	144179.37770537435426376760005951
127	-618	144183.50220936685218475759029388
127	-616	144187.59034919887199066579341888
127	-614	144191.64645274131908081471920013
127	-612	144195.66585351675166748464107513
127	-610	144199.65042616575374267995357513
127	-608	144203.60286012440337799489498138
127	-606	144207.51540845780982635915279388
127	-604	144211.35195012539043091237545013
127	-602	144214.66035828887834213674068451
128	-690	144015.34796384870423935353755951
128	-688	144020.95579892545356415212154388
128	-686	144026.60666699110879562795162201
128	-684	144032.23934575318708084523677826
128	-682	144037.82930969595327042043209076
128	-680	144043.36243038027896545827388763
128	-678	144048.82918194084777496755123138
128	-676	144054.22948534935130737721920013
128	-674	144059.56856583952321670949459076
128	-672	144064.85134727656259201467037201
128	-670	144070.06964434831752441823482513
128	-668	144075.22522474973811767995357513
128	-666	144080.32619317769422195851802826
128	-664	144085.36292125433101318776607513
128	-662	144090.34604968279018066823482513
128	-660	144095.27559930234565399587154388
128	-658	144100.15490930675878189504146576
128	-656	144104.98276072143926285207271576
128	-654	144109.75594246535911224782466888
128	-652	144114.48034268021001480519771576
128	-650	144119.15298099964275024831295013
128	-648	144123.78088492303504608571529388
128	-646	144128.35750201492919586598873138
128	-644	144132.88304801433696411550045013
128	-642	144137.36824318169965408742427826
128	-640	144141.81296952962293289601802826
128	-638	144146.21479879468097351491451263
128	-636	144150.57181754856719635426998138
128	-634	144154.88414812981500290334224701
128	-632	144159.16227436214103363454341888
128	-630	144163.39869146197452209889888763
128	-628	144167.59808162748231552541255951
128	-626	144171.76443995683803223073482513
128	-624	144175.89640754609717987477779388
128	-622	144179.99027307479991577565670013
128	-620	144184.05054433047189377248287201
128	-618	144188.07756794392480514943599701
128	-616	144192.07241994290961883962154388
128	-614	144196.03593474774970673024654388
128	-612	144199.95361595004214905202388763
127	-610	144199.48035554884700104594230652
127	-608	144203.44293580501107499003410339
127	-606	144207.37034432141808792948722839
127	-604	144211.26422003953484818339347839
127	-602	144215.12257390021113678812980652
127	-600	144218.95354956685332581400871277
127	-598	144222.74294185935286805033683777
127	-596	144226.51192582695512101054191589
127	-594	144230.24377649574307724833488464
127	-592	144233.96239345072535797953605652
127	-590	144237.65192072390345856547355652
127	-588	144241.31819155364064499735832214
127	-586	144244.95888572483090683817863464
127	-584	144248.58436620532302185893058777
127	-582	144252.21063980011967942118644714
127	-580	144255.78858494310406967997550964
127	-578	144259.36071475147036835551261902
127	-576	144262.89958975015906617045402527
127	-574	144266.41935277282027527689933777
127	-572	144269.93443358986405655741691589
127	-570	144273.42144787608413025736808777
127	-568	144276.89525896607665345072746277
127	-566	144280.35491450427798554301261902
127	-564	144283.79977497010258957743644714
127	-562	144287.21638301311759278178215027
127	-560	144290.62412898539332672953605652
127	-558	144294.00493149756221100687980652
127	-556	144297.37202397285727784037590027
127	-554	144300.73762779979733750224113464
127	-552	144304.05825410335091874003410339
127	-550	144307.37457963376073166728019714
127	-548	144310.66225580422906205058097839
127	-546	144313.94535021780757233500480652
127	-544	144317.21870623825816437602043152
127	-542	144320.47515319584636017680168152
127	-540	144323.71236501185921952128410339
127	-538	144326.92532209603814408183097839
127	-536	144330.10254311858443543314933777
127	-534	144333.27006501256255432963371277
127	-532	144336.42239859997062012553215027
127	-530	144339.56435744016198441386222839
127	-528	144342.66767374722985550761222839
127	-526	144345.76148172019748017191886902
127	-524	144348.84230666159419342875480652
127	-522	144351.89551340340403839945793152
127	-520	144354.91880922316340729594230652
127	-518	144357.91345338075188919901847839
127	-516	144360.89509204326895996928215027
127	-514	144363.85370964853791519999504089
127	-512	144366.79477741866139695048332214
127	-510	144369.71098287700442597270011902
127	-508	144372.59501853882102295756340027
127	-506	144375.44982581137446686625480652
127	-504	144378.21920386253623291850090027
127	-502	144380.56744560151128098368644714
128	-610	144203.66997159569291397929191589
128	-608	144207.55622092186240479350090027
128	-606	144211.40533934085397049784660339
128	-604	144215.21676516084698960185050964
128	-602	144218.99829410313395783305168152
128	-600	144222.75031508057145401835441589
128	-598	144226.48436115978984162211418152
128	-596	144230.18755141942529007792472839
128	-594	144233.87541932909516617655754089
128	-592	144237.53118606953648850321769714
128	-590	144241.17504487483529374003410339
128	-588	144244.78431165515212342143058777
128	-586	144248.39035418181447312235832214
128	-584	144251.96736164687899872660636902
128	-582	144255.52687949239043518900871277
128	-580	144259.07759841828374192118644714
128	-578	144262.61577498464612290263175964
128	-576	144266.12604096083668991923332214
128	-574	144269.63443155138520523905754089
128	-572	144273.10863355844048783183097839
128	-570	144276.58230585156707093119621277
128	-568	144280.03680321126012131571769714
128	-566	144283.47704910783795639872550964
128	-564	144286.88688025175360962748527527
128	-562	144290.27985365985659882426261902
128	-560	144293.66021725087193772196769714
128	-558	144297.01238604931859299540519714
128	-556	144300.35009839682606980204582214
128	-554	144303.64827271847752854228019714
128	-552	144306.94985533057479187846183777
128	-550	144310.22886066435603424906730652
128	-548	144313.47598030715016648173332214
128	-546	144316.71887366025475785136222839
128	-544	144319.95559463946847245097160339
128	-542	144323.16458432673243805766105652
128	-540	144326.35760603396920487284660339
128	-538	144329.52832538186339661478996277
128	-536	144332.67720748035935685038566589
128	-534	144335.81337714492110535502433777
128	-532	144338.90755989699391648173332214
128	-530	144342.00418382434872910380363464
128	-528	144345.06444095371989533305168152
128	-526	144348.10149677394656464457511902
128	-524	144351.10943694709567353129386902
128	-522	144354.10441617964534088969230652
128	-520	144357.08591635077027603983879089
128	-518	144360.04647597967414185404777527
128	-516	144362.98698031454114243388175964
128	-514	144365.90457486658124253153800964
128	-512	144368.79867353587178513407707214