64	-290	3752.125
64	-288	3754.28125
64	-286	3757.5
64	-284	3759.8125
64	-282	3760.84375
64	-280	3762.53125
64	-278	3765.0625
64	-276	3767.09375
64	-274	3769.71875
64	-272	3770.53125
64	-270	3773.3125
64	-268	3775.625
64	-266	3777.1875
64	-264	3779.5625
64	-262	3780.6875
64	-260	3782.40625
64	-258	3784.8125
64	-256	3786.28125
64	-254	3788.09375
64	-252	3789.625
64	-250	3790.1875
64	-248	3793.9375
64	-246	3796.5625
64	-244	3797.15625
64	-242	3798.375
64	-240	3799.40625
64	-238	3801.46875
64	-236	3802.65625
64	-234	3803.90625
64	-232	3806.0625
64	-230	3807.90625
64	-228	3810.3125
64	-226	3812.9375
64	-224	3814.5625
64	-222	3814.9375
64	-220	3816.625
64	-218	3817.6875
64	-216	3819
64	-214	3820.8125
64	-212	3822.21875
64	-210	3823.875
64	-208	3824.25
64	-206	3826.125
64	-204	3827.15625
64	-202	3828.4375
64	-200	3830.3125
64	-198	3832.34375
64	-196	3834.09375
64	-194	3835.3125
64	-192	3836.90625
64	-190	3838.21875
64	-188	3838.53125
64	-186	3839.53125
64	-184	3840.34375
64	-182	3840.90625
64	-180	3841.40625
64	-178	3842.375
64	-176	3843.5
64	-174	3844.78125
64	-172	3846.125
64	-170	3846.90625
64	-168	3847.59375
64	-166	3847.875
64	-164	3848.65625
64	-162	3848.71875
64	-160	3849.1875
64	-158	3849.96875
64	-156	3850.5
64	-154	3850.75
64	-152	3851.90625
64	-150	3852.84375
64	-148	3852.9375
64	-146	3853.6875
64	-144	3854.34375
64	-142	3854.3125
64	-140	3855.15625
64	-138	3855.4375
64	-136	3855.625
64	-134	3855.59375
64	-132	3856.34375
64	-130	3856.90625
64	-128	3857.25
64	-126	3857.40625
64	-124	3857.65625
64	-122	3857.9375
64	-120	3858.40625
64	-118	3858.59375
64	-116	3858.84375
64	-114	3859.46875
64	-112	3859.34375
64	-110	3859.65625
64	-108	3859.875
64	-106	3860.625
64	-104	3860.65625
64	-102	3861.15625
64	-100	3861.34375
64	-98	3861.625
64	-96	3861.59375
64	-94	3862.09375
64	-92	3862.125
64	-90	3862.34375
64	-88	3862.625
64	-86	3862.96875
64	-84	3863
64	-82	3863.46875
64	-80	3863.78125
64	-78	3863.8125
64	-76	3863.5625
64	-74	3864.125
64	-72	3864.3125
64	-70	3864.40625
64	-68	3864.90625
64	-66	3864.8125
64	-64	3865.125
64	-62	3865.1875
64	-60	3865.625
64	-58	3865.53125
64	-56	3865.6875
64	-54	3866.125
64	-52	3865.8125
64	-50	3866.4375
64	-48	3866.3125
64	-46	3866.625
64	-44	3866.6875
64	-42	3866.875
64	-40	3866.875
64	-38	3866.6875
64	-36	3866.75
64	-34	3867.03125
64	-32	3867.34375
64	-30	3867.03125
64	-28	3867.65625
64	-26	3867.96875
64	-24	3867.6875
64	-22	3867.34375
64	-20	3867.5
64	-18	3867.78125
64	-16	3867.5
64	-14	3867.65625
64	-12	3867.96875
64	-10	3867.9375
64	-8	3867.78125
64	-6	3868.3125
64	-4	3868.5
64	-2	3868.4375
64	0	3868.21875
64	2	3868.1875
64	4	3868.375
64	6	3868.59375
64	8	3868.375
64	10	3868.46875
64	12	3868.5625
64	14	3868.78125
64	16	3868.59375
64	18	3868.34375
64	20	3868.1875
64	22	3868.125
64	24	3868.40625
64	26	3868.625
64	28	3868.34375
64	30	3868.5625
64	32	3868.4375
64	34	3868.34375
64	36	3868.375
64	38	3868.03125
64	40	3868.40625
64	42	3868.4375
64	44	3868.21875
64	46	3867.96875
64	48	3867.90625
64	50	3867.8125
64	52	3867.84375
64	54	3867.84375
64	56	3867.59375
64	58	3867.46875
64	60	3867.71875
64	62	3867.5625
64	64	3867.4375
64	66	3867.1875
64	68	3867.34375
64	70	3867.1875
64	72	3867.34375
64	74	3867.3125
64	76	3867.375
64	78	3867.3125
64	80	3867.40625
64	82	3867.21875
64	84	3866.9375
64	86	3867.25
64	88	3866.875
64	90	3866.84375
64	92	3866.84375
64	94	3866.4375
64	96	3866.1875
64	98	3865.96875
68	-290	3752.3125
68	-288	3754.96875
68	-286	3756.21875
68	-284	3758.375
68	-282	3760.9375
68	-280	3762.53125
68	-278	3766.34375
68	-276	3768.09375
68	-274	3770.375
68	-272	3771.25
68	-270	3772.53125
68	-268	3773.65625
68	-266	3775.9375
68	-264	3778.53125
68	-262	3780.46875
68	-260	3783.03125
68	-258	3785.34375
68	-256	3787.28125
68	-254	3788.4375
68	-252	3789.71875
68	-250	3790.9375
68	-248	3793.25
68	-246	3794.40625
68	-244	3796.1875
68	-242	3797.34375
68	-240	3798.1875
68	-238	3799.65625
68	-236	3802.0625
68	-234	3803.59375
68	-232	3806.1875
68	-230	3807.75
68	-228	3810.875
68	-226	3811.5625
68	-224	3812.9375
68	-222	3814.6875
68	-220	3815.8125
68	-218	3816.65625
68	-216	3818.5
68	-214	3819.6875
68	-212	3820.59375
68	-210	3821.625
68	-208	3824.15625
68	-206	3825.46875
68	-204	3827.28125
68	-202	3829.65625
68	-200	3830.53125
68	-198	3831.78125
68	-196	3833.5625
68	-194	3834.28125
68	-192	3835.1875
68	-190	3837
68	-188	3837.625
68	-186	3838.09375
68	-184	3838.65625
68	-182	3839.5
68	-180	3840.71875
68	-178	3841.15625
68	-176	3843.1875
68	-174	3843.34375
68	-172	3844.6875
68	-170	3845.15625
68	-168	3845.96875
68	-166	3846.71875
68	-164	3847.1875
68	-162	3847.84375
68	-160	3848.125
68	-158	3848.84375
68	-156	3849.65625
68	-154	3850.21875
68	-152	3850.75
68	-150	3852.125
68	-148	3852.4375
68	-146	3852.46875
68	-144	3853.0625
68	-142	3853.875
68	-140	3854.46875
68	-138	3854.9375
68	-136	3855.3125
68	-134	3855.9375
68	-132	3856.09375
68	-130	3857.09375
68	-128	3857.15625
68	-126	3857.40625
68	-124	3857.28125
68	-122	3857.90625
68	-120	3858.15625
68	-118	3858.3125
68	-116	3858.84375
68	-114	3858.9375
68	-112	3859.03125
68	-110	3859.09375
68	-108	3859.375
68	-106	3859.375
68	-104	3859.75
68	-102	3860.09375
68	-100	3860.625
68	-98	3860.8125
68	-96	3860.78125
68	-94	3861.09375
68	-92	3860.78125
68	-90	3861.1875
68	-88	3861.625
68	-86	3861.6875
68	-84	3861.875
68	-82	3862.40625
68	-80	3862.46875
68	-78	3862.375
68	-76	3862.53125
68	-74	3863
68	-72	3862.90625
68	-70	3863.40625
68	-68	3863.625
68	-66	3863.4375
68	-64	3864.4375
68	-62	3863.6875
68	-60	3863.90625
68	-58	3864
68	-56	3864.8125
68	-54	3864.21875
68	-52	3864.3125
68	-50	3864.875
68	-48	3865.03125
68	-46	3864.9375
68	-44	3865.15625
68	-42	3865.5625
68	-40	3865.6875
68	-38	3865.84375
68	-36	3865.65625
68	-34	3865.65625
68	-32	3866.28125
68	-30	3866.28125
68	-28	3866.0625
68	-26	3866.625
68	-24	3866.4375
68	-22	3866.34375
68	-20	3866.625
68	-18	3866.625
68	-16	3866.53125
68	-14	3866.40625
68	-12	3866.6875
68	-10	3867.34375
68	-8	3867.375
68	-6	3866.96875
68	-4	3867.4375
68	-2	3867.53125
68	0	3867.375
68	2	3867.65625
68	4	3867.21875
68	6	3867.125
68	8	3867.125
68	10	3867.09375
68	12	3867.5625
68	14	3867.625
68	16	3867.75
68	18	3867.96875
68	20	3867.3125
68	22	3866.9375
68	24	3867.28125
68	26	3866.90625
68	28	3866.8125
68	30	3867.125
68	32	3867.21875
68	34	3866.84375
68	36	3866.9375
68	38	3866.96875
68	40	3866.71875
68	42	3866.9375
68	44	3866.59375
68	46	3866.90625
68	48	3866.71875
68	50	3866.9375
68	52	3867.09375
68	54	3866.75
68	56	3866.59375
68	58	3866.3125
68	60	3866.375
68	62	3866.53125
68	64	3866.21875
68	66	3866.4375
68	68	3866.4375
68	70	3866.5
68	72	3866.09375
68	74	3866.3125
68	76	3866.09375
68	78	3866.46875
68	80	3865.96875
68	82	3865.6875
68	84	3866.53125
68	86	3866.1875
68	88	3865.46875
68	90	3865.125
68	92	3865.65625
68	94	3865.65625
68	96	3865.375
68	98	3865.40625
72	-290	3753.96875
72	-288	3754.90625
72	-286	3757.1875
72	-284	3759.28125
72	-282	3762.5625
72	-280	3763.96875
72	-278	3765.90625
72	-276	3768.21875
72	-274	3770.09375
72	-272	3772.5625
72	-270	3773.6875
72	-268	3775.53125
72	-266	3777.3125
72	-264	3778.84375
72	-262	3780.25
72	-260	3781.78125
72	-258	3784
72	-256	3786.0625
72	-254	3788.25
72	-252	3790.53125
72	-250	3793
72	-248	3794.5
72	-246	3795.59375
72	-244	3797.4375
72	-242	3798.34375
72	-240	3800.40625
72	-238	3800.5625
72	-236	3802.25
72	-234	3804.53125
72	-232	3805.84375
72	-230	3808.3125
72	-228	3809.15625
72	-226	3811.71875
72	-224	3814.0625
72	-222	3814.71875
72	-220	3816.21875
72	-218	3817.75
72	-216	3819.03125
72	-214	3820.9375
72	-212	3822.0625
72	-210	3823.03125
72	-208	3825.34375
72	-206	3826.3125
72	-204	3828.125
72	-202	3829.75
72	-200	3830.75
72	-198	3830.625
72	-196	3831.34375
72	-194	3831.75
72	-192	3833.625
72	-190	3834.75
72	-188	3835.4375
72	-186	3837.25
72	-184	3838.40625
72	-182	3839.375
72	-180	3840.5
72	-178	3841.375
72	-176	3842.53125
72	-174	3842.65625
72	-172	3843.65625
72	-170	3844.40625
72	-168	3845.125
72	-166	3845.46875
72	-164	3846.1875
72	-162	3846.875
72	-160	3847.5625
72	-158	3848.15625
72	-156	3848.71875
72	-154	3848.75
72	-152	3849.53125
72	-150	3849.78125
72	-148	3850.78125
72	-146	3851.53125
72	-144	3852.1875
72	-142	3852.0625
72	-140	3852.0625
72	-138	3852.15625
72	-136	3853.28125
72	-134	3854.03125
72	-132	3854.40625
72	-130	3854.90625
72	-128	3854.96875
72	-126	3855.53125
72	-124	3855.75
72	-122	3855.84375
72	-120	3856.1875
72	-118	3856.5
72	-116	3856.59375
72	-114	3856.40625
72	-112	3857.03125
72	-110	3858.0625
72	-108	3858.03125
72	-106	3857.875
72	-104	3858.46875
72	-102	3858.9375
72	-100	3859.125
72	-98	3859.5625
72	-96	3859.9375
72	-94	3859.8125
72	-92	3860.34375
72	-90	3860.1875
72	-88	3860.78125
72	-86	3861.09375
72	-84	3861.1875
72	-82	3861.28125
72	-80	3861.375
72	-78	3861.96875
72	-76	3861.4375
72	-74	3861.71875
72	-72	3861.84375
72	-70	3862.09375
72	-68	3862.28125
72	-66	3862.71875
72	-64	3862.1875
72	-62	3862.28125
72	-60	3862.40625
72	-58	3862.84375
72	-56	3862.90625
72	-54	3863.25
72	-52	3863.46875
72	-50	3863.28125
72	-48	3863.59375
72	-46	3863.4375
72	-44	3863.875
72	-42	3864.03125
72	-40	3863.625
72	-38	3863.8125
72	-36	3864.0625
72	-34	3864.25
72	-32	3864.53125
72	-30	3864.6875
72	-28	3864.34375
72	-26	3864.46875
72	-24	3864.09375
72	-22	3864.1875
72	-20	3864.375
72	-18	3864.5625
72	-16	3864.5
72	-14	3864.65625
72	-12	3864.59375
72	-10	3865.15625
72	-8	3864.71875
72	-6	3865.15625
72	-4	3864.9375
72	-2	3865.15625
72	0	3865.21875
72	2	3865.34375
72	4	3865.28125
72	6	3865.09375
72	8	3865.46875
72	10	3865.25
72	12	3865.59375
72	14	3865.5625
72	16	3865.09375
72	18	3865
72	20	3865.4375
72	22	3865.0625
72	24	3865.53125
72	26	3864.875
72	28	3865.03125
72	30	3864.90625
72	32	3865
72	34	3864.90625
72	36	3864.75
72	38	3864.59375
72	40	3865
72	42	3864.4375
72	44	3864.65625
72	46	3864.53125
72	48	3864.6875
72	50	3864.625
72	52	3865
72	54	3864.8125
72	56	3865.03125
72	58	3864.28125
72	60	3865.0625
72	62	3864.5625
72	64	3864.75
72	66	3864.9375
72	68	3864.90625
72	70	3864.34375
72	72	3864.71875
72	74	3864.5
72	76	3864.65625
72	78	3864.46875
72	80	3864.34375
72	82	3864.65625
72	84	3864.375
72	86	3864.3125
72	88	3863.84375
72	90	3864.5
72	92	3864.03125
72	94	3863.96875
72	96	3863.46875
72	98	3863.28125
76	-290	3754.9375
76	-288	3757.1875
76	-286	3758.28125
76	-284	3759.90625
76	-282	3762.46875
76	-280	3764.09375
76	-278	3766.0625
76	-276	3768.40625
76	-274	3771.09375
76	-272	3772.6875
76	-270	3775.15625
76	-268	3776.84375
76	-266	3778.875
76	-264	3779.1875
76	-262	3781.5625
76	-260	3782.96875
76	-258	3784.84375
76	-256	3786.3125
76	-254	3787.8125
76	-252	3789.9375
76	-250	3792.6875
76	-248	3794.03125
76	-246	3796.5
76	-244	3797.9375
76	-242	3799.5625
76	-240	3800.75
76	-238	3801.5
76	-236	3803.78125
76	-234	3805.71875
76	-232	3807.125
76	-230	3808.03125
76	-228	3810.21875
76	-226	3812.40625
76	-224	3814.125
76	-222	3815.15625
76	-220	3815.9375
76	-218	3817.4375
76	-216	3818.46875
76	-214	3820.4375
76	-212	3821.375
76	-210	3822.34375
76	-208	3824.4375
76	-206	3825.125
76	-204	3826.90625
76	-202	3828.40625
76	-200	3829.375
76	-198	3830.375
76	-196	3831.25
76	-194	3832.125
76	-192	3833.84375
76	-190	3834.5625
76	-188	3835.375
76	-186	3836.1875
76	-184	3837.1875
76	-182	3837.75
76	-180	3839.53125
76	-178	3840.3125
76	-176	3841.125
76	-174	3841.84375
76	-172	3842.59375
76	-170	3843
76	-168	3843.5625
76	-166	3844.9375
76	-164	3845
76	-162	3846.34375
76	-160	3846.71875
76	-158	3846.90625
76	-156	3847.4375
76	-154	3847.59375
76	-152	3848.21875
76	-150	3848.8125
76	-148	3849.40625
76	-146	3849.46875
76	-144	3849.21875
76	-142	3849.90625
76	-140	3849.75
76	-138	3850.03125
76	-136	3850.53125
76	-134	3851.46875
76	-132	3852.15625
76	-130	3852.75
76	-128	3853.40625
76	-126	3853.53125
76	-124	3853.4375
76	-122	3853.71875
76	-120	3854.21875
76	-118	3854.40625
76	-116	3855.09375
76	-114	3855.0625
76	-112	3855.09375
76	-110	3855.21875
76	-108	3856.09375
76	-106	3855.90625
76	-104	3856.125
76	-102	3856.71875
76	-100	3856.875
76	-98	3857.375
76	-96	3857.46875
76	-94	3858.1875
76	-92	3858.1875
76	-90	3858.125
76	-88	3858.125
76	-86	3858.71875
76	-84	3858.3125
76	-82	3858.6875
76	-80	3859.25
76	-78	3859.875
76	-76	3859.28125
76	-74	3859.84375
76	-72	3860.125
76	-70	3860.25
76	-68	3860.40625
76	-66	3860.375
76	-64	3860.9375
76	-62	3860.625
76	-60	3861.1875
76	-58	3860.9375
76	-56	3861.4375
76	-54	3861.375
76	-52	3861.5
76	-50	3861.84375
76	-48	3861.71875
76	-46	3861.5
76	-44	3861.90625
76	-42	3862.21875
76	-40	3861.84375
76	-38	3861.65625
76	-36	3862.28125
76	-34	3862.125
76	-32	3862.28125
76	-30	3862.09375
76	-28	3862.03125
76	-26	3861.96875
76	-24	3862.125
76	-22	3862.21875
76	-20	3861.90625
76	-18	3862.21875
76	-16	3862.53125
76	-14	3862.21875
76	-12	3862.78125
76	-10	3862.40625
76	-8	3862.125
76	-6	3862.625
76	-4	3863.0625
76	-2	3862.90625
76	0	3862.6875
76	2	3862.9375
76	4	3862.59375
76	6	3862.6875
76	8	3862.5
76	10	3862.9375
76	12	3862.84375
76	14	3863.09375
76	16	3862.59375
76	18	3862.625
76	20	3862.4375
76	22	3863
76	24	3862.9375
76	26	3862.40625
76	28	3863.125
76	30	3863.1875
76	32	3862.96875
76	34	3863
76	36	3862.84375
76	38	3863.0625
76	40	3862.75
76	42	3862.75
76	44	3862.8125
76	46	3862.625
76	48	3862.65625
76	50	3862.8125
76	52	3862.75
76	54	3862.6875
76	56	3862.75
76	58	3862.84375
76	60	3862.375
76	62	3862.65625
76	64	3862.5625
76	66	3861.96875
76	68	3862.25
76	70	3862.40625
76	72	3862.34375
76	74	3862.25
76	76	3862.125
76	78	3862.3125
76	80	3862.28125
76	82	3862.3125
76	84	3862.09375
76	86	3862.03125
76	88	3861.59375
76	90	3861.40625
76	92	3861.5625
76	94	3861.53125
76	96	3861.21875
76	98	3860.90625
80	-290	3755.75
80	-288	3758.3125
80	-286	3760.5625
80	-284	3761.75
80	-282	3762.8125
80	-280	3767.15625
80	-278	3769.3125
80	-276	3770.75
80	-274	3772.625
80	-272	3774.1875
80	-270	3776.6875
80	-268	3778.34375
80	-266	3780.21875
80	-264	3782.8125
80	-262	3783.78125
80	-260	3784.96875
80	-258	3786.125
80	-256	3787.5625
80	-254	3789.84375
80	-252	3791.375
80	-250	3793.875
80	-248	3796.21875
80	-246	3798.09375
80	-244	3799
80	-242	3800.5625
80	-240	3801.90625
80	-238	3803.46875
80	-236	3805.0625
80	-234	3806.375
80	-232	3807.34375
80	-230	3807.6875
80	-228	3808.96875
80	-226	3809.9375
80	-224	3812.5
80	-222	3815.125
80	-220	3816.5
80	-218	3817.375
80	-216	3818.8125
80	-214	3820.34375
80	-212	3821.4375
80	-210	3822.8125
80	-208	3823.125
80	-206	3825.875
80	-204	3826.46875
80	-202	3827.6875
80	-200	3828.875
80	-198	3830.0625
80	-196	3830.59375
80	-194	3831.875
80	-192	3832.8125
80	-190	3834.28125
80	-188	3834.90625
80	-186	3835.5625
80	-184	3836.28125
80	-182	3837.84375
80	-180	3838.34375
80	-178	3839.28125
80	-176	3840.1875
80	-174	3840.5
80	-172	3841.03125
80	-170	3841.375
80	-168	3842.40625
80	-166	3842.5
80	-164	3841.9375
80	-162	3842.84375
80	-160	3843.71875
80	-158	3843.59375
80	-156	3843.875
80	-154	3845.5625
80	-152	3845.625
80	-150	3846.40625
80	-148	3846.65625
80	-146	3846.625
80	-144	3847.21875
80	-142	3847.25
80	-140	3847.8125
80	-138	3847.96875
80	-136	3848.28125
80	-134	3848.3125
80	-132	3849
80	-130	3849.875
80	-128	3850
80	-126	3850.4375
80	-124	3851.125
80	-122	3851.53125
80	-120	3851.5
80	-118	3851.8125
80	-116	3851.84375
80	-114	3852.125
80	-112	3852.4375
80	-110	3853.21875
80	-108	3853.25
80	-106	3853.8125
80	-104	3853.84375
80	-102	3853.84375
80	-100	3854.1875
80	-98	3854.15625
80	-96	3855.03125
80	-94	3854.96875
80	-92	3855.3125
80	-90	3855.65625
80	-88	3855.15625
80	-86	3855.40625
80	-84	3855.6875
80	-82	3856.125
80	-80	3856.15625
80	-78	3856.375
80	-76	3856.46875
80	-74	3857.375
80	-72	3857.0625
80	-70	3857
80	-68	3857.90625
80	-66	3857.90625
80	-64	3857.875
80	-62	3857.90625
80	-60	3858.1875
80	-58	3858.3125
80	-56	3858.40625
80	-54	3858.625
80	-52	3858.34375
80	-50	3858.625
80	-48	3858.5
80	-46	3858.84375
80	-44	3859.1875
80	-42	3859.34375
80	-40	3859.03125
80	-38	3859.125
80	-36	3859.15625
80	-34	3858.875
80	-32	3859.09375
80	-30	3859
80	-28	3859.5
80	-26	3858.84375
80	-24	3859.40625
80	-22	3859.34375
80	-20	3859.90625
80	-18	3859.71875
80	-16	3859.71875
80	-14	3860.15625
80	-12	3860
80	-10	3860.03125
80	-8	3860.21875
80	-6	3860.40625
80	-4	3860.0625
80	-2	3860.25
80	0	3860.5625
80	2	3860.15625
80	4	3860.375
80	6	3860.28125
80	8	3860.4375
80	10	3860.375
80	12	3860.65625
80	14	3860.21875
80	16	3860.1875
80	18	3860.25
80	20	3860.40625
80	22	3860.46875
80	24	3860.53125
80	26	3859.9375
80	28	3860.25
80	30	3860.21875
80	32	3860.0625
80	34	3859.78125
80	36	3860.375
80	38	3859.59375
80	40	3860.25
80	42	3860.125
80	44	3860.125
80	46	3859.84375
80	48	3860.1875
80	50	3860.53125
80	52	3860.40625
80	54	3860.34375
80	56	3860.875
80	58	3860.1875
80	60	3859.90625
80	62	3860.03125
80	64	3859.90625
80	66	3859.8125
80	68	3859.9375
80	70	3859.75
80	72	3860.03125
80	74	3860.25
80	76	3859.65625
80	78	3860.03125
80	80	3859.65625
80	82	3859.75
80	84	3859.59375
80	86	3859.5625
80	88	3859.125
80	90	3859.21875
80	92	3858.96875
80	94	3858.6875
80	96	3858.59375
80	98	3858.59375
84	-290	3756.875
84	-288	3760.0625
84	-286	3762.15625
84	-284	3764.25
84	-282	3767.46875
84	-280	3768.53125
84	-278	3771.5
84	-276	3773.4375
84	-274	3775.03125
84	-272	3776.46875
84	-270	3778.0625
84	-268	3779.5
84	-266	3782.1875
84	-264	3783.21875
84	-262	3784.78125
84	-260	3787.3125
84	-258	3789.3125
84	-256	3791.21875
84	-254	3792.15625
84	-252	3793.875
84	-250	3794.65625
84	-248	3796.3125
84	-246	3797.65625
84	-244	3799.125
84	-242	3801.09375
84	-240	3803.375
84	-238	3804.25
84	-236	3805.40625
84	-234	3806.34375
84	-232	3808
84	-230	3809.6875
84	-228	3811.4375
84	-226	3813.125
84	-224	3814.65625
84	-222	3815.84375
84	-220	3816.0625
84	-218	3817.71875
84	-216	3819
84	-214	3819.5
84	-212	3820.9375
84	-210	3822.5625
84	-208	3823.28125
84	-206	3823.75
84	-204	3825.625
84	-202	3825.46875
84	-200	3826.6875
84	-198	3828.5
84	-196	3829.15625
84	-194	3829.78125
84	-192	3830.53125
84	-190	3831.84375
84	-188	3832.6875
84	-186	3833.8125
84	-184	3834.3125
84	-182	3835.625
84	-180	3836.125
84	-178	3836.75
84	-176	3837.5625
84	-174	3838.53125
84	-172	3838.59375
84	-170	3839.6875
84	-168	3839.8125
84	-166	3839.9375
84	-164	3840.125
84	-162	3840.28125
84	-160	3841.59375
84	-158	3841.6875
84	-156	3841.84375
84	-154	3842.1875
84	-152	3843.0625
84	-150	3843.25
84	-148	3843.46875
84	-146	3844.28125
84	-144	3844.90625
84	-142	3845.53125
84	-140	3845.71875
84	-138	3846.25
84	-136	3846.09375
84	-134	3846.375
84	-132	3846.625
84	-130	3847.34375
84	-128	3847.34375
84	-126	3848.28125
84	-124	3847.5
84	-122	3848.21875
84	-120	3848.78125
84	-118	3849.4375
84	-116	3849.4375
84	-114	3850.125
84	-112	3850
84	-110	3850.78125
84	-108	3850.5625
84	-106	3851.4375
84	-104	3850.875
84	-102	3851.21875
84	-100	3851.59375
84	-98	3851.65625
84	-96	3851.6875
84	-94	3852.09375
84	-92	3852.25
84	-90	3852.40625
84	-88	3852.34375
84	-86	3853.09375
84	-84	3852.90625
84	-82	3853.34375
84	-80	3852.875
84	-78	3853.9375
84	-76	3853.84375
84	-74	3854.6875
84	-72	3854.28125
84	-70	3854.78125
84	-68	3854.46875
84	-66	3854.59375
84	-64	3854.5
84	-62	3855.3125
84	-60	3855.4375
84	-58	3855.21875
84	-56	3855.1875
84	-54	3855.03125
84	-52	3855.4375
84	-50	3855.21875
84	-48	3855.5
84	-46	3855.28125
84	-44	3855.65625
84	-42	3854.96875
84	-40	3854.875
84	-38	3855.375
84	-36	3856.15625
84	-34	3855.9375
84	-32	3855.90625
84	-30	3856.28125
84	-28	3855.8125
84	-26	3855.6875
84	-24	3856.53125
84	-22	3855.9375
84	-20	3856.5
84	-18	3856.625
84	-16	3856.59375
84	-14	3856.09375
84	-12	3856.71875
84	-10	3856.90625
84	-8	3856.5625
84	-6	3855.90625
84	-4	3856.5
84	-2	3856.46875
84	0	3856.65625
84	2	3856.6875
84	4	3856.71875
84	6	3856.84375
84	8	3856.75
84	10	3856.53125
84	12	3856.5
84	14	3856.90625
84	16	3856.96875
84	18	3857.15625
84	20	3856.8125
84	22	3857.34375
84	24	3856.9375
84	26	3856.8125
84	28	3857.03125
84	30	3856.96875
84	32	3857
84	34	3856.75
84	36	3856.625
84	38	3856.71875
84	40	3856.5625
84	42	3856.71875
84	44	3857.0625
84	46	3856.59375
84	48	3856.78125
84	50	3856.8125
84	52	3856.375
84	54	3856.84375
84	56	3856.40625
84	58	3856.0625
84	60	3856.125
84	62	3856.71875
84	64	3856.375
84	66	3856.375
84	68	3856.03125
84	70	3855.9375
84	72	3855.65625
84	74	3856.15625
84	76	3855.46875
84	78	3855.53125
84	80	3855.15625
84	82	3855.25
84	84	3855.0625
84	86	3855.3125
84	88	3855.40625
84	90	3855.03125
84	92	3855.34375
84	94	3855.0625
84	96	3855.1875
84	98	3855.28125
88	-290	3762.75
88	-288	3764.5
88	-286	3765.9375
88	-284	3767.25
88	-282	3768.65625
88	-280	3771.4375
88	-278	3772.21875
88	-276	3773.8125
88	-274	3775.125
88	-272	3775.625
88	-270	3777.375
88	-268	3779.375
88	-266	3781.75
88	-264	3783.53125
88	-262	3784.5625
88	-260	3787.4375
88	-258	3788.34375
88	-256	3789.9375
88	-254	3790.78125
88	-252	3793.21875
88	-250	3794.8125
88	-248	3795.5625
88	-246	3797.3125
88	-244	3797.6875
88	-242	3799.96875
88	-240	3801.28125
88	-238	3803.375
88	-236	3804.125
88	-234	3806.40625
88	-232	3807.8125
88	-230	3809.4375
88	-228	3810.71875
88	-226	3811.96875
88	-224	3812.59375
88	-222	3815.375
88	-220	3816.65625
88	-218	3817.5
88	-216	3818.03125
88	-214	3818.875
88	-212	3819.78125
88	-210	3820.1875
88	-208	3821.03125
88	-206	3822.28125
88	-204	3823.25
88	-202	3823.5
88	-200	3824.53125
88	-198	3825.25
88	-196	3827.03125
88	-194	3827.34375
88	-192	3828.375
88	-190	3829.3125
88	-188	3830.3125
88	-186	3830.9375
88	-184	3832.28125
88	-182	3833.125
88	-180	3833.34375
88	-178	3833.65625
88	-176	3834.0625
88	-174	3834.4375
88	-172	3834.71875
88	-170	3835.84375
88	-168	3835.90625
88	-166	3836.40625
88	-164	3837.15625
88	-162	3837.84375
88	-160	3838.25
88	-158	3838.90625
88	-156	3839.125
88	-154	3839.71875
88	-152	3840.09375
88	-150	3839.84375
88	-148	3840.21875
88	-146	3840.4375
88	-144	3841.03125
88	-142	3841.625
88	-140	3841.9375
88	-138	3842.28125
88	-136	3842.65625
88	-134	3843.53125
88	-132	3843.25
88	-130	3843.4375
88	-128	3844.0625
88	-126	3844.15625
88	-124	3844.5625
88	-122	3844.65625
88	-120	3845.09375
88	-118	3845.78125
88	-116	3846.65625
88	-114	3845.5625
88	-112	3845.90625
88	-110	3845.71875
88	-108	3846.625
88	-106	3846.5
88	-104	3847
88	-102	3847.5
88	-100	3846.90625
88	-98	3847.53125
88	-96	3847.34375
88	-94	3847.59375
88	-92	3847.3125
88	-90	3848.78125
88	-88	3848.5625
88	-86	3848.46875
88	-84	3849.375
88	-82	3849.09375
88	-80	3849.375
88	-78	3849.65625
88	-76	3850.0625
88	-74	3850.25
88	-72	3850.4375
88	-70	3850.59375
88	-68	3850.375
88	-66	3850.71875
88	-64	3850.53125
88	-62	3850.5
88	-60	3851.3125
88	-58	3851.28125
88	-56	3850.96875
88	-54	3851.6875
88	-52	3851.4375
88	-50	3850.90625
88	-48	3851.0625
88	-46	3851.53125
88	-44	3851.71875
88	-42	3851.8125
88	-40	3852
88	-38	3851.75
88	-36	3851.28125
88	-34	3851.5625
88	-32	3852.03125
88	-30	3851.78125
88	-28	3851.84375
88	-26	3851.71875
88	-24	3851.90625
88	-22	3851.90625
88	-20	3852.125
88	-18	3851.71875
88	-16	3852.15625
88	-14	3852.5625
88	-12	3851.96875
88	-10	3852.40625
88	-8	3852.625
88	-6	3851.8125
88	-4	3851.8125
88	-2	3851.5625
88	0	3852.28125
88	2	3851.9375
88	4	3851.59375
88	6	3852.25
88	8	3852.3125
88	10	3851.84375
88	12	3852
88	14	3852.625
88	16	3852.25
88	18	3853.15625
88	20	3852.5
88	22	3852.875
88	24	3852.875
88	26	3852.75
88	28	3851.71875
88	30	3852.0625
88	32	3851.78125
88	34	3851.5
88	36	3851.6875
88	38	3851.5625
88	40	3851.40625
88	42	3851.59375
88	44	3851.46875
88	46	3852.125
88	48	3851.375
88	50	3851.0625
88	52	3852.0625
88	54	3851.9375
88	56	3851.09375
88	58	3851.25
88	60	3851.40625
88	62	3851.125
88	64	3851.1875
88	66	3850.875
88	68	3851.28125
88	70	3850.9375
88	72	3851.53125
88	74	3850.71875
88	76	3850.4375
88	78	3850.5
88	80	3850.625
88	82	3850.28125
88	84	3850.46875
88	86	3850.34375
88	88	3850.375
88	90	3849.625
88	92	3849.90625
88	94	3849.875
88	96	3849.78125
88	98	3849.375
92	-290	3763.0625
92	-288	3764.25
92	-286	3766.5
92	-284	3767.90625
92	-282	3770.21875
92	-280	3772.09375
92	-278	3774.0625
92	-276	3776.09375
92	-274	3777.0625
92	-272	3778.6875
92	-270	3779.90625
92	-268	3782.40625
92	-266	3784.3125
92	-264	3785.59375
92	-262	3786.9375
92	-260	3788.03125
92	-258	3789
92	-256	3789.96875
92	-254	3791.40625
92	-252	3792.5625
92	-250	3795.3125
92	-248	3795.65625
92	-246	3796.71875
92	-244	3798.78125
92	-242	3799.84375
92	-240	3801.28125
92	-238	3803.0625
92	-236	3804.25
92	-234	3805.65625
92	-232	3806.96875
92	-230	3808.34375
92	-228	3809.125
92	-226	3810.03125
92	-224	3811.125
92	-222	3811.40625
92	-220	3812.78125
92	-218	3813.78125
92	-216	3815.46875
92	-214	3817.34375
92	-212	3818.125
92	-210	3818.84375
92	-208	3819.28125
92	-206	3819.90625
92	-204	3820.8125
92	-202	3821.53125
92	-200	3822.34375
92	-198	3822.65625
92	-196	3823.5625
92	-194	3825.4375
92	-192	3826.09375
92	-190	3826.21875
92	-188	3827.125
92	-186	3827.375
92	-184	3828.15625
92	-182	3827.46875
92	-180	3828.34375
92	-178	3829
92	-176	3829.53125
92	-174	3829.84375
92	-172	3830.125
92	-170	3831.625
92	-168	3831.84375
92	-166	3832.25
92	-164	3832.375
92	-162	3833.15625
92	-160	3833.5625
92	-158	3834.25
92	-156	3834.78125
92	-154	3835.90625
92	-152	3835.8125
92	-150	3836.5
92	-148	3836.84375
92	-146	3836.8125
92	-144	3836.625
92	-142	3837.625
92	-140	3838.03125
92	-138	3837.78125
92	-136	3838.4375
92	-134	3838.78125
92	-132	3839.03125
92	-130	3840.09375
92	-128	3840.15625
92	-126	3840.28125
92	-124	3840.28125
92	-122	3841.0625
92	-120	3840.5625
92	-118	3840.84375
92	-116	3840.53125
92	-114	3840.75
92	-112	3841.65625
92	-110	3841.84375
92	-108	3841.28125
92	-106	3841.5
92	-104	3842.0625
92	-102	3842.40625
92	-100	3842.65625
92	-98	3842.8125
92	-96	3843.21875
92	-94	3843.90625
92	-92	3843.78125
92	-90	3843.5
92	-88	3843.375
92	-86	3843.1875
92	-84	3843.28125
92	-82	3843.125
92	-80	3843.84375
92	-78	3844.15625
92	-76	3843.65625
92	-74	3844.125
92	-72	3844.53125
92	-70	3844.75
92	-68	3844.53125
92	-66	3844.65625
92	-64	3844.96875
92	-62	3844.6875
92	-60	3845.03125
92	-58	3844.84375
92	-56	3844.9375
92	-54	3845.03125
92	-52	3845.0625
92	-50	3845.3125
92	-48	3845.15625
92	-46	3845.40625
92	-44	3845.6875
92	-42	3846.25
92	-40	3846
92	-38	3846.25
92	-36	3845.875
92	-34	3846.1875
92	-32	3845.90625
92	-30	3845.78125
92	-28	3846.6875
92	-26	3846.21875
92	-24	3846.3125
92	-22	3846.1875
92	-20	3846.84375
92	-18	3846.75
92	-16	3846.53125
92	-14	3846.53125
92	-12	3847.46875
92	-10	3846.25
92	-8	3846.5
92	-6	3847.53125
92	-4	3847.03125
92	-2	3847.3125
92	0	3847.125
92	2	3846.96875
92	4	3847.3125
92	6	3846.5625
92	8	3847.1875
92	10	3847.15625
92	12	3847.03125
92	14	3846.71875
92	16	3846.96875
92	18	3846.5625
92	20	3846.71875
92	22	3846.84375
92	24	3846.90625
92	26	3846.59375
92	28	3846.78125
92	30	3846.84375
92	32	3846.125
92	34	3846.8125
92	36	3846.625
92	38	3846.53125
92	40	3847.9375
92	42	3846.5
92	44	3847.0625
92	46	3847.09375
92	48	3846.1875
92	50	3846.375
92	52	3846.21875
92	54	3846.03125
92	56	3846.09375
92	58	3846.1875
92	60	3845.65625
92	62	3845.75
92	64	3846.21875
92	66	3845.5625
92	68	3845.90625
92	70	3846.09375
92	72	3845.90625
92	74	3845.5
92	76	3845.28125
92	78	3845.1875
92	80	3844.75
92	82	3844.5625
92	84	3845.25
92	86	3845.46875
92	88	3845.46875
92	90	3844.875
92	92	3844.875
92	94	3844.5625
92	96	3844.34375
92	98	3844.1875
96	-290	3762.15625
96	-288	3764.84375
96	-286	3767.40625
96	-284	3769.5625
96	-282	3771.125
96	-280	3771.90625
96	-278	3774
96	-276	3776.1875
96	-274	3778.03125
96	-272	3779.34375
96	-270	3780.1875
96	-268	3782.8125
96	-266	3784.6875
96	-264	3786.1875
96	-262	3786.8125
96	-260	3787.59375
96	-258	3789.15625
96	-256	3790.09375
96	-254	3790.8125
96	-252	3791.9375
96	-250	3794.28125
96	-248	3796.0625
96	-246	3797.4375
96	-244	3799.25
96	-242	3800.375
96	-240	3801.125
96	-238	3801.78125
96	-236	3802.5625
96	-234	3803.84375
96	-232	3805.59375
96	-230	3807.0625
96	-228	3807.5
96	-226	3809.09375
96	-224	3809.625
96	-222	3810.65625
96	-220	3811.1875
96	-218	3811.84375
96	-216	3812.5625
96	-214	3813.59375
96	-212	3814.8125
96	-210	3815.4375
96	-208	3816.21875
96	-206	3817.40625
96	-204	3818.875
96	-202	3818.3125
96	-200	3818.75
96	-198	3819.4375
96	-196	3820.8125
96	-194	3821.09375
96	-192	3821.3125
96	-190	3822.625
96	-188	3823
96	-186	3823.90625
96	-184	3824
96	-182	3824.125
96	-180	3825.40625
96	-178	3826.09375
96	-176	3826.5625
96	-174	3826.75
96	-172	3827.1875
96	-170	3827.21875
96	-168	3828.03125
96	-166	3828.65625
96	-164	3829
96	-162	3829.125
96	-160	3829.59375
96	-158	3829.40625
96	-156	3830.21875
96	-154	3830.09375
96	-152	3830.40625
96	-150	3830.6875
96	-148	3831.4375
96	-146	3831.84375
96	-144	3831.8125
96	-142	3831.71875
96	-140	3832.53125
96	-138	3832.6875
96	-136	3832.34375
96	-134	3833.375
96	-132	3833.46875
96	-130	3832.84375
96	-128	3833.8125
96	-126	3833.84375
96	-124	3834.03125
96	-122	3833.875
96	-120	3834.5
96	-118	3834.6875
96	-116	3834.6875
96	-114	3834.9375
96	-112	3835.125
96	-110	3835.375
96	-108	3835.78125
96	-106	3835.4375
96	-104	3835.96875
96	-102	3835.96875
96	-100	3836
96	-98	3836.375
96	-96	3836.5
96	-94	3836.34375
96	-92	3836.5625
96	-90	3837.25
96	-88	3837.5625
96	-86	3837.5625
96	-84	3837.75
96	-82	3837.71875
96	-80	3837.875
96	-78	3838.34375
96	-76	3837.6875
96	-74	3837.9375
96	-72	3838.34375
96	-70	3838.65625
96	-68	3838.875
96	-66	3838.8125
96	-64	3839.0625
96	-62	3839.75
96	-60	3839.15625
96	-58	3840.125
96	-56	3839.5625
96	-54	3840.0625
96	-52	3839.71875
96	-50	3839.125
96	-48	3840.125
96	-46	3840.28125
96	-44	3840.5625
96	-42	3840.84375
96	-40	3840.28125
96	-38	3840.9375
96	-36	3841.3125
96	-34	3840.8125
96	-32	3840.53125
96	-30	3840.4375
96	-28	3841.5
96	-26	3841.6875
96	-24	3841.09375
96	-22	3840.625
96	-20	3841.1875
96	-18	3841.125
96	-16	3841.0625
96	-14	3840.96875
96	-12	3841.59375
96	-10	3841.09375
96	-8	3841
96	-6	3841.0625
96	-4	3841.9375
96	-2	3841.6875
96	0	3841
96	2	3841
96	4	3841.46875
96	6	3842
96	8	3841.0625
96	10	3840.71875
96	12	3841.5
96	14	3840.8125
96	16	3841.21875
96	18	3841.1875
96	20	3841
96	22	3841.15625
96	24	3841.75
96	26	3840.9375
96	28	3841.15625
96	30	3841.96875
96	32	3841.0625
96	34	3841.90625
96	36	3842.375
96	38	3841.28125
96	40	3841.46875
96	42	3841.34375
96	44	3840.78125
96	46	3841.09375
96	48	3841.3125
96	50	3840.84375
96	52	3840.8125
96	54	3840.8125
96	56	3842.3125
96	58	3841.28125
96	60	3840.96875
96	62	3840.96875
96	64	3840.6875
96	66	3840.8125
96	68	3840.78125
96	70	3840.6875
96	72	3840.90625
96	74	3840.6875
96	76	3840.71875
96	78	3840.53125
96	80	3840.25
96	82	3839.96875
96	84	3841.3125
96	86	3840.09375
96	88	3839.53125
96	90	3839.5625
96	92	3839.65625
96	94	3839.71875
96	96	3839.4375
96	98	3839.46875
100	-290	3766.0625
100	-288	3766.21875
100	-286	3767.53125
100	-284	3769.5
100	-282	3770.90625
100	-280	3774.125
100	-278	3775.59375
100	-276	3776.96875
100	-274	3779.15625
100	-272	3779.875
100	-270	3780.84375
100	-268	3781.71875
100	-266	3783.40625
100	-264	3784.0625
100	-262	3785.65625
100	-260	3788.28125
100	-258	3788.375
100	-256	3789.25
100	-254	3790
100	-252	3791.40625
100	-250	3792.28125
100	-248	3794.6875
100	-246	3795.9375
100	-244	3796.40625
100	-242	3797.34375
100	-240	3798.4375
100	-238	3798.59375
100	-236	3799.71875
100	-234	3801.09375
100	-232	3802.125
100	-230	3802.96875
100	-228	3803.65625
100	-226	3804.625
100	-224	3804.8125
100	-222	3805.53125
100	-220	3807.09375
100	-218	3808.46875
100	-216	3809.9375
100	-214	3810.875
100	-212	3811.40625
100	-210	3811.5625
100	-208	3812.96875
100	-206	3812.125
100	-204	3812.84375
100	-202	3812.6875
100	-200	3813.8125
100	-198	3814.46875
100	-196	3814.6875
100	-194	3815.03125
100	-192	3816.625
100	-190	3817.0625
100	-188	3816.59375
100	-186	3817.78125
100	-184	3818.375
100	-182	3818.46875
100	-180	3818.75
100	-178	3819
100	-176	3819.625
100	-174	3819.8125
100	-172	3820.34375
100	-170	3821.65625
100	-168	3821.5625
100	-166	3821.4375
100	-164	3822.375
100	-162	3822.6875
100	-160	3823.0625
100	-158	3823.34375
100	-156	3823.90625
100	-154	3823.59375
100	-152	3823.5
100	-150	3823.96875
100	-148	3824.03125
100	-146	3824.40625
100	-144	3825.40625
100	-142	3825.15625
100	-140	3825.84375
100	-138	3825.96875
100	-136	3825.96875
100	-134	3826.25
100	-132	3826.09375
100	-130	3826.40625
100	-128	3826.84375
100	-126	3826.625
100	-124	3826.75
100	-122	3827.90625
100	-120	3826.84375
100	-118	3827.40625
100	-116	3827.1875
100	-114	3827.65625
100	-112	3828.1875
100	-110	3828.34375
100	-108	3829.34375
100	-106	3829.1875
100	-104	3829.8125
100	-102	3830.03125
100	-100	3829.375
100	-98	3829.03125
100	-96	3829.21875
100	-94	3829.625
100	-92	3829.78125
100	-90	3830
100	-88	3830.4375
100	-86	3831.15625
100	-84	3831.5625
100	-82	3831.21875
100	-80	3831.28125
100	-78	3831.625
100	-76	3831.875
100	-74	3831.34375
100	-72	3831.9375
100	-70	3831.34375
100	-68	3831.9375
100	-66	3832
100	-64	3832.34375
100	-62	3832.09375
100	-60	3832.59375
100	-58	3832.40625
100	-56	3832.84375
100	-54	3832.53125
100	-52	3833.09375
100	-50	3833.125
100	-48	3833.59375
100	-46	3833.59375
100	-44	3833.90625
100	-42	3833.40625
100	-40	3834
100	-38	3834.09375
100	-36	3834.8125
100	-34	3834.21875
100	-32	3834.53125
100	-30	3834.09375
100	-28	3834.46875
100	-26	3834.25
100	-24	3834.53125
100	-22	3834.3125
100	-20	3834.46875
100	-18	3834.65625
100	-16	3834.375
100	-14	3834
100	-12	3834.90625
100	-10	3834.46875
100	-8	3834.75
100	-6	3833.625
100	-4	3834.46875
100	-2	3835.125
100	0	3834.46875
100	2	3834.5
100	4	3834.6875
100	6	3834.90625
100	8	3834.90625
100	10	3835.46875
100	12	3834.6875
100	14	3835.25
100	16	3834.46875
100	18	3835.09375
100	20	3835.34375
100	22	3835.28125
100	24	3835
100	26	3836
100	28	3834.5625
100	30	3834.875
100	32	3834.78125
100	34	3834.6875
100	36	3834.84375
100	38	3834.6875
100	40	3835.125
100	42	3834.9375
100	44	3835.09375
100	46	3835.28125
100	48	3835.15625
100	50	3835.5
100	52	3835.5
100	54	3835.375
100	56	3835.9375
100	58	3834.40625
100	60	3834.8125
100	62	3834.75
100	64	3834.1875
100	66	3834.90625
100	68	3833.59375
100	70	3834.09375
100	72	3833.9375
100	74	3833.84375
100	76	3834
100	78	3833.875
100	80	3833.5625
100	82	3833.84375
100	84	3833.90625
100	86	3832.9375
100	88	3833.6875
100	90	3832.90625
100	92	3833.59375
100	94	3833.40625
100	96	3833.4375
100	98	3832.96875
104	-290	3765.09375
104	-288	3766.34375
104	-286	3767.71875
104	-284	3770.09375
104	-282	3771.875
104	-280	3774.09375
104	-278	3775.09375
104	-276	3776.1875
104	-274	3777.34375
104	-272	3778.875
104	-270	3780
104	-268	3781.125
104	-266	3781.40625
104	-264	3783.3125
104	-262	3784.4375
104	-260	3785.8125
104	-258	3786.46875
104	-256	3787.5625
104	-254	3788.46875
104	-252	3789.59375
104	-250	3791.34375
104	-248	3792.75
104	-246	3792.8125
104	-244	3793
104	-242	3793.34375
104	-240	3794.53125
104	-238	3794.6875
104	-236	3796.71875
104	-234	3796.75
104	-232	3797.40625
104	-230	3798.21875
104	-228	3799.21875
104	-226	3799.625
104	-224	3800.8125
104	-222	3802.375
104	-220	3802.53125
104	-218	3803.15625
104	-216	3803.9375
104	-214	3804.0625
104	-212	3805.28125
104	-210	3805.65625
104	-208	3806.53125
104	-206	3806.90625
104	-204	3807.40625
104	-202	3807.71875
104	-200	3809.03125
104	-198	3809.25
104	-196	3810
104	-194	3811.3125
104	-192	3811.03125
104	-190	3811.53125
104	-188	3813.03125
104	-186	3812.34375
104	-184	3812.5625
104	-182	3813.875
104	-180	3812.5625
104	-178	3813.3125
104	-176	3812.9375
104	-174	3814.03125
104	-172	3814.4375
104	-170	3814.875
104	-168	3814.9375
104	-166	3815.25
104	-164	3815.84375
104	-162	3816.03125
104	-160	3816.5
104	-158	3817.96875
104	-156	3817.0625
104	-154	3817.3125
104	-152	3816.5625
104	-150	3816.96875
104	-148	3817.96875
104	-146	3818.28125
104	-144	3818.46875
104	-142	3818.625
104	-140	3819.46875
104	-138	3819.125
104	-136	3820.125
104	-134	3820.21875
104	-132	3820.09375
104	-130	3819.75
104	-128	3820.71875
104	-126	3821.46875
104	-124	3821.15625
104	-122	3820.96875
104	-120	3820.375
104	-118	3820.3125
104	-116	3821.0625
104	-114	3820.84375
104	-112	3821.375
104	-110	3821.96875
104	-108	3822.25
104	-106	3821.90625
104	-104	3822.40625
104	-102	3822.28125
104	-100	3823.125
104	-98	3823.3125
104	-96	3823.5625
104	-94	3824.34375
104	-92	3824.25
104	-90	3824.71875
104	-88	3825.125
104	-86	3824.90625
104	-84	3824.875
104	-82	3825.0625
104	-80	3824.21875
104	-78	3825.1875
104	-76	3824.96875
104	-74	3825.125
104	-72	3824.6875
104	-70	3825.71875
104	-68	3826.5
104	-66	3826
104	-64	3826.5625
104	-62	3826.59375
104	-60	3826.4375
104	-58	3826.125
104	-56	3826.25
104	-54	3826.90625
104	-52	3826.90625
104	-50	3827.65625
104	-48	3826.03125
104	-46	3826.71875
104	-44	3826.59375
104	-42	3826.03125
104	-40	3827.40625
104	-38	3826.96875
104	-36	3826.9375
104	-34	3826.375
104	-32	3827.3125
104	-30	3826.59375
104	-28	3827
104	-26	3826.71875
104	-24	3827.3125
104	-22	3827.15625
104	-20	3827.71875
104	-18	3827.46875
104	-16	3827.4375
104	-14	3826.9375
104	-12	3827.34375
104	-10	3827.8125
104	-8	3828.5
104	-6	3828.3125
104	-4	3828.40625
104	-2	3828.25
104	0	3828.5
104	2	3828.4375
104	4	3828.8125
104	6	3828.125
104	8	3828.84375
104	10	3828.78125
104	12	3828.5625
104	14	3828.71875
104	16	3827.625
104	18	3828.5625
104	20	3828.15625
104	22	3827.59375
104	24	3828.21875
104	26	3828.28125
104	28	3828.21875
104	30	3828.34375
104	32	3828.09375
104	34	3828.03125
104	36	3827.75
104	38	3828.1875
104	40	3829.4375
104	42	3828.59375
104	44	3828.78125
104	46	3828.15625
104	48	3828.5
104	50	3827.6875
104	52	3827.28125
104	54	3827.40625
104	56	3827.59375
104	58	3827.53125
104	60	3827.0625
104	62	3827.375
104	64	3827.625
104	66	3827.34375
104	68	3827.15625
104	70	3827.71875
104	72	3826.875
104	74	3827.8125
104	76	3826.875
104	78	3827.0625
104	80	3827.1875
104	82	3827.21875
104	84	3827.4375
104	86	3827.5625
104	88	3826.46875
104	90	3825.6875
104	92	3825.5625
104	94	3825.75
104	96	3825.46875
104	98	3825.3125
108	-290	3766.03125
108	-288	3767.84375
108	-286	3768.90625
108	-284	3769.875
108	-282	3770.71875
108	-280	3772.65625
108	-278	3773.1875
108	-276	3774.65625
108	-274	3776.125
108	-272	3776.3125
108	-270	3777.25
108	-268	3777.71875
108	-266	3779.125
108	-264	3779.1875
108	-262	3780.3125
108	-260	3781.875
108	-258	3782.0625
108	-256	3784.125
108	-254	3783.9375
108	-252	3784.5625
108	-250	3785.28125
108	-248	3786
108	-246	3787.5625
108	-244	3788.8125
108	-242	3789.28125
108	-240	3790.09375
108	-238	3791.1875
108	-236	3791.09375
108	-234	3791.9375
108	-232	3792.78125
108	-230	3792.8125
108	-228	3793.28125
108	-226	3794.0625
108	-224	3795.46875
108	-222	3795.34375
108	-220	3795.6875
108	-218	3796.875
108	-216	3797.375
108	-214	3796.5
108	-212	3797.5
108	-210	3797.9375
108	-208	3800.25
108	-206	3799.9375
108	-204	3800.875
108	-202	3801.53125
108	-200	3802.1875
108	-198	3803.25
108	-196	3803.40625
108	-194	3803.71875
108	-192	3804.4375
108	-190	3804.59375
108	-188	3804.375
108	-186	3804.90625
108	-184	3805.03125
108	-182	3806.0625
108	-180	3806.75
108	-178	3805.84375
108	-176	3806.96875
108	-174	3806.46875
108	-172	3807
108	-170	3808.15625
108	-168	3807.71875
108	-166	3808.84375
108	-164	3808.3125
108	-162	3809
108	-160	3808.71875
108	-158	3808.28125
108	-156	3809.6875
108	-154	3808.8125
108	-152	3809.40625
108	-150	3809.59375
108	-148	3810.46875
108	-146	3811.46875
108	-144	3811.90625
108	-142	3812.1875
108	-140	3811.3125
108	-138	3811.4375
108	-136	3811.34375
108	-134	3811.875
108	-132	3812.21875
108	-130	3811.84375
108	-128	3812.09375
108	-126	3812.375
108	-124	3813.125
108	-122	3813.1875
108	-120	3814
108	-118	3814.5625
108	-116	3814.15625
108	-114	3814.34375
108	-112	3813.53125
108	-110	3814.84375
108	-108	3814.4375
108	-106	3814.71875
108	-104	3815.84375
108	-102	3815.71875
108	-100	3815.5
108	-98	3815.65625
108	-96	3816.4375
108	-94	3817.40625
108	-92	3815.90625
108	-90	3816.5
108	-88	3817.625
108	-86	3818.9375
108	-84	3817.03125
108	-82	3817.125
108	-80	3817.3125
108	-78	3817.46875
108	-76	3818.0625
108	-74	3819.1875
108	-72	3818.25
108	-70	3817.0625
108	-68	3817.5
108	-66	3817.75
108	-64	3818.65625
108	-62	3817.71875
108	-60	3817.71875
108	-58	3818.75
108	-56	3817.96875
108	-54	3818.0625
108	-52	3818.09375
108	-50	3818.5625
108	-48	3818.9375
108	-46	3818.75
108	-44	3818.4375
108	-42	3818.25
108	-40	3819.03125
108	-38	3818.53125
108	-36	3818.28125
108	-34	3819.125
108	-32	3819.25
108	-30	3820.4375
108	-28	3819.21875
108	-26	3819.46875
108	-24	3819.09375
108	-22	3819.53125
108	-20	3819.65625
108	-18	3820
108	-16	3819.21875
108	-14	3820.4375
108	-12	3820.4375
108	-10	3821.375
108	-8	3820
108	-6	3820.625
108	-4	3819.96875
108	-2	3821.03125
108	0	3820.03125
108	2	3819.8125
108	4	3819.78125
108	6	3819.65625
108	8	3820
108	10	3820.71875
108	12	3820
108	14	3820.34375
108	16	3820.28125
108	18	3820.28125
108	20	3820.34375
108	22	3820.90625
108	24	3820.53125
108	26	3820.8125
108	28	3820.3125
108	30	3820.4375
108	32	3819.84375
108	34	3820.15625
108	36	3819.5
108	38	3820.15625
108	40	3820.71875
108	42	3820.84375
108	44	3819.71875
108	46	3820.125
108	48	3820.25
108	50	3820.84375
108	52	3819.5
108	54	3819.53125
108	56	3820.5
108	58	3819.65625
108	60	3820.21875
108	62	3820.4375
108	64	3818.9375
108	66	3819.53125
108	68	3820.09375
108	70	3819
108	72	3819.40625
108	74	3819.46875
108	76	3819.6875
108	78	3819.71875
108	80	3818.875
108	82	3818.4375
108	84	3818.15625
108	86	3818.875
108	88	3818.9375
108	90	3818.28125
108	92	3817.875
108	94	3818.3125
108	96	3818.25
108	98	3818.09375
112	-290	3765
112	-288	3766.53125
112	-286	3766.59375
112	-284	3766.9375
112	-282	3768.6875
112	-280	3769.71875
112	-278	3770.59375
112	-276	3771.0625
112	-274	3771.8125
112	-272	3773.25
112	-270	3774.9375
112	-268	3774.34375
112	-266	3776.1875
112	-264	3776
112	-262	3777.46875
112	-260	3778.3125
112	-258	3778.78125
112	-256	3779.625
112	-254	3780
112	-252	3781.15625
112	-250	3781.34375
112	-248	3781.34375
112	-246	3782.8125
112	-244	3783.375
112	-242	3784.15625
112	-240	3785.46875
112	-238	3783.90625
112	-236	3784.21875
112	-234	3785.125
112	-232	3785.25
112	-230	3787.46875
112	-228	3787.65625
112	-226	3786.65625
112	-224	3787.1875
112	-222	3787.75
112	-220	3788.59375
112	-218	3788.90625
112	-216	3790.875
112	-214	3790.34375
112	-212	3791.0625
112	-210	3791.125
112	-208	3792.46875
112	-206	3793.625
112	-204	3792.53125
112	-202	3794
112	-200	3794.21875
112	-198	3793.1875
112	-196	3794.6875
112	-194	3795.21875
112	-192	3795.1875
112	-190	3796.03125
112	-188	3796.71875
112	-186	3796.59375
112	-184	3797.65625
112	-182	3798.53125
112	-180	3798.3125
112	-178	3798.78125
112	-176	3799.9375
112	-174	3798.59375
112	-172	3798.84375
112	-170	3798.59375
112	-168	3799.4375
112	-166	3799.96875
112	-164	3800.1875
112	-162	3800.125
112	-160	3801.5
112	-158	3800.53125
112	-156	3801
112	-154	3801.21875
112	-152	3801.75
112	-150	3801.9375
112	-148	3803.0625
112	-146	3802.40625
112	-144	3803.46875
112	-142	3804.5625
112	-140	3805.65625
112	-138	3804.09375
112	-136	3804.4375
112	-134	3804.53125
112	-132	3804.78125
112	-130	3805.125
112	-128	3805.5
112	-126	3805.5625
112	-124	3805.625
112	-122	3806.28125
112	-120	3806.46875
112	-118	3806.25
112	-116	3807.15625
112	-114	3806.75
112	-112	3807.46875
112	-110	3806.53125
112	-108	3807.0625
112	-106	3806.875
112	-104	3806.40625
112	-102	3807.8125
112	-100	3807.90625
112	-98	3807.5
112	-96	3809.5625
112	-94	3809.375
112	-92	3809.3125
112	-90	3809.28125
112	-88	3808.34375
112	-86	3809.84375
112	-84	3810.59375
112	-82	3809.03125
112	-80	3810.21875
112	-78	3809.90625
112	-76	3810.1875
112	-74	3809.9375
112	-72	3810.71875
112	-70	3809.59375
112	-68	3809.40625
112	-66	3809.34375
112	-64	3810.3125
112	-62	3810.34375
112	-60	3809.65625
112	-58	3810.59375
112	-56	3810.625
112	-54	3810.4375
112	-52	3809.84375
112	-50	3810.40625
112	-48	3809.96875
112	-46	3809.71875
112	-44	3809.90625
112	-42	3810.28125
112	-40	3811
112	-38	3811.25
112	-36	3810.625
112	-34	3810.84375
112	-32	3810.8125
112	-30	3810.40625
112	-28	3811.8125
112	-26	3810.84375
112	-24	3811.71875
112	-22	3811.71875
112	-20	3811.21875
112	-18	3811.375
112	-16	3812.4375
112	-14	3811.4375
112	-12	3811.4375
112	-10	3811.9375
112	-8	3811.125
112	-6	3811.46875
112	-4	3811.65625
112	-2	3812.90625
112	0	3812.25
112	2	3812.625
112	4	3812.53125
112	6	3811.90625
112	8	3811.1875
112	10	3812.5625
112	12	3811.71875
112	14	3813.0625
112	16	3812.5625
112	18	3812.875
112	20	3813.78125
112	22	3812.9375
112	24	3813.40625
112	26	3813.40625
112	28	3813.53125
112	30	3812.65625
112	32	3813.03125
112	34	3813.21875
112	36	3812.71875
112	38	3813.375
112	40	3813.1875
112	42	3813.4375
112	44	3812.40625
112	46	3812.46875
112	48	3813.4375
112	50	3812.84375
112	52	3812.59375
112	54	3812.875
112	56	3813.09375
112	58	3812.4375
112	60	3813.1875
112	62	3812.8125
112	64	3813.28125
112	66	3812.71875
112	68	3812.6875
112	70	3812.59375
112	72	3812.25
112	74	3812.6875
112	76	3813.40625
112	78	3813.09375
112	80	3812.90625
112	82	3812.4375
112	84	3812.8125
112	86	3813.09375
112	88	3812.21875
112	90	3811.8125
112	92	3812.03125
112	94	3811.875
112	96	3811.28125
112	98	3813.03125
116	-290	3756.28125
116	-288	3758.3125
116	-286	3757.71875
116	-284	3759.90625
116	-282	3760.03125
116	-280	3760.40625
116	-278	3761.40625
116	-276	3763.1875
116	-274	3763.84375
116	-272	3766.0625
116	-270	3765.96875
116	-268	3766.90625
116	-266	3768.3125
116	-264	3768.53125
116	-262	3769.03125
116	-260	3772.09375
116	-258	3770.96875
116	-256	3772.65625
116	-254	3772.625
116	-252	3772.59375
116	-250	3774.09375
116	-248	3775.90625
116	-246	3775.6875
116	-244	3775.15625
116	-242	3775.25
116	-240	3776.25
116	-238	3776.09375
116	-236	3776.375
116	-234	3777.90625
116	-232	3778.65625
116	-230	3779.65625
116	-228	3780.5
116	-226	3780.75
116	-224	3781.6875
116	-222	3782.15625
116	-220	3781.59375
116	-218	3782.03125
116	-216	3781.65625
116	-214	3781.8125
116	-212	3781.75
116	-210	3783.125
116	-208	3783.84375
116	-206	3783.21875
116	-204	3785.28125
116	-202	3785.5
116	-200	3786.59375
116	-198	3786.21875
116	-196	3785.65625
116	-194	3786.59375
116	-192	3785.75
116	-190	3786.71875
116	-188	3788.15625
116	-186	3787.625
116	-184	3788.625
116	-182	3788.625
116	-180	3788.65625
116	-178	3789.25
116	-176	3788.65625
116	-174	3789.03125
116	-172	3789.4375
116	-170	3790.21875
116	-168	3790.875
116	-166	3790.28125
116	-164	3790.21875
116	-162	3790.34375
116	-160	3791.71875
116	-158	3791.4375
116	-156	3791.125
116	-154	3791.53125
116	-152	3791.6875
116	-150	3792.75
116	-148	3793
116	-146	3793.90625
116	-144	3792.6875
116	-142	3795.21875
116	-140	3792.46875
116	-138	3793.03125
116	-136	3794.3125
116	-134	3793.46875
116	-132	3794.15625
116	-130	3794.84375
116	-128	3793.625
116	-126	3793.78125
116	-124	3794.3125
116	-122	3794.71875
116	-120	3795.96875
116	-118	3795.09375
116	-116	3794.96875
116	-114	3794.5
116	-112	3795.46875
116	-110	3796.0625
116	-108	3794.96875
116	-106	3794.90625
116	-104	3794.71875
116	-102	3795.1875
116	-100	3795.34375
116	-98	3795
116	-96	3795.21875
116	-94	3795.6875
116	-92	3795.875
116	-90	3796.03125
116	-88	3797.375
116	-86	3796.3125
116	-84	3796.3125
116	-82	3796.90625
116	-80	3796.53125
116	-78	3797
116	-76	3797.65625
116	-74	3798.375
116	-72	3797.5625
116	-70	3799
116	-68	3799.125
116	-66	3799.4375
116	-64	3797.84375
116	-62	3798.5625
116	-60	3798.09375
116	-58	3797.34375
116	-56	3797.96875
116	-54	3799.125
116	-52	3798.34375
116	-50	3797.8125
116	-48	3798.5625
116	-46	3798.15625
116	-44	3798.40625
116	-42	3799.5625
116	-40	3798.5625
116	-38	3800.09375
116	-36	3801.03125
116	-34	3800.78125
116	-32	3800.5
116	-30	3800.4375
116	-28	3801.625
116	-26	3801.53125
116	-24	3800.8125
116	-22	3801.53125
116	-20	3802.96875
116	-18	3801.15625
116	-16	3800.75
116	-14	3802.46875
116	-12	3801.09375
116	-10	3799.90625
116	-8	3801.34375
116	-6	3801.15625
116	-4	3801.0625
116	-2	3801.34375
116	0	3800.6875
116	2	3801.09375
116	4	3799.875
116	6	3800.96875
116	8	3800.5625
116	10	3800.5625
116	12	3800.40625
116	14	3800.4375
116	16	3800.46875
116	18	3800.8125
116	20	3800.28125
116	22	3800.03125
116	24	3800.21875
116	26	3800.4375
116	28	3800.40625
116	30	3800.34375
116	32	3800.53125
116	34	3799.90625
116	36	3800.59375
116	38	3801.4375
116	40	3801.0625
116	42	3800.25
116	44	3800.71875
116	46	3801.1875
116	48	3801.6875
116	50	3800.9375
116	52	3800.84375
116	54	3802.25
116	56	3800.5625
116	58	3800.21875
116	60	3800.9375
116	62	3801.21875
116	64	3799.71875
116	66	3799.71875
116	68	3799.75
116	70	3799.59375
116	72	3800
116	74	3800.125
116	76	3799.78125
116	78	3798.8125
116	80	3799.0625
116	82	3799.53125
116	84	3798.84375
116	86	3797.84375
116	88	3799.3125
116	90	3798.4375
116	92	3798.21875
116	94	3797.4375
116	96	3799.8125
116	98	3796.65625
120	-290	3741.71875
120	-288	3742.15625
120	-286	3742.4375
120	-284	3743.28125
120	-282	3744.78125
120	-280	3745.0625
120	-278	3745.0625
120	-276	3746
120	-274	3748.03125
120	-272	3747.78125
120	-270	3747.96875
120	-268	3750.53125
120	-266	3749.5625
120	-264	3749.53125
120	-262	3750
120	-260	3750.40625
120	-258	3750.875
120	-256	3753.28125
120	-254	3751.9375
120	-252	3752.625
120	-250	3752.4375
120	-248	3752.90625
120	-246	3754.6875
120	-244	3755.375
120	-242	3755.25
120	-240	3755.03125
120	-238	3755.90625
120	-236	3756.375
120	-234	3756.03125
120	-232	3756.0625
120	-230	3756.9375
120	-228	3757.03125
120	-226	3757.375
120	-224	3759.21875
120	-222	3757.8125
120	-220	3758.625
120	-218	3760.46875
120	-216	3760.75
120	-214	3760.3125
120	-212	3761.09375
120	-210	3762.40625
120	-208	3762.21875
120	-206	3761.78125
120	-204	3761.125
120	-202	3762.125
120	-200	3762.28125
120	-198	3764.53125
120	-196	3762.53125
120	-194	3763.8125
120	-192	3764.59375
120	-190	3766.0625
120	-188	3764.75
120	-186	3767.4375
120	-184	3765.625
120	-182	3766.65625
120	-180	3765.125
120	-178	3765.65625
120	-176	3766.90625
120	-174	3766.40625
120	-172	3767.1875
120	-170	3767.9375
120	-168	3766.8125
120	-166	3768.3125
120	-164	3768.15625
120	-162	3767.8125
120	-160	3768.21875
120	-158	3767.3125
120	-156	3768.15625
120	-154	3769.1875
120	-152	3769.8125
120	-150	3769.21875
120	-148	3769.40625
120	-146	3769.6875
120	-144	3769.34375
120	-142	3769.75
120	-140	3770.3125
120	-138	3769.75
120	-136	3770.125
120	-134	3772.375
120	-132	3769.96875
120	-130	3771.1875
120	-128	3770.5625
120	-126	3771.8125
120	-124	3771.15625
120	-122	3772.375
120	-120	3770.71875
120	-118	3773.0625
120	-116	3772.25
120	-114	3773.875
120	-112	3772.75
120	-110	3771.65625
120	-108	3774.15625
120	-106	3774.46875
120	-104	3775.46875
120	-102	3773.65625
120	-100	3773.21875
120	-98	3772.625
120	-96	3773.90625
120	-94	3774.15625
120	-92	3774.5625
120	-90	3774.625
120	-88	3778.21875
120	-86	3775.40625
120	-84	3775.03125
120	-82	3774.53125
120	-80	3774.71875
120	-78	3774.90625
120	-76	3775.4375
120	-74	3774.9375
120	-72	3775.09375
120	-70	3775.59375
120	-68	3774.96875
120	-66	3775.3125
120	-64	3775.125
120	-62	3776.875
120	-60	3775.28125
120	-58	3776.4375
120	-56	3778.5625
120	-54	3776.09375
120	-52	3775.875
120	-50	3779
120	-48	3777.0625
120	-46	3777.96875
120	-44	3778.21875
120	-42	3776.78125
120	-40	3777.34375
120	-38	3779.03125
120	-36	3778.15625
120	-34	3777.375
120	-32	3778.375
120	-30	3778.1875
120	-28	3778.84375
120	-26	3779.3125
120	-24	3778.5
120	-22	3783.0625
120	-20	3777.78125
120	-18	3778.28125
120	-16	3777.40625
120	-14	3778.59375
120	-12	3778.53125
120	-10	3777.78125
120	-8	3778.40625
120	-6	3778.0625
120	-4	3779.375
120	-2	3777.6875
120	0	3779.0625
120	2	3778.6875
120	4	3780.78125
120	6	3779.15625
120	8	3779.75
120	10	3778.71875
120	12	3778
120	14	3779.59375
120	16	3779.5
120	18	3779.84375
120	20	3778.625
120	22	3778.8125
120	24	3779.125
120	26	3778.71875
120	28	3777.5625
120	30	3779.5
120	32	3779.5625
120	34	3778.5
120	36	3779.625
120	38	3778.21875
120	40	3778.40625
120	42	3780.40625
120	44	3778.4375
120	46	3777.28125
120	48	3778.9375
120	50	3778.46875
120	52	3778.9375
120	54	3779
120	56	3778.5
120	58	3777.25
120	60	3780.03125
120	62	3778.375
120	64	3779.09375
120	66	3778.4375
120	68	3777.96875
120	70	3779.84375
120	72	3777.25
120	74	3778.0625
120	76	3778.125
120	78	3777.96875
120	80	3777.75
120	82	3777.3125
120	84	3778.28125
120	86	3776.9375
120	88	3777.15625
120	90	3777.90625
120	92	3778.75
120	94	3777.96875
120	96	3776
120	98	3776.375
