64	-290	2675.5
64	-288	2676
64	-286	2687.5
64	-284	2703.5
64	-282	2713.5
64	-280	2719
64	-278	2726.5
64	-276	2733.5
64	-274	2753
64	-272	2758
64	-270	2763
64	-268	2789
64	-266	2797
64	-264	2796.5
64	-262	2800.5
64	-260	2809
64	-258	2813
64	-256	2813.5
64	-254	2830.5
64	-252	2836
64	-250	2840
64	-248	2844
64	-246	2856.5
64	-244	2859.5
64	-242	2860
64	-240	2873.5
64	-238	2872.5
64	-236	2873.5
64	-234	2880
64	-232	2888.5
64	-230	2888
64	-228	2891.5
64	-226	2893.5
64	-224	2905.5
64	-222	2906.5
64	-220	2910
64	-218	2916
64	-216	2919
64	-214	2933.5
64	-212	2934.5
64	-210	2944
64	-208	2946.5
64	-206	2949.5
64	-204	2948.5
64	-202	2954
64	-200	2952.5
64	-198	2956
64	-196	2955
64	-194	2956
64	-192	2956.5
64	-190	2963.5
64	-188	2961.5
64	-186	2960.5
64	-184	2966
64	-182	2974.5
64	-180	2975
64	-178	2976.5
64	-176	2976
64	-174	2976.5
64	-172	2977.5
64	-170	2980
64	-168	2982
64	-166	2985
64	-164	2991
64	-162	2989.5
64	-160	2992.5
64	-158	2995
64	-156	3002.5
64	-154	3001.5
64	-152	2998.5
64	-150	2998.5
64	-148	3004
64	-146	3011
64	-144	3009.5
64	-142	3015
64	-140	3013
64	-138	3015
64	-136	3015.5
64	-134	3018.5
64	-132	3019
64	-130	3021.5
64	-128	3022.5
64	-126	3022.5
64	-124	3022.5
64	-122	3021.5
64	-120	3022
64	-118	3024
64	-116	3025
64	-114	3025.5
64	-112	3027
64	-110	3023.5
64	-108	3024
64	-106	3023
64	-104	3024
64	-102	3025
64	-100	3024
64	-98	3028
64	-96	3028.5
64	-94	3028
64	-92	3023.5
64	-90	3026
64	-88	3028
64	-86	3028.5
64	-84	3029.5
64	-82	3029
64	-80	3030
64	-78	3031.5
64	-76	3031
64	-74	3029.5
64	-72	3032.5
64	-70	3034.5
64	-68	3033
64	-66	3032
64	-64	3036
64	-62	3035.5
64	-60	3035.5
64	-58	3035.5
64	-56	3035.5
64	-54	3036.5
64	-52	3038.5
64	-50	3038
64	-48	3038
64	-46	3039.5
64	-44	3038.5
64	-42	3037
64	-40	3036
64	-38	3037
64	-36	3036.5
64	-34	3037.5
64	-32	3039.5
64	-30	3036
64	-28	3038
64	-26	3037.5
64	-24	3038
64	-22	3038
64	-20	3039
64	-18	3038.5
64	-16	3038
64	-14	3037.5
64	-12	3039
64	-10	3039
64	-8	3040.5
64	-6	3038.5
64	-4	3040.5
64	-2	3040.5
64	0	3038.5
64	2	3039
64	4	3040
64	6	3039
64	8	3039
64	10	3037.5
64	12	3038.5
64	14	3039.5
64	16	3041
64	18	3038
64	20	3039
64	22	3040.5
64	24	3039
64	26	3039.5
64	28	3039.5
64	30	3039
64	32	3040
64	34	3040
64	36	3040
64	38	3040
64	40	3040.5
64	42	3040
64	44	3039
64	46	3039
64	48	3037.5
64	50	3037
64	52	3039
64	54	3039
64	56	3038
64	58	3037
64	60	3035.5
64	62	3037.5
64	64	3036
64	66	3037
64	68	3033.5
64	70	3036
64	72	3036
64	74	3035.5
64	76	3036
64	78	3035.5
64	80	3036.5
64	82	3035
64	84	3035
64	86	3037
64	88	3036
64	90	3036.5
64	92	3037
64	94	3033.5
64	96	3035
64	98	3035
68	-290	2670
68	-288	2689.5
68	-286	2690
68	-284	2702.5
68	-282	2714
68	-280	2716.5
68	-278	2731
68	-276	2764.5
68	-274	2771.5
68	-272	2777.5
68	-270	2780.5
68	-268	2778.5
68	-266	2785
68	-264	2791.5
68	-262	2791.5
68	-260	2805
68	-258	2806.5
68	-256	2807.5
68	-254	2820
68	-252	2837.5
68	-250	2838
68	-248	2840.5
68	-246	2845
68	-244	2852.5
68	-242	2856
68	-240	2870
68	-238	2870.5
68	-236	2877
68	-234	2878.5
68	-232	2889.5
68	-230	2892
68	-228	2893
68	-226	2898.5
68	-224	2896
68	-222	2903.5
68	-220	2915.5
68	-218	2919
68	-216	2919.5
68	-214	2928
68	-212	2935.5
68	-210	2938
68	-208	2945.5
68	-206	2948
68	-204	2952
68	-202	2953
68	-200	2955
68	-198	2954.5
68	-196	2955.5
68	-194	2956
68	-192	2961
68	-190	2959
68	-188	2959.5
68	-186	2966
68	-184	2965
68	-182	2966.5
68	-180	2968
68	-178	2971.5
68	-176	2969.5
68	-174	2970.5
68	-172	2970.5
68	-170	2976
68	-168	2977.5
68	-166	2981.5
68	-164	2982
68	-162	2987.5
68	-160	2990
68	-158	3001
68	-156	3005.5
68	-154	3006
68	-152	3006
68	-150	3006.5
68	-148	3007.5
68	-146	3008.5
68	-144	3007.5
68	-142	3007
68	-140	3013
68	-138	3012.5
68	-136	3012.5
68	-134	3016.5
68	-132	3022
68	-130	3016
68	-128	3020.5
68	-126	3019.5
68	-124	3023.5
68	-122	3021.5
68	-120	3024.5
68	-118	3025
68	-116	3023.5
68	-114	3023.5
68	-112	3024
68	-110	3025.5
68	-108	3021.5
68	-106	3025
68	-104	3024.5
68	-102	3025.5
68	-100	3025.5
68	-98	3026.5
68	-96	3027.5
68	-94	3025.5
68	-92	3029
68	-90	3028
68	-88	3030
68	-86	3027
68	-84	3023.5
68	-82	3028
68	-80	3025.5
68	-78	3028.5
68	-76	3031.5
68	-74	3030.5
68	-72	3029
68	-70	3031
68	-68	3032.5
68	-66	3031.5
68	-64	3031.5
68	-62	3033.5
68	-60	3034.5
68	-58	3031.5
68	-56	3032
68	-54	3034
68	-52	3035.5
68	-50	3034.5
68	-48	3034
68	-46	3033
68	-44	3034.5
68	-42	3037
68	-40	3034.5
68	-38	3036.5
68	-36	3037
68	-34	3037
68	-32	3037
68	-30	3036
68	-28	3037.5
68	-26	3034.5
68	-24	3037
68	-22	3036.5
68	-20	3038
68	-18	3038
68	-16	3036
68	-14	3036.5
68	-12	3038
68	-10	3036.5
68	-8	3035
68	-6	3039
68	-4	3040
68	-2	3037.5
68	0	3036
68	2	3036
68	4	3039
68	6	3038
68	8	3038
68	10	3036.5
68	12	3035
68	14	3037.5
68	16	3037
68	18	3036.5
68	20	3037
68	22	3033
68	24	3037
68	26	3037.5
68	28	3036.5
68	30	3041
68	32	3038.5
68	34	3039
68	36	3039.5
68	38	3039
68	40	3037
68	42	3039.5
68	44	3036.5
68	46	3039
68	48	3038
68	50	3036.5
68	52	3037.5
68	54	3037
68	56	3036
68	58	3034
68	60	3033.5
68	62	3033.5
68	64	3034.5
68	66	3035.5
68	68	3034.5
68	70	3034
68	72	3034.5
68	74	3032.5
68	76	3031.5
68	78	3033
68	80	3032.5
68	82	3033
68	84	3033.5
68	86	3031.5
68	88	3032.5
68	90	3032
68	92	3032
68	94	3032.5
68	96	3029
68	98	3031.5
72	-290	2647
72	-288	2656.5
72	-286	2667
72	-284	2673
72	-282	2705.5
72	-280	2726
72	-278	2732.5
72	-276	2743.5
72	-274	2755.5
72	-272	2765
72	-270	2773.5
72	-268	2780
72	-266	2782.5
72	-264	2784
72	-262	2790.5
72	-260	2798
72	-258	2809.5
72	-256	2828.5
72	-254	2830
72	-252	2835.5
72	-250	2840
72	-248	2843
72	-246	2848
72	-244	2857
72	-242	2860.5
72	-240	2865
72	-238	2869
72	-236	2873
72	-234	2883
72	-232	2884.5
72	-230	2890
72	-228	2893.5
72	-226	2900
72	-224	2904
72	-222	2905
72	-220	2906.5
72	-218	2905
72	-216	2913.5
72	-214	2916
72	-212	2919
72	-210	2923.5
72	-208	2932.5
72	-206	2935
72	-204	2937
72	-202	2942
72	-200	2945.5
72	-198	2952
72	-196	2953
72	-194	2954
72	-192	2953.5
72	-190	2960.5
72	-188	2962
72	-186	2966.5
72	-184	2970
72	-182	2971.5
72	-180	2968
72	-178	2971.5
72	-176	2974
72	-174	2974
72	-172	2976
72	-170	2975
72	-168	2973
72	-166	2982.5
72	-164	2983.5
72	-162	2986
72	-160	2985
72	-158	2985.5
72	-156	2992
72	-154	2992
72	-152	2993.5
72	-150	2997.5
72	-148	3001
72	-146	2999.5
72	-144	3004
72	-142	3005
72	-140	3007.5
72	-138	3006.5
72	-136	3009.5
72	-134	3010
72	-132	3015
72	-130	3012.5
72	-128	3013.5
72	-126	3014
72	-124	3014.5
72	-122	3018.5
72	-120	3020.5
72	-118	3020.5
72	-116	3022
72	-114	3023
72	-112	3023
72	-110	3017
72	-108	3026.5
72	-106	3025
72	-104	3023
72	-102	3022.5
72	-100	3023.5
72	-98	3030
72	-96	3027
72	-94	3027.5
72	-92	3029
72	-90	3029.5
72	-88	3028.5
72	-86	3026
72	-84	3026.5
72	-82	3031
72	-80	3030
72	-78	3030.5
72	-76	3031.5
72	-74	3029.5
72	-72	3031.5
72	-70	3028.5
72	-68	3030.5
72	-66	3029
72	-64	3030.5
72	-62	3031
72	-60	3031
72	-58	3031.5
72	-56	3034.5
72	-54	3035.5
72	-52	3035.5
72	-50	3033.5
72	-48	3030
72	-46	3035.5
72	-44	3034
72	-42	3032
72	-40	3033.5
72	-38	3036
72	-36	3036
72	-34	3034.5
72	-32	3034.5
72	-30	3034
72	-28	3033.5
72	-26	3035.5
72	-24	3036
72	-22	3036
72	-20	3034.5
72	-18	3036.5
72	-16	3036
72	-14	3034
72	-12	3036.5
72	-10	3036.5
72	-8	3036.5
72	-6	3035.5
72	-4	3037
72	-2	3038.5
72	0	3037.5
72	2	3036.5
72	4	3035
72	6	3038
72	8	3032.5
72	10	3035
72	12	3035
72	14	3035.5
72	16	3035
72	18	3034.5
72	20	3037.5
72	22	3035
72	24	3035.5
72	26	3034
72	28	3035
72	30	3038
72	32	3035
72	34	3034.5
72	36	3034.5
72	38	3036
72	40	3035.5
72	42	3035
72	44	3035
72	46	3034.5
72	48	3034.5
72	50	3034.5
72	52	3034.5
72	54	3034
72	56	3033.5
72	58	3034.5
72	60	3033.5
72	62	3035
72	64	3034.5
72	66	3035
72	68	3034
72	70	3035
72	72	3035
72	74	3032.5
72	76	3033.5
72	78	3032.5
72	80	3034
72	82	3034
72	84	3034
72	86	3032.5
72	88	3031.5
72	90	3032.5
72	92	3032
72	94	3032
72	96	3030.5
72	98	3028.5
76	-290	2683.5
76	-288	2685
76	-286	2691
76	-284	2695.5
76	-282	2714.5
76	-280	2727
76	-278	2728
76	-276	2731.5
76	-274	2736
76	-272	2735
76	-270	2757.5
76	-268	2763
76	-266	2767.5
76	-264	2779
76	-262	2779.5
76	-260	2794
76	-258	2813
76	-256	2816
76	-254	2831
76	-252	2832.5
76	-250	2834
76	-248	2837.5
76	-246	2853.5
76	-244	2854
76	-242	2855.5
76	-240	2868.5
76	-238	2877
76	-236	2877
76	-234	2884
76	-232	2885
76	-230	2889
76	-228	2897
76	-226	2900
76	-224	2900.5
76	-222	2914
76	-220	2914.5
76	-218	2928
76	-216	2933
76	-214	2932
76	-212	2935
76	-210	2939
76	-208	2936.5
76	-206	2939
76	-204	2939
76	-202	2945
76	-200	2949
76	-198	2955
76	-196	2951.5
76	-194	2953.5
76	-192	2956.5
76	-190	2956.5
76	-188	2958.5
76	-186	2960
76	-184	2967
76	-182	2970
76	-180	2974.5
76	-178	2979
76	-176	2978
76	-174	2980
76	-172	2980
76	-170	2980
76	-168	2981
76	-166	2978
76	-164	2983.5
76	-162	2986
76	-160	2987
76	-158	2988
76	-156	2990
76	-154	2991
76	-152	2993
76	-150	2997
76	-148	2997
76	-146	3000.5
76	-144	3001.5
76	-142	3005
76	-140	3003
76	-138	3004
76	-136	3004
76	-134	3009
76	-132	3007.5
76	-130	3005.5
76	-128	3009.5
76	-126	3010.5
76	-124	3012.5
76	-122	3012
76	-120	3014
76	-118	3013.5
76	-116	3013.5
76	-114	3013.5
76	-112	3013.5
76	-110	3016
76	-108	3016
76	-106	3016
76	-104	3018
76	-102	3020.5
76	-100	3020
76	-98	3021
76	-96	3021.5
76	-94	3021
76	-92	3021
76	-90	3019.5
76	-88	3023.5
76	-86	3025.5
76	-84	3025.5
76	-82	3026
76	-80	3025.5
76	-78	3025.5
76	-76	3026.5
76	-74	3027
76	-72	3027
76	-70	3027
76	-68	3026
76	-66	3027.5
76	-64	3026.5
76	-62	3028.5
76	-60	3028.5
76	-58	3027.5
76	-56	3029.5
76	-54	3030.5
76	-52	3026.5
76	-50	3029.5
76	-48	3029
76	-46	3029.5
76	-44	3030
76	-42	3031
76	-40	3030.5
76	-38	3032.5
76	-36	3033
76	-34	3030
76	-32	3030
76	-30	3031.5
76	-28	3030.5
76	-26	3029
76	-24	3031
76	-22	3034
76	-20	3031.5
76	-18	3035.5
76	-16	3033.5
76	-14	3036
76	-12	3033.5
76	-10	3035
76	-8	3032
76	-6	3034
76	-4	3031.5
76	-2	3032.5
76	0	3032.5
76	2	3034.5
76	4	3032.5
76	6	3031.5
76	8	3034
76	10	3032.5
76	12	3032.5
76	14	3034
76	16	3034.5
76	18	3031
76	20	3034
76	22	3030.5
76	24	3034.5
76	26	3033
76	28	3032
76	30	3033.5
76	32	3032.5
76	34	3034
76	36	3031.5
76	38	3029.5
76	40	3035
76	42	3032
76	44	3031.5
76	46	3029
76	48	3033.5
76	50	3033.5
76	52	3033
76	54	3034.5
76	56	3031
76	58	3030.5
76	60	3031
76	62	3032
76	64	3031.5
76	66	3031
76	68	3031
76	70	3029
76	72	3033
76	74	3029.5
76	76	3030
76	78	3032.5
76	80	3030
76	82	3027.5
76	84	3030
76	86	3029.5
76	88	3028.5
76	90	3026.5
76	92	3026.5
76	94	3027
76	96	3028.5
76	98	3028
80	-290	2673.5
80	-288	2679.5
80	-286	2684.5
80	-284	2703
80	-282	2722
80	-280	2729.5
80	-278	2729.5
80	-276	2740.5
80	-274	2750
80	-272	2769
80	-270	2776
80	-268	2786.5
80	-266	2789.5
80	-264	2791.5
80	-262	2790
80	-260	2808
80	-258	2826.5
80	-256	2827
80	-254	2827
80	-252	2837.5
80	-250	2845
80	-248	2855
80	-246	2861.5
80	-244	2862.5
80	-242	2879.5
80	-240	2878
80	-238	2882.5
80	-236	2893
80	-234	2893
80	-232	2894
80	-230	2899
80	-228	2901.5
80	-226	2900
80	-224	2925.5
80	-222	2925
80	-220	2924.5
80	-218	2928
80	-216	2929.5
80	-214	2931.5
80	-212	2934
80	-210	2937.5
80	-208	2936.5
80	-206	2941
80	-204	2941.5
80	-202	2941.5
80	-200	2943
80	-198	2948.5
80	-196	2948
80	-194	2951
80	-192	2951
80	-190	2954
80	-188	2958.5
80	-186	2962
80	-184	2964.5
80	-182	2965.5
80	-180	2968
80	-178	2967.5
80	-176	2969.5
80	-174	2977
80	-172	2981
80	-170	2981
80	-168	2982
80	-166	2982.5
80	-164	2985.5
80	-162	2985
80	-160	2988
80	-158	2988
80	-156	2987.5
80	-154	2990
80	-152	2989.5
80	-150	2989
80	-148	2996
80	-146	2999
80	-144	2999.5
80	-142	3002
80	-140	3006
80	-138	3005.5
80	-136	3004.5
80	-134	3002.5
80	-132	3005.5
80	-130	3005
80	-128	3009
80	-126	3005.5
80	-124	3007
80	-122	3009
80	-120	3008.5
80	-118	3009
80	-116	3011
80	-114	3010
80	-112	3011
80	-110	3011
80	-108	3009.5
80	-106	3011.5
80	-104	3014.5
80	-102	3010
80	-100	3016.5
80	-98	3016.5
80	-96	3014.5
80	-94	3018.5
80	-92	3017.5
80	-90	3018.5
80	-88	3014.5
80	-86	3019
80	-84	3019.5
80	-82	3019.5
80	-80	3018
80	-78	3020.5
80	-76	3019.5
80	-74	3019
80	-72	3020
80	-70	3021.5
80	-68	3022
80	-66	3021
80	-64	3022.5
80	-62	3021.5
80	-60	3023.5
80	-58	3021.5
80	-56	3021.5
80	-54	3021
80	-52	3022
80	-50	3022
80	-48	3023
80	-46	3022.5
80	-44	3022.5
80	-42	3024
80	-40	3019.5
80	-38	3021.5
80	-36	3021
80	-34	3024.5
80	-32	3023.5
80	-30	3025
80	-28	3021.5
80	-26	3023
80	-24	3022.5
80	-22	3025
80	-20	3023
80	-18	3025
80	-16	3020.5
80	-14	3021.5
80	-12	3023
80	-10	3023.5
80	-8	3029.5
80	-6	3024.5
80	-4	3028
80	-2	3022
80	0	3025.5
80	2	3022.5
80	4	3024.5
80	6	3025
80	8	3024.5
80	10	3024.5
80	12	3026
80	14	3025.5
80	16	3025
80	18	3024.5
80	20	3023
80	22	3025
80	24	3024.5
80	26	3025.5
80	28	3025.5
80	30	3024.5
80	32	3025
80	34	3024.5
80	36	3025.5
80	38	3024.5
80	40	3028
80	42	3022.5
80	44	3018
80	46	3022.5
80	48	3023.5
80	50	3023.5
80	52	3027.5
80	54	3024.5
80	56	3026
80	58	3026.5
80	60	3026
80	62	3024.5
80	64	3026
80	66	3027
80	68	3026
80	70	3028
80	72	3027
80	74	3026
80	76	3028
80	78	3027.5
80	80	3026.5
80	82	3022
80	84	3025
80	86	3021.5
80	88	3020.5
80	90	3020
80	92	3020.5
80	94	3019.5
80	96	3020.5
80	98	3019.5
84	-290	2691.5
84	-288	2700
84	-286	2719.5
84	-284	2719
84	-282	2734
84	-280	2736
84	-278	2748
84	-276	2756
84	-274	2767
84	-272	2767
84	-270	2778
84	-268	2781.5
84	-266	2795.5
84	-264	2806
84	-262	2808
84	-260	2832.5
84	-258	2832.5
84	-256	2834
84	-254	2843
84	-252	2858.5
84	-250	2858
84	-248	2861
84	-246	2865.5
84	-244	2866
84	-242	2872
84	-240	2872.5
84	-238	2883.5
84	-236	2891.5
84	-234	2892.5
84	-232	2892.5
84	-230	2900
84	-228	2903
84	-226	2901.5
84	-224	2908
84	-222	2916.5
84	-220	2920
84	-218	2926.5
84	-216	2926.5
84	-214	2925
84	-212	2928.5
84	-210	2930
84	-208	2934.5
84	-206	2941
84	-204	2944
84	-202	2944
84	-200	2946.5
84	-198	2945.5
84	-196	2948.5
84	-194	2951.5
84	-192	2947
84	-190	2955.5
84	-188	2956.5
84	-186	2953
84	-184	2952
84	-182	2955.5
84	-180	2963
84	-178	2968
84	-176	2971.5
84	-174	2972
84	-172	2980
84	-170	2979.5
84	-168	2976
84	-166	2976.5
84	-164	2977.5
84	-162	2984.5
84	-160	2983
84	-158	2976.5
84	-156	2985
84	-154	2984.5
84	-152	2988.5
84	-150	2990.5
84	-148	2990
84	-146	2990
84	-144	2986
84	-142	2980
84	-140	2983
84	-138	2990.5
84	-136	2990.5
84	-134	2990
84	-132	2996.5
84	-130	2998.5
84	-128	2998.5
84	-126	3000
84	-124	3003.5
84	-122	3002.5
84	-120	3003.5
84	-118	3003.5
84	-116	3005
84	-114	3004.5
84	-112	3007
84	-110	3008
84	-108	3007
84	-106	3009
84	-104	3007
84	-102	3008
84	-100	3011
84	-98	3008.5
84	-96	3010
84	-94	3010
84	-92	3010.5
84	-90	3013
84	-88	3011
84	-86	3010.5
84	-84	3009
84	-82	3007
84	-80	3009
84	-78	3010
84	-76	3012.5
84	-74	3012.5
84	-72	3013.5
84	-70	3008
84	-68	3013
84	-66	3016.5
84	-64	3011.5
84	-62	3017.5
84	-60	3016.5
84	-58	3013.5
84	-56	3015
84	-54	3017.5
84	-52	3017
84	-50	3017
84	-48	3013.5
84	-46	3016
84	-44	3016
84	-42	3014.5
84	-40	3015.5
84	-38	3018
84	-36	3016
84	-34	3015
84	-32	3016
84	-30	3013.5
84	-28	3013.5
84	-26	3017
84	-24	3017.5
84	-22	3018.5
84	-20	3016.5
84	-18	3015.5
84	-16	3016.5
84	-14	3019
84	-12	3018
84	-10	3014
84	-8	3016
84	-6	3016
84	-4	3016
84	-2	3019
84	0	3019.5
84	2	3018.5
84	4	3015.5
84	6	3020
84	8	3020
84	10	3018
84	12	3020.5
84	14	3020
84	16	3021
84	18	3020.5
84	20	3020
84	22	3020.5
84	24	3019.5
84	26	3022
84	28	3022
84	30	3020.5
84	32	3020.5
84	34	3017.5
84	36	3022
84	38	3016
84	40	3013.5
84	42	3014
84	44	3018.5
84	46	3018.5
84	48	3013
84	50	3017.5
84	52	3014.5
84	54	3018
84	56	3018
84	58	3018.5
84	60	3018.5
84	62	3015.5
84	64	3015
84	66	3018
84	68	3018.5
84	70	3021.5
84	72	3020
84	74	3019
84	76	3020.5
84	78	3021
84	80	3019
84	82	3017
84	84	3016.5
84	86	3018
84	88	3021.5
84	90	3019
84	92	3018.5
84	94	3018
84	96	3016
84	98	3017.5
88	-290	2731.5
88	-288	2733.5
88	-286	2735.5
88	-284	2746.5
88	-282	2746.5
88	-280	2754
88	-278	2758.5
88	-276	2763
88	-274	2769
88	-272	2778.5
88	-270	2780.5
88	-268	2784.5
88	-266	2798
88	-264	2800
88	-262	2819
88	-260	2827
88	-258	2833
88	-256	2840
88	-254	2841
88	-252	2852.5
88	-250	2853.5
88	-248	2853.5
88	-246	2862.5
88	-244	2863.5
88	-242	2867
88	-240	2884
88	-238	2883
88	-236	2893.5
88	-234	2898.5
88	-232	2898.5
88	-230	2900.5
88	-228	2902
88	-226	2904
88	-224	2903.5
88	-222	2904
88	-220	2915
88	-218	2914
88	-216	2918
88	-214	2921.5
88	-212	2922.5
88	-210	2921
88	-208	2919.5
88	-206	2923
88	-204	2936.5
88	-202	2939
88	-200	2939.5
88	-198	2938.5
88	-196	2941.5
88	-194	2949
88	-192	2952.5
88	-190	2950.5
88	-188	2950.5
88	-186	2953
88	-184	2958.5
88	-182	2955
88	-180	2957.5
88	-178	2961.5
88	-176	2958
88	-174	2960.5
88	-172	2960.5
88	-170	2963
88	-168	2968
88	-166	2963.5
88	-164	2967
88	-162	2971.5
88	-160	2972
88	-158	2974
88	-156	2975.5
88	-154	2975
88	-152	2973.5
88	-150	2976
88	-148	2977.5
88	-146	2977
88	-144	2979
88	-142	2979.5
88	-140	2982
88	-138	2984
88	-136	2985
88	-134	2987.5
88	-132	2990
88	-130	2991
88	-128	2989.5
88	-126	2994.5
88	-124	2994.5
88	-122	2992
88	-120	2991.5
88	-118	2990.5
88	-116	2992
88	-114	2993
88	-112	2995
88	-110	2995
88	-108	2993
88	-106	2996.5
88	-104	2996
88	-102	2994.5
88	-100	2996.5
88	-98	2997
88	-96	2997
88	-94	2996
88	-92	2998.5
88	-90	2997
88	-88	2995.5
88	-86	2999.5
88	-84	3002
88	-82	3001.5
88	-80	3002
88	-78	3000
88	-76	3000
88	-74	3001.5
88	-72	3001
88	-70	3000
88	-68	3000.5
88	-66	3001
88	-64	3002.5
88	-62	3000
88	-60	2997.5
88	-58	3000
88	-56	3002
88	-54	3002
88	-52	3003.5
88	-50	2998.5
88	-48	3004.5
88	-46	3001
88	-44	3000
88	-42	3003.5
88	-40	3006
88	-38	3005
88	-36	3002
88	-34	3006.5
88	-32	3006.5
88	-30	3005
88	-28	3007.5
88	-26	3008.5
88	-24	3004
88	-22	3009
88	-20	3010
88	-18	3007.5
88	-16	3007
88	-14	3007
88	-12	3008.5
88	-10	3007.5
88	-8	3006
88	-6	3006
88	-4	3008
88	-2	3014.5
88	0	3008.5
88	2	3010.5
88	4	3009
88	6	3009
88	8	3007.5
88	10	3010
88	12	3009.5
88	14	3010.5
88	16	3009
88	18	3010.5
88	20	3009
88	22	3006
88	24	3010
88	26	3011
88	28	3011.5
88	30	3009.5
88	32	3015.5
88	34	3011.5
88	36	3009
88	38	3011
88	40	3010.5
88	42	3014.5
88	44	3013.5
88	46	3013
88	48	3011.5
88	50	3013.5
88	52	3012
88	54	3013.5
88	56	3015
88	58	3008
88	60	3012
88	62	3013
88	64	3012
88	66	3014.5
88	68	3011.5
88	70	3011.5
88	72	3011
88	74	3009.5
88	76	3011
88	78	3013.5
88	80	3006
88	82	3008
88	84	3008
88	86	3006
88	88	3009
88	90	3007
88	92	3008.5
88	94	3004.5
88	96	3005
88	98	3006
92	-290	2729
92	-288	2741
92	-286	2749
92	-284	2753
92	-282	2754.5
92	-280	2768
92	-278	2768.5
92	-276	2778.5
92	-274	2776.5
92	-272	2782.5
92	-270	2788
92	-268	2797.5
92	-266	2798.5
92	-264	2823.5
92	-262	2829
92	-260	2840.5
92	-258	2841.5
92	-256	2842
92	-254	2845
92	-252	2870
92	-250	2873.5
92	-248	2872
92	-246	2874
92	-244	2877
92	-242	2876
92	-240	2874.5
92	-238	2877.5
92	-236	2880
92	-234	2887
92	-232	2888.5
92	-230	2887.5
92	-228	2886.5
92	-226	2890.5
92	-224	2896
92	-222	2898
92	-220	2896.5
92	-218	2905.5
92	-216	2909
92	-214	2914
92	-212	2915
92	-210	2921.5
92	-208	2929.5
92	-206	2932
92	-204	2932.5
92	-202	2933
92	-200	2934
92	-198	2938.5
92	-196	2942
92	-194	2940.5
92	-192	2942.5
92	-190	2939.5
92	-188	2947
92	-186	2948
92	-184	2948
92	-182	2948
92	-180	2950.5
92	-178	2953.5
92	-176	2956.5
92	-174	2958.5
92	-172	2956
92	-170	2960
92	-168	2961.5
92	-166	2961.5
92	-164	2964.5
92	-162	2966
92	-160	2962.5
92	-158	2965
92	-156	2968
92	-154	2967.5
92	-152	2970
92	-150	2972.5
92	-148	2973
92	-146	2977
92	-144	2977.5
92	-142	2977
92	-140	2976.5
92	-138	2980
92	-136	2980
92	-134	2982
92	-132	2981.5
92	-130	2984.5
92	-128	2989.5
92	-126	2988.5
92	-124	2987.5
92	-122	2988
92	-120	2988.5
92	-118	2990.5
92	-116	2988.5
92	-114	2990
92	-112	2988.5
92	-110	2991.5
92	-108	2987.5
92	-106	2989.5
92	-104	2990
92	-102	2991
92	-100	2992.5
92	-98	2990.5
92	-96	2991
92	-94	2990.5
92	-92	2991.5
92	-90	2988.5
92	-88	2994
92	-86	2991
92	-84	2993.5
92	-82	2990
92	-80	2990
92	-78	2994
92	-76	2992.5
92	-74	2988
92	-72	2991.5
92	-70	2996
92	-68	2995.5
92	-66	2992
92	-64	2995.5
92	-62	2997
92	-60	2994
92	-58	2998
92	-56	2998
92	-54	2997
92	-52	2997
92	-50	2998.5
92	-48	2997.5
92	-46	2998
92	-44	2997
92	-42	2996.5
92	-40	2996.5
92	-38	2992.5
92	-36	2993
92	-34	2995
92	-32	3000.5
92	-30	2994.5
92	-28	2997
92	-26	2997.5
92	-24	2998.5
92	-22	2998
92	-20	2999.5
92	-18	3001.5
92	-16	3000
92	-14	2999
92	-12	3003.5
92	-10	3004.5
92	-8	3004.5
92	-6	2997.5
92	-4	2999.5
92	-2	3003
92	0	3004.5
92	2	3004
92	4	3001
92	6	3003
92	8	3001.5
92	10	3004
92	12	3003
92	14	3002.5
92	16	3001.5
92	18	3000.5
92	20	3003.5
92	22	2999.5
92	24	3005.5
92	26	3000.5
92	28	3000.5
92	30	3006
92	32	2999.5
92	34	3001
92	36	3004
92	38	3002.5
92	40	3003
92	42	3004
92	44	3002
92	46	3001
92	48	3004
92	50	3002
92	52	3002
92	54	3001
92	56	3002.5
92	58	3003
92	60	2999
92	62	3002
92	64	2998.5
92	66	3006.5
92	68	3003.5
92	70	3003.5
92	72	3003.5
92	74	3002
92	76	3002.5
92	78	3003.5
92	80	3002.5
92	82	3001.5
92	84	3002.5
92	86	3001
92	88	3001
92	90	3001.5
92	92	3000.5
92	94	3002.5
92	96	3001
92	98	2998.5
96	-290	2731.5
96	-288	2742
96	-286	2756.5
96	-284	2762.5
96	-282	2762.5
96	-280	2772.5
96	-278	2780.5
96	-276	2779.5
96	-274	2780
96	-272	2789.5
96	-270	2811
96	-268	2817
96	-266	2821
96	-264	2831.5
96	-262	2834
96	-260	2840.5
96	-258	2842.5
96	-256	2847.5
96	-254	2853.5
96	-252	2856
96	-250	2855.5
96	-248	2860.5
96	-246	2865
96	-244	2869
96	-242	2874
96	-240	2880
96	-238	2886.5
96	-236	2886.5
96	-234	2886
96	-232	2891.5
96	-230	2887
96	-228	2891.5
96	-226	2890
96	-224	2896.5
96	-222	2898.5
96	-220	2899
96	-218	2899.5
96	-216	2900
96	-214	2901
96	-212	2905.5
96	-210	2910.5
96	-208	2909.5
96	-206	2915.5
96	-204	2915
96	-202	2929.5
96	-200	2928.5
96	-198	2927.5
96	-196	2930
96	-194	2933
96	-192	2936.5
96	-190	2932.5
96	-188	2939
96	-186	2941
96	-184	2940.5
96	-182	2944.5
96	-180	2947.5
96	-178	2947
96	-176	2947.5
96	-174	2947
96	-172	2952
96	-170	2950.5
96	-168	2951
96	-166	2947
96	-164	2948.5
96	-162	2950
96	-160	2948.5
96	-158	2950
96	-156	2950.5
96	-154	2950
96	-152	2952
96	-150	2950
96	-148	2954.5
96	-146	2952
96	-144	2953.5
96	-142	2953
96	-140	2954
96	-138	2956
96	-136	2956.5
96	-134	2955
96	-132	2953.5
96	-130	2956
96	-128	2960
96	-126	2956.5
96	-124	2961
96	-122	2959
96	-120	2965
96	-118	2965.5
96	-116	2966
96	-114	2967.5
96	-112	2963.5
96	-110	2966
96	-108	2966.5
96	-106	2968
96	-104	2971
96	-102	2972
96	-100	2970.5
96	-98	2972
96	-96	2969
96	-94	2975.5
96	-92	2971.5
96	-90	2975
96	-88	2973
96	-86	2973.5
96	-84	2972
96	-82	2972
96	-80	2972.5
96	-78	2970.5
96	-76	2977.5
96	-74	2975.5
96	-72	2981.5
96	-70	2977
96	-68	2975.5
96	-66	2976
96	-64	2977.5
96	-62	2981.5
96	-60	2980
96	-58	2984.5
96	-56	2982
96	-54	2982.5
96	-52	2983
96	-50	2981.5
96	-48	2978.5
96	-46	2980
96	-44	2980.5
96	-42	2980.5
96	-40	2980.5
96	-38	2979.5
96	-36	2979
96	-34	2978.5
96	-32	2978
96	-30	2978
96	-28	2981.5
96	-26	2984.5
96	-24	2983.5
96	-22	2979.5
96	-20	2978
96	-18	2979.5
96	-16	2982.5
96	-14	2979
96	-12	2976
96	-10	2978
96	-8	2978
96	-6	2983
96	-4	2978
96	-2	2978.5
96	0	2979
96	2	2982
96	4	2981
96	6	2983
96	8	2984
96	10	2983
96	12	2983
96	14	2982.5
96	16	2982
96	18	2989
96	20	2983.5
96	22	2985.5
96	24	2987
96	26	2985
96	28	2989.5
96	30	2987
96	32	2983.5
96	34	2988
96	36	2986.5
96	38	2985.5
96	40	2986.5
96	42	2987
96	44	2988
96	46	2988
96	48	2989.5
96	50	2989
96	52	2987.5
96	54	2990.5
96	56	2988
96	58	2984.5
96	60	2991.5
96	62	2992
96	64	2989
96	66	2988.5
96	68	2992.5
96	70	2988.5
96	72	2987.5
96	74	2990
96	76	2989
96	78	2986.5
96	80	2985.5
96	82	2989
96	84	2987.5
96	86	2986
96	88	2989
96	90	2987.5
96	92	2986
96	94	2989.5
96	96	2988.5
96	98	2986
100	-290	2746
100	-288	2760
100	-286	2762.5
100	-284	2762.5
100	-282	2775
100	-280	2780
100	-278	2783.5
100	-276	2783
100	-274	2785
100	-272	2789.5
100	-270	2799.5
100	-268	2804
100	-266	2816
100	-264	2820.5
100	-262	2821
100	-260	2823
100	-258	2823.5
100	-256	2830.5
100	-254	2836
100	-252	2837.5
100	-250	2841.5
100	-248	2841.5
100	-246	2850
100	-244	2857.5
100	-242	2858.5
100	-240	2865.5
100	-238	2870.5
100	-236	2872.5
100	-234	2872.5
100	-232	2874
100	-230	2877
100	-228	2880
100	-226	2883
100	-224	2886
100	-222	2887
100	-220	2894
100	-218	2890
100	-216	2894
100	-214	2890.5
100	-212	2891
100	-210	2903.5
100	-208	2896
100	-206	2895.5
100	-204	2902.5
100	-202	2902.5
100	-200	2905
100	-198	2906.5
100	-196	2906
100	-194	2907
100	-192	2904.5
100	-190	2909.5
100	-188	2913.5
100	-186	2911.5
100	-184	2922
100	-182	2917.5
100	-180	2917.5
100	-178	2923
100	-176	2924.5
100	-174	2927
100	-172	2923.5
100	-170	2929.5
100	-168	2923.5
100	-166	2925.5
100	-164	2928.5
100	-162	2930
100	-160	2930
100	-158	2931.5
100	-156	2931
100	-154	2929.5
100	-152	2930
100	-150	2941
100	-148	2939.5
100	-146	2943
100	-144	2942
100	-142	2940.5
100	-140	2940
100	-138	2946.5
100	-136	2938.5
100	-134	2940.5
100	-132	2942.5
100	-130	2939
100	-128	2941
100	-126	2937.5
100	-124	2945.5
100	-122	2939
100	-120	2940
100	-118	2946.5
100	-116	2945
100	-114	2942.5
100	-112	2945
100	-110	2946
100	-108	2944.5
100	-106	2945.5
100	-104	2946.5
100	-102	2945
100	-100	2950.5
100	-98	2947
100	-96	2945
100	-94	2947
100	-92	2943
100	-90	2950.5
100	-88	2954.5
100	-86	2955.5
100	-84	2953
100	-82	2956.5
100	-80	2962
100	-78	2956
100	-76	2960.5
100	-74	2960.5
100	-72	2958
100	-70	2959.5
100	-68	2956
100	-66	2958.5
100	-64	2958
100	-62	2961.5
100	-60	2960
100	-58	2962.5
100	-56	2959
100	-54	2959
100	-52	2959
100	-50	2958
100	-48	2966.5
100	-46	2964.5
100	-44	2965
100	-42	2965.5
100	-40	2971.5
100	-38	2968
100	-36	2965.5
100	-34	2963.5
100	-32	2966.5
100	-30	2966.5
100	-28	2964.5
100	-26	2961
100	-24	2962
100	-22	2963.5
100	-20	2964
100	-18	2962.5
100	-16	2962
100	-14	2961
100	-12	2959.5
100	-10	2966.5
100	-8	2958.5
100	-6	2962.5
100	-4	2956.5
100	-2	2957
100	0	2958.5
100	2	2964
100	4	2958
100	6	2955.5
100	8	2949.5
100	10	2956.5
100	12	2953
100	14	2956
100	16	2955
100	18	2956.5
100	20	2960.5
100	22	2957
100	24	2960.5
100	26	2963.5
100	28	2961
100	30	2966.5
100	32	2967.5
100	34	2958.5
100	36	2959
100	38	2957
100	40	2959
100	42	2959.5
100	44	2959.5
100	46	2959
100	48	2958.5
100	50	2959
100	52	2961.5
100	54	2958.5
100	56	2960
100	58	2960.5
100	60	2959.5
100	62	2960
100	64	2960.5
100	66	2961.5
100	68	2963
100	70	2966.5
100	72	2959
100	74	2964.5
100	76	2969
100	78	2961
100	80	2961.5
100	82	2960.5
100	84	2962.5
100	86	2961.5
100	88	2960.5
100	90	2962
100	92	2960
100	94	2973.5
100	96	2960.5
100	98	2965
104	-290	2749.5
104	-288	2756
104	-286	2771.5
104	-284	2775.5
104	-282	2780
104	-280	2780
104	-278	2781
104	-276	2785.5
104	-274	2793
104	-272	2796
104	-270	2803.5
104	-268	2820.5
104	-266	2819
104	-264	2821
104	-262	2823
104	-260	2824.5
104	-258	2824.5
104	-256	2832
104	-254	2835.5
104	-252	2836
104	-250	2839
104	-248	2843
104	-246	2844
104	-244	2848.5
104	-242	2850
104	-240	2851
104	-238	2850.5
104	-236	2850
104	-234	2854
104	-232	2860.5
104	-230	2861
104	-228	2865.5
104	-226	2864
104	-224	2868
104	-222	2881
104	-220	2882
104	-218	2878
104	-216	2873.5
104	-214	2877.5
104	-212	2876
104	-210	2882
104	-208	2880.5
104	-206	2888
104	-204	2888
104	-202	2895
104	-200	2890.5
104	-198	2894
104	-196	2892.5
104	-194	2896
104	-192	2894
104	-190	2903
104	-188	2908.5
104	-186	2903.5
104	-184	2905
104	-182	2903
104	-180	2915.5
104	-178	2907.5
104	-176	2914
104	-174	2916.5
104	-172	2918
104	-170	2916
104	-168	2924.5
104	-166	2916.5
104	-164	2920
104	-162	2922.5
104	-160	2919.5
104	-158	2920
104	-156	2919
104	-154	2925
104	-152	2921.5
104	-150	2924
104	-148	2926
104	-146	2926
104	-144	2929.5
104	-142	2930
104	-140	2931.5
104	-138	2930
104	-136	2931.5
104	-134	2929
104	-132	2927.5
104	-130	2927.5
104	-128	2930
104	-126	2932.5
104	-124	2929.5
104	-122	2926
104	-120	2928
104	-118	2931
104	-116	2930.5
104	-114	2928.5
104	-112	2932
104	-110	2933
104	-108	2935.5
104	-106	2928.5
104	-104	2942.5
104	-102	2932
104	-100	2932.5
104	-98	2935
104	-96	2936.5
104	-94	2936
104	-92	2936.5
104	-90	2934
104	-88	2938
104	-86	2937.5
104	-84	2931
104	-82	2931.5
104	-80	2938.5
104	-78	2931.5
104	-76	2935.5
104	-74	2935.5
104	-72	2933.5
104	-70	2933
104	-68	2947.5
104	-66	2935
104	-64	2933
104	-62	2935.5
104	-60	2934
104	-58	2934
104	-56	2934.5
104	-54	2937
104	-52	2934.5
104	-50	2928.5
104	-48	2935
104	-46	2935.5
104	-44	2930.5
104	-42	2937.5
104	-40	2941
104	-38	2944.5
104	-36	2936.5
104	-34	2938.5
104	-32	2943
104	-30	2944.5
104	-28	2957
104	-26	2944.5
104	-24	2941.5
104	-22	2942
104	-20	2947.5
104	-18	2947
104	-16	2942
104	-14	2942
104	-12	2945
104	-10	2943
104	-8	2942.5
104	-6	2942.5
104	-4	2940.5
104	-2	2949.5
104	0	2941.5
104	2	2945
104	4	2945.5
104	6	2946
104	8	2945
104	10	2946.5
104	12	2945.5
104	14	2946.5
104	16	2945
104	18	2938
104	20	2945
104	22	2943.5
104	24	2941.5
104	26	2942
104	28	2942
104	30	2942
104	32	2945.5
104	34	2952.5
104	36	2950
104	38	2944.5
104	40	2953.5
104	42	2945
104	44	2947.5
104	46	2944
104	48	2944.5
104	50	2944.5
104	52	2956
104	54	2948.5
104	56	2943.5
104	58	2944
104	60	2940
104	62	2941.5
104	64	2940.5
104	66	2939.5
104	68	2948
104	70	2945.5
104	72	2946
104	74	2949.5
104	76	2941.5
104	78	2943
104	80	2948.5
104	82	2942.5
104	84	2940
104	86	2940.5
104	88	2942
104	90	2940.5
104	92	2939
104	94	2935.5
104	96	2936
104	98	2935
108	-290	2744.5
108	-288	2747.5
108	-286	2770.5
108	-284	2775.5
108	-282	2773.5
108	-280	2776
108	-278	2773
108	-276	2787
108	-274	2793.5
108	-272	2793
108	-270	2801
108	-268	2799.5
108	-266	2810
108	-264	2812.5
108	-262	2813.5
108	-260	2815.5
108	-258	2818
108	-256	2819.5
108	-254	2826
108	-252	2827.5
108	-250	2836
108	-248	2827.5
108	-246	2828.5
108	-244	2832
108	-242	2834.5
108	-240	2835
108	-238	2837.5
108	-236	2841.5
108	-234	2840.5
108	-232	2849.5
108	-230	2849
108	-228	2850
108	-226	2847
108	-224	2852
108	-222	2861
108	-220	2850.5
108	-218	2854.5
108	-216	2859.5
108	-214	2855.5
108	-212	2864.5
108	-210	2870
108	-208	2875.5
108	-206	2871.5
108	-204	2876.5
108	-202	2876
108	-200	2880
108	-198	2886.5
108	-196	2884
108	-194	2884
108	-192	2885
108	-190	2889
108	-188	2891.5
108	-186	2883
108	-184	2883
108	-182	2882
108	-180	2882.5
108	-178	2888
108	-176	2882.5
108	-174	2886
108	-172	2885
108	-170	2890.5
108	-168	2888.5
108	-166	2893.5
108	-164	2898
108	-162	2890.5
108	-160	2890
108	-158	2893
108	-156	2898
108	-154	2892
108	-152	2894.5
108	-150	2892
108	-148	2893
108	-146	2895
108	-144	2894.5
108	-142	2890.5
108	-140	2890
108	-138	2893
108	-136	2891
108	-134	2903.5
108	-132	2893
108	-130	2898.5
108	-128	2898.5
108	-126	2900.5
108	-124	2901
108	-122	2913.5
108	-120	2912
108	-118	2911
108	-116	2906
108	-114	2912
108	-112	2907
108	-110	2912
108	-108	2910.5
108	-106	2911.5
108	-104	2913.5
108	-102	2911
108	-100	2912
108	-98	2911
108	-96	2912
108	-94	2911.5
108	-92	2925.5
108	-90	2914.5
108	-88	2915
108	-86	2914.5
108	-84	2914
108	-82	2912.5
108	-80	2922.5
108	-78	2913.5
108	-76	2915.5
108	-74	2918
108	-72	2922
108	-70	2918.5
108	-68	2916.5
108	-66	2918
108	-64	2920
108	-62	2920
108	-60	2916
108	-58	2918
108	-56	2918
108	-54	2924
108	-52	2927
108	-50	2920
108	-48	2929.5
108	-46	2921
108	-44	2921
108	-42	2921
108	-40	2922
108	-38	2923.5
108	-36	2923.5
108	-34	2929
108	-32	2931
108	-30	2921
108	-28	2919.5
108	-26	2922
108	-24	2932.5
108	-22	2921.5
108	-20	2919
108	-18	2926.5
108	-16	2923.5
108	-14	2924
108	-12	2923.5
108	-10	2927
108	-8	2927.5
108	-6	2932.5
108	-4	2928
108	-2	2924
108	0	2928.5
108	2	2925
108	4	2931.5
108	6	2932
108	8	2920.5
108	10	2928.5
108	12	2925.5
108	14	2928
108	16	2920.5
108	18	2920.5
108	20	2921.5
108	22	2920
108	24	2919
108	26	2924.5
108	28	2921.5
108	30	2925
108	32	2919
108	34	2919
108	36	2915.5
108	38	2918.5
108	40	2916
108	42	2917.5
108	44	2918.5
108	46	2938
108	48	2918.5
108	50	2919.5
108	52	2930.5
108	54	2917
108	56	2930.5
108	58	2926
108	60	2921
108	62	2925
108	64	2916.5
108	66	2916.5
108	68	2929
108	70	2916
108	72	2922.5
108	74	2925
108	76	2925.5
108	78	2914
108	80	2921.5
108	82	2915.5
108	84	2919
108	86	2918.5
108	88	2931
108	90	2923
108	92	2913.5
108	94	2912
108	96	2915.5
108	98	2914.5
112	-290	2747
112	-288	2750
112	-286	2755.5
112	-284	2759.5
112	-282	2756
112	-280	2763
112	-278	2760
112	-276	2762
112	-274	2767.5
112	-272	2764.5
112	-270	2773.5
112	-268	2777
112	-266	2786.5
112	-264	2785
112	-262	2788
112	-260	2790
112	-258	2791.5
112	-256	2794.5
112	-254	2793
112	-252	2793
112	-250	2800.5
112	-248	2825
112	-246	2811
112	-244	2812
112	-242	2817.5
112	-240	2822.5
112	-238	2812.5
112	-236	2821
112	-234	2822
112	-232	2815.5
112	-230	2824
112	-228	2824
112	-226	2831
112	-224	2837
112	-222	2838.5
112	-220	2835.5
112	-218	2843
112	-216	2849.5
112	-214	2844.5
112	-212	2845.5
112	-210	2843.5
112	-208	2847
112	-206	2844.5
112	-204	2846.5
112	-202	2849
112	-200	2848.5
112	-198	2848
112	-196	2848
112	-194	2857.5
112	-192	2862
112	-190	2857.5
112	-188	2851
112	-186	2851.5
112	-184	2856.5
112	-182	2855
112	-180	2853.5
112	-178	2855
112	-176	2854
112	-174	2853.5
112	-172	2852.5
112	-170	2859
112	-168	2858.5
112	-166	2853.5
112	-164	2866
112	-162	2860.5
112	-160	2861
112	-158	2861.5
112	-156	2860
112	-154	2874.5
112	-152	2862.5
112	-150	2863
112	-148	2877.5
112	-146	2874
112	-144	2869
112	-142	2874.5
112	-140	2872
112	-138	2873.5
112	-136	2876.5
112	-134	2871
112	-132	2876
112	-130	2881
112	-128	2874
112	-126	2881
112	-124	2873.5
112	-122	2875.5
112	-120	2876.5
112	-118	2879
112	-116	2873.5
112	-114	2876
112	-112	2873.5
112	-110	2876.5
112	-108	2883
112	-106	2873.5
112	-104	2878.5
112	-102	2871
112	-100	2871
112	-98	2880
112	-96	2876
112	-94	2881
112	-92	2879.5
112	-90	2879.5
112	-88	2891
112	-86	2882.5
112	-84	2878.5
112	-82	2891.5
112	-80	2882.5
112	-78	2886
112	-76	2881.5
112	-74	2887
112	-72	2881.5
112	-70	2880.5
112	-68	2880
112	-66	2879
112	-64	2880
112	-62	2884.5
112	-60	2879
112	-58	2879.5
112	-56	2884.5
112	-54	2885
112	-52	2888
112	-50	2886.5
112	-48	2889
112	-46	2890
112	-44	2885
112	-42	2885
112	-40	2885
112	-38	2898.5
112	-36	2888.5
112	-34	2892
112	-32	2908.5
112	-30	2890
112	-28	2899
112	-26	2894
112	-24	2899
112	-22	2891.5
112	-20	2891
112	-18	2900.5
112	-16	2894.5
112	-14	2896
112	-12	2895.5
112	-10	2898
112	-8	2891
112	-6	2892
112	-4	2891.5
112	-2	2890.5
112	0	2896.5
112	2	2892.5
112	4	2891.5
112	6	2889.5
112	8	2890
112	10	2899
112	12	2898.5
112	14	2906.5
112	16	2891.5
112	18	2896
112	20	2898.5
112	22	2894.5
112	24	2892.5
112	26	2897
112	28	2896
112	30	2897.5
112	32	2894
112	34	2899
112	36	2895
112	38	2894.5
112	40	2898
112	42	2897
112	44	2897
112	46	2896
112	48	2895
112	50	2896.5
112	52	2901.5
112	54	2902.5
112	56	2895
112	58	2895
112	60	2898
112	62	2894.5
112	64	2888
112	66	2892
112	68	2890
112	70	2887.5
112	72	2889
112	74	2896.5
112	76	2894
112	78	2892
112	80	2903
112	82	2888.5
112	84	2889
112	86	2889.5
112	88	2891
112	90	2890
112	92	2890
112	94	2891
112	96	2889.5
112	98	2887
116	-290	2678
116	-288	2679.5
116	-286	2681.5
116	-284	2684
116	-282	2687
116	-280	2687.5
116	-278	2683
116	-276	2690.5
116	-274	2698
116	-272	2702
116	-270	2701.5
116	-268	2704
116	-266	2718
116	-264	2721
116	-262	2720.5
116	-260	2719
116	-258	2738.5
116	-256	2723
116	-254	2719.5
116	-252	2725.5
116	-250	2721
116	-248	2725
116	-246	2717
116	-244	2738.5
116	-242	2723.5
116	-240	2734
116	-238	2731.5
116	-236	2742
116	-234	2733.5
116	-232	2735
116	-230	2733.5
116	-228	2735.5
116	-226	2739
116	-224	2753.5
116	-222	2745
116	-220	2748
116	-218	2750.5
116	-216	2742.5
116	-214	2737
116	-212	2750.5
116	-210	2736
116	-208	2735.5
116	-206	2749
116	-204	2741
116	-202	2741.5
116	-200	2744.5
116	-198	2741.5
116	-196	2754
116	-194	2749.5
116	-192	2752.5
116	-190	2757
116	-188	2756
116	-186	2772.5
116	-184	2763
116	-182	2756
116	-180	2755
116	-178	2757
116	-176	2760
116	-174	2759
116	-172	2757.5
116	-170	2764
116	-168	2765
116	-166	2760
116	-164	2760.5
116	-162	2786
116	-160	2768.5
116	-158	2777
116	-156	2801.5
116	-154	2793
116	-152	2803
116	-150	2800.5
116	-148	2799
116	-146	2811.5
116	-144	2799.5
116	-142	2796
116	-140	2797.5
116	-138	2809
116	-136	2822
116	-134	2806
116	-132	2815
116	-130	2803
116	-128	2800.5
116	-126	2814.5
116	-124	2804.5
116	-122	2804
116	-120	2808.5
116	-118	2801
116	-116	2803.5
116	-114	2801.5
116	-112	2822
116	-110	2804.5
116	-108	2800
116	-106	2803.5
116	-104	2806
116	-102	2812
116	-100	2809.5
116	-98	2806.5
116	-96	2805
116	-94	2817
116	-92	2808
116	-90	2808
116	-88	2807
116	-86	2826.5
116	-84	2810
116	-82	2811
116	-80	2808
116	-78	2807.5
116	-76	2813
116	-74	2811
116	-72	2812
116	-70	2808.5
116	-68	2820
116	-66	2811
116	-64	2812
116	-62	2816.5
116	-60	2824
116	-58	2828.5
116	-56	2815
116	-54	2812.5
116	-52	2819.5
116	-50	2820
116	-48	2817.5
116	-46	2816
116	-44	2812.5
116	-42	2797
116	-40	2800.5
116	-38	2801.5
116	-36	2800.5
116	-34	2798
116	-32	2809.5
116	-30	2795
116	-28	2797
116	-26	2797.5
116	-24	2796
116	-22	2796
116	-20	2796.5
116	-18	2801
116	-16	2798.5
116	-14	2811
116	-12	2789
116	-10	2804.5
116	-8	2785.5
116	-6	2787.5
116	-4	2787.5
116	-2	2790
116	0	2789
116	2	2787
116	4	2808
116	6	2795
116	8	2786
116	10	2787
116	12	2786
116	14	2794
116	16	2787
116	18	2784.5
116	20	2786
116	22	2786.5
116	24	2820.5
116	26	2787
116	28	2785
116	30	2791.5
116	32	2790.5
116	34	2784
116	36	2783
116	38	2787.5
116	40	2786.5
116	42	2791
116	44	2791
116	46	2802
116	48	2791
116	50	2792.5
116	52	2795
116	54	2793.5
116	56	2791
116	58	2788
116	60	2789.5
116	62	2790.5
116	64	2798
116	66	2786.5
116	68	2787.5
116	70	2798.5
116	72	2790
116	74	2792.5
116	76	2802.5
116	78	2790.5
116	80	2790.5
116	82	2788
116	84	2792
116	86	2785
116	88	2792.5
116	90	2810.5
116	92	2786.5
116	94	2785.5
116	96	2785
116	98	2795.5
120	-290	2612
120	-288	2614
120	-286	2626
120	-284	2625
120	-282	2608
120	-280	2613
120	-278	2631
120	-276	2620.5
120	-274	2621
120	-272	2619
120	-270	2646
120	-268	2625.5
120	-266	2628
120	-264	2630.5
120	-262	2632.5
120	-260	2631.5
120	-258	2639
120	-256	2634
120	-254	2631.5
120	-252	2653
120	-250	2638
120	-248	2644.5
120	-246	2643.5
120	-244	2640
120	-242	2664.5
120	-240	2650
120	-238	2654.5
120	-236	2663
120	-234	2662.5
120	-232	2662
120	-230	2664.5
120	-228	2663.5
120	-226	2659
120	-224	2658.5
120	-222	2669
120	-220	2661.5
120	-218	2659
120	-216	2693
120	-214	2663
120	-212	2672.5
120	-210	2671.5
120	-208	2686
120	-206	2691.5
120	-204	2671.5
120	-202	2687
120	-200	2691
120	-198	2687
120	-196	2687.5
120	-194	2689
120	-192	2698
120	-190	2691.5
120	-188	2708.5
120	-186	2699
120	-184	2722.5
120	-182	2694.5
120	-180	2698
120	-178	2702
120	-176	2706
120	-174	2729.5
120	-172	2737
120	-170	2706
120	-168	2710.5
120	-166	2707.5
120	-164	2705.5
120	-162	2724
120	-160	2703
120	-158	2704
120	-156	2724
120	-154	2710
120	-152	2706.5
120	-150	2711
120	-148	2741.5
120	-146	2738.5
120	-144	2715
120	-142	2707.5
120	-140	2707.5
120	-138	2709.5
120	-136	2708.5
120	-134	2709
120	-132	2710
120	-130	2708.5
120	-128	2708.5
120	-126	2710
120	-124	2706.5
120	-122	2720
120	-120	2713
120	-118	2712.5
120	-116	2737.5
120	-114	2710.5
120	-112	2718.5
120	-110	2725
120	-108	2708.5
120	-106	2723
120	-104	2717
120	-102	2712
120	-100	2715.5
120	-98	2722.5
120	-96	2719
120	-94	2715
120	-92	2718.5
120	-90	2734.5
120	-88	2718
120	-86	2719.5
120	-84	2734.5
120	-82	2723
120	-80	2711
120	-78	2733.5
120	-76	2732.5
120	-74	2715.5
120	-72	2713.5
120	-70	2721
120	-68	2716
120	-66	2711.5
120	-64	2717.5
120	-62	2726.5
120	-60	2719
120	-58	2719.5
120	-56	2709.5
120	-54	2706
120	-52	2719
120	-50	2723.5
120	-48	2713
120	-46	2715
120	-44	2721
120	-42	2713
120	-40	2727
120	-38	2719
120	-36	2719
120	-34	2712.5
120	-32	2717
120	-30	2717.5
120	-28	2708.5
120	-26	2720.5
120	-24	2716.5
120	-22	2714.5
120	-20	2714.5
120	-18	2730.5
120	-16	2722
120	-14	2716.5
120	-12	2710.5
120	-10	2739.5
120	-8	2725
120	-6	2706.5
120	-4	2714.5
120	-2	2714.5
120	0	2714
120	2	2711
120	4	2714.5
120	6	2712
120	8	2719
120	10	2714.5
120	12	2737
120	14	2713.5
120	16	2742.5
120	18	2720.5
120	20	2713.5
120	22	2715
120	24	2715
120	26	2713.5
120	28	2713
120	30	2710.5
120	32	2707
120	34	2724
120	36	2711.5
120	38	2729
120	40	2712
120	42	2705.5
120	44	2715.5
120	46	2724
120	48	2705.5
120	50	2709
120	52	2703
120	54	2707.5
120	56	2698.5
120	58	2701
120	60	2704.5
120	62	2703.5
120	64	2699.5
120	66	2703
120	68	2701.5
120	70	2709
120	72	2702
120	74	2729
120	76	2710
120	78	2699
120	80	2708.5
120	82	2703.5
120	84	2703.5
120	86	2710.5
120	88	2729.5
120	90	2707
120	92	2703
120	94	2709.5
120	96	2711.5
120	98	2710.5
