64	-290	3214.5
64	-288	3218.25
64	-286	3220
64	-284	3231.75
64	-282	3241.75
64	-280	3242.5
64	-278	3244.5
64	-276	3247.5
64	-274	3248.75
64	-272	3248.5
64	-270	3254
64	-268	3255.25
64	-266	3266.25
64	-264	3278
64	-262	3285
64	-260	3285.5
64	-258	3293
64	-256	3298.5
64	-254	3301
64	-252	3302.5
64	-250	3307.5
64	-248	3311.5
64	-246	3316.5
64	-244	3317.5
64	-242	3319.75
64	-240	3327.5
64	-238	3333.25
64	-236	3336.25
64	-234	3345.5
64	-232	3344.5
64	-230	3348
64	-228	3353.5
64	-226	3353.5
64	-224	3356
64	-222	3358
64	-220	3357.25
64	-218	3359.5
64	-216	3360.25
64	-214	3360.75
64	-212	3363.25
64	-210	3365.5
64	-208	3367.5
64	-206	3371.25
64	-204	3369.25
64	-202	3373.75
64	-200	3379
64	-198	3380
64	-196	3383
64	-194	3385.5
64	-192	3387.5
64	-190	3390.75
64	-188	3390.5
64	-186	3395.25
64	-184	3396.5
64	-182	3397.5
64	-180	3398
64	-178	3398
64	-176	3397.75
64	-174	3399.75
64	-172	3400.75
64	-170	3402
64	-168	3408.5
64	-166	3409.5
64	-164	3410.5
64	-162	3408.75
64	-160	3411.25
64	-158	3410.75
64	-156	3413.25
64	-154	3413.75
64	-152	3413.5
64	-150	3414
64	-148	3415
64	-146	3415.25
64	-144	3417.5
64	-142	3417.5
64	-140	3419.75
64	-138	3419.25
64	-136	3420.25
64	-134	3420.25
64	-132	3421.25
64	-130	3420.75
64	-128	3422.25
64	-126	3421.25
64	-124	3424
64	-122	3422.75
64	-120	3425.5
64	-118	3423.75
64	-116	3425.25
64	-114	3426.25
64	-112	3427.5
64	-110	3427.5
64	-108	3428.75
64	-106	3429.5
64	-104	3428.25
64	-102	3430
64	-100	3429.75
64	-98	3431
64	-96	3431.25
64	-94	3432.5
64	-92	3432.75
64	-90	3434
64	-88	3432.5
64	-86	3434.25
64	-84	3435
64	-82	3436
64	-80	3435.75
64	-78	3434.75
64	-76	3435.5
64	-74	3436.25
64	-72	3437.5
64	-70	3438.5
64	-68	3436.75
64	-66	3440
64	-64	3440
64	-62	3439.75
64	-60	3439
64	-58	3442.25
64	-56	3441.75
64	-54	3442
64	-52	3442
64	-50	3440.75
64	-48	3440.25
64	-46	3440.75
64	-44	3440.75
64	-42	3440
64	-40	3440.5
64	-38	3438.25
64	-36	3440
64	-34	3439.5
64	-32	3440.25
64	-30	3440.5
64	-28	3440
64	-26	3439
64	-24	3438
64	-22	3441
64	-20	3441.25
64	-18	3441.75
64	-16	3440.25
64	-14	3439.5
64	-12	3440.5
64	-10	3441.75
64	-8	3442
64	-6	3440.25
64	-4	3441.75
64	-2	3440.75
64	0	3440.75
64	2	3441.75
64	4	3441.5
64	6	3439.5
64	8	3441
64	10	3442.25
64	12	3441.75
64	14	3441.5
64	16	3442.75
64	18	3443
64	20	3442
64	22	3442.25
64	24	3442
64	26	3442.5
64	28	3442.5
64	30	3443
64	32	3442
64	34	3441.75
64	36	3442.5
64	38	3441.75
64	40	3443
64	42	3440.5
64	44	3441.75
64	46	3441.75
64	48	3439
64	50	3439.25
64	52	3440
64	54	3439.5
64	56	3439.5
64	58	3439
64	60	3438
64	62	3437.5
64	64	3438.5
64	66	3436.5
64	68	3437.5
64	70	3436.75
64	72	3437.5
64	74	3436.75
64	76	3435.75
64	78	3436.75
64	80	3436.75
64	82	3436.25
64	84	3437
64	86	3436.75
64	88	3437
64	90	3435
64	92	3435.75
64	94	3436.25
64	96	3434.75
64	98	3433
68	-290	3204.75
68	-288	3215.5
68	-286	3214.75
68	-284	3216.75
68	-282	3227
68	-280	3233
68	-278	3239
68	-276	3254.25
68	-274	3257.5
68	-272	3260
68	-270	3262
68	-268	3264
68	-266	3266.5
68	-264	3282
68	-262	3287.5
68	-260	3288.25
68	-258	3288.5
68	-256	3303.25
68	-254	3308
68	-252	3308.5
68	-250	3312.25
68	-248	3316
68	-246	3318
68	-244	3322.75
68	-242	3324.5
68	-240	3327.25
68	-238	3329.75
68	-236	3329.75
68	-234	3332.25
68	-232	3340.5
68	-230	3344
68	-228	3346
68	-226	3348.75
68	-224	3349.5
68	-222	3351.5
68	-220	3356.5
68	-218	3358.25
68	-216	3361.25
68	-214	3361.5
68	-212	3363.25
68	-210	3366
68	-208	3368.25
68	-206	3370.75
68	-204	3371.5
68	-202	3373.5
68	-200	3378.5
68	-198	3379.75
68	-196	3384.5
68	-194	3386.25
68	-192	3387.5
68	-190	3388.25
68	-188	3388.75
68	-186	3390
68	-184	3391.25
68	-182	3391.25
68	-180	3393.5
68	-178	3393.75
68	-176	3395
68	-174	3396.25
68	-172	3397.5
68	-170	3399.25
68	-168	3400
68	-166	3400.25
68	-164	3405.75
68	-162	3406.75
68	-160	3407
68	-158	3407.75
68	-156	3408.75
68	-154	3408.5
68	-152	3409.25
68	-150	3413.25
68	-148	3413.75
68	-146	3415
68	-144	3415.5
68	-142	3415.25
68	-140	3418.75
68	-138	3417.25
68	-136	3418
68	-134	3418.5
68	-132	3421.25
68	-130	3421
68	-128	3421
68	-126	3421.5
68	-124	3421.75
68	-122	3423.5
68	-120	3423.25
68	-118	3423.5
68	-116	3423.25
68	-114	3422.75
68	-112	3424.5
68	-110	3425
68	-108	3426.25
68	-106	3427
68	-104	3428.25
68	-102	3427.25
68	-100	3429.25
68	-98	3428.5
68	-96	3431.5
68	-94	3430.75
68	-92	3432.5
68	-90	3431.75
68	-88	3432.5
68	-86	3435.75
68	-84	3433.5
68	-82	3433
68	-80	3433.5
68	-78	3434.25
68	-76	3433.75
68	-74	3434.5
68	-72	3435.25
68	-70	3434.5
68	-68	3434.75
68	-66	3434
68	-64	3437
68	-62	3437.75
68	-60	3437.75
68	-58	3437.25
68	-56	3436
68	-54	3438.25
68	-52	3438
68	-50	3435.25
68	-48	3439
68	-46	3438.75
68	-44	3439
68	-42	3438.25
68	-40	3438.25
68	-38	3438
68	-36	3438.5
68	-34	3438.25
68	-32	3438.5
68	-30	3439
68	-28	3438
68	-26	3438
68	-24	3437.5
68	-22	3439
68	-20	3438.25
68	-18	3436.75
68	-16	3435.75
68	-14	3437
68	-12	3437.75
68	-10	3438.5
68	-8	3439.25
68	-6	3440.5
68	-4	3439.5
68	-2	3439.5
68	0	3439
68	2	3439.25
68	4	3439.25
68	6	3440
68	8	3438.75
68	10	3439.5
68	12	3439.5
68	14	3439.25
68	16	3440.75
68	18	3439.5
68	20	3439.5
68	22	3440
68	24	3440
68	26	3439.75
68	28	3440.25
68	30	3439.25
68	32	3439.75
68	34	3440.25
68	36	3439.5
68	38	3440.5
68	40	3439.5
68	42	3438.75
68	44	3438.75
68	46	3440.25
68	48	3439.75
68	50	3438.5
68	52	3438.25
68	54	3436.5
68	56	3437.5
68	58	3435.75
68	60	3437
68	62	3437.75
68	64	3436.75
68	66	3437
68	68	3436.25
68	70	3436.25
68	72	3437.25
68	74	3436.75
68	76	3437
68	78	3436.25
68	80	3436.75
68	82	3437
68	84	3435.5
68	86	3436
68	88	3435.5
68	90	3435.25
68	92	3434.75
68	94	3433.75
68	96	3435.25
68	98	3435.75
72	-290	3202.5
72	-288	3206
72	-286	3207
72	-284	3226.25
72	-282	3230
72	-280	3232.25
72	-278	3236.25
72	-276	3249
72	-274	3258.5
72	-272	3266.75
72	-270	3267.25
72	-268	3269.25
72	-266	3274.75
72	-264	3279
72	-262	3283.5
72	-260	3293.75
72	-258	3300.5
72	-256	3305.75
72	-254	3313
72	-252	3312.5
72	-250	3317.75
72	-248	3317
72	-246	3324
72	-244	3327
72	-242	3333
72	-240	3336.5
72	-238	3337
72	-236	3336.75
72	-234	3339.5
72	-232	3342.5
72	-230	3342.25
72	-228	3345.75
72	-226	3345.5
72	-224	3347
72	-222	3349
72	-220	3352.25
72	-218	3351.75
72	-216	3364.25
72	-214	3366.5
72	-212	3366.75
72	-210	3371
72	-208	3372
72	-206	3373.5
72	-204	3375.75
72	-202	3377.75
72	-200	3381
72	-198	3383.25
72	-196	3381.25
72	-194	3384.5
72	-192	3385.75
72	-190	3384.5
72	-188	3387.25
72	-186	3388.25
72	-184	3389.25
72	-182	3391.75
72	-180	3393.75
72	-178	3394.5
72	-176	3395.5
72	-174	3398
72	-172	3398
72	-170	3400
72	-168	3401.25
72	-166	3405.25
72	-164	3405.75
72	-162	3405.5
72	-160	3407.5
72	-158	3409.25
72	-156	3409.25
72	-154	3408.75
72	-152	3409
72	-150	3410
72	-148	3411.25
72	-146	3410.25
72	-144	3411.5
72	-142	3413
72	-140	3413.5
72	-138	3412.75
72	-136	3419.5
72	-134	3419.75
72	-132	3419.5
72	-130	3419.75
72	-128	3420.25
72	-126	3421.25
72	-124	3423
72	-122	3423
72	-120	3423
72	-118	3422.75
72	-116	3422
72	-114	3422.75
72	-112	3422.75
72	-110	3422.75
72	-108	3422
72	-106	3423.25
72	-104	3424.5
72	-102	3424.25
72	-100	3425.25
72	-98	3426.5
72	-96	3428
72	-94	3428.5
72	-92	3428.25
72	-90	3428.75
72	-88	3429.25
72	-86	3430.5
72	-84	3430.5
72	-82	3431
72	-80	3431
72	-78	3431.5
72	-76	3432.75
72	-74	3432.25
72	-72	3432.75
72	-70	3432
72	-68	3433.75
72	-66	3433.5
72	-64	3433.25
72	-62	3432.5
72	-60	3433.5
72	-58	3432.75
72	-56	3433.5
72	-54	3434
72	-52	3434
72	-50	3434.5
72	-48	3434.75
72	-46	3434.25
72	-44	3434.75
72	-42	3433
72	-40	3434.5
72	-38	3435.5
72	-36	3435.25
72	-34	3435
72	-32	3436
72	-30	3435.5
72	-28	3434
72	-26	3435
72	-24	3434.5
72	-22	3435
72	-20	3434.25
72	-18	3433
72	-16	3434.25
72	-14	3436.25
72	-12	3435.25
72	-10	3437
72	-8	3437
72	-6	3438
72	-4	3436.5
72	-2	3437.25
72	0	3436
72	2	3436.75
72	4	3436.5
72	6	3436.5
72	8	3438.5
72	10	3438.75
72	12	3438.25
72	14	3437.75
72	16	3437.75
72	18	3438
72	20	3437.75
72	22	3438
72	24	3438.25
72	26	3437.25
72	28	3437.25
72	30	3438.25
72	32	3437.75
72	34	3437.25
72	36	3437
72	38	3437.25
72	40	3436.5
72	42	3436.75
72	44	3436.25
72	46	3436
72	48	3436.75
72	50	3435.25
72	52	3437.25
72	54	3436.25
72	56	3436.5
72	58	3435.75
72	60	3435.25
72	62	3435.75
72	64	3435.5
72	66	3436.75
72	68	3436.25
72	70	3435.25
72	72	3436
72	74	3436
72	76	3435.25
72	78	3435.25
72	80	3435
72	82	3436
72	84	3436.25
72	86	3434
72	88	3434.5
72	90	3432.25
72	92	3432.25
72	94	3433.75
72	96	3433.5
72	98	3430
76	-290	3222.75
76	-288	3224
76	-286	3226.5
76	-284	3242.5
76	-282	3246.75
76	-280	3258
76	-278	3258.25
76	-276	3261
76	-274	3265
76	-272	3268
76	-270	3269.75
76	-268	3272
76	-266	3275.25
76	-264	3279.75
76	-262	3290.25
76	-260	3295.25
76	-258	3294.75
76	-256	3302.5
76	-254	3303.5
76	-252	3310
76	-250	3317
76	-248	3315.5
76	-246	3320
76	-244	3322.75
76	-242	3326.25
76	-240	3329.5
76	-238	3330.75
76	-236	3335.75
76	-234	3340.25
76	-232	3341.5
76	-230	3345.25
76	-228	3349.25
76	-226	3351.75
76	-224	3351.5
76	-222	3353.5
76	-220	3356.75
76	-218	3358.75
76	-216	3360.5
76	-214	3362
76	-212	3364
76	-210	3369
76	-208	3371.75
76	-206	3376
76	-204	3377
76	-202	3377.75
76	-200	3381
76	-198	3380
76	-196	3384.5
76	-194	3385
76	-192	3387.25
76	-190	3386.75
76	-188	3389
76	-186	3390.5
76	-184	3392.5
76	-182	3392.5
76	-180	3392.5
76	-178	3394.75
76	-176	3395
76	-174	3398
76	-172	3397.5
76	-170	3397.75
76	-168	3400.5
76	-166	3401.5
76	-164	3401.25
76	-162	3401.75
76	-160	3405
76	-158	3406.5
76	-156	3406.25
76	-154	3407.25
76	-152	3408.25
76	-150	3411.75
76	-148	3410.5
76	-146	3411
76	-144	3410.75
76	-142	3410
76	-140	3412.25
76	-138	3411.25
76	-136	3411.75
76	-134	3413.75
76	-132	3414
76	-130	3416
76	-128	3416.25
76	-126	3416.25
76	-124	3416
76	-122	3419
76	-120	3419.75
76	-118	3419.25
76	-116	3419.5
76	-114	3419
76	-112	3419.75
76	-110	3419.75
76	-108	3421
76	-106	3419.75
76	-104	3420
76	-102	3421.75
76	-100	3422.5
76	-98	3423
76	-96	3423.5
76	-94	3423.5
76	-92	3426
76	-90	3427
76	-88	3427.25
76	-86	3428.25
76	-84	3427
76	-82	3428
76	-80	3428
76	-78	3427.5
76	-76	3429.25
76	-74	3429.25
76	-72	3430.5
76	-70	3429.75
76	-68	3430.25
76	-66	3429.5
76	-64	3430.75
76	-62	3429.75
76	-60	3429
76	-58	3431.5
76	-56	3431.25
76	-54	3432
76	-52	3430.5
76	-50	3430.5
76	-48	3431.25
76	-46	3432.5
76	-44	3432
76	-42	3432.5
76	-40	3432.5
76	-38	3433.25
76	-36	3432.25
76	-34	3432.5
76	-32	3433.5
76	-30	3432.25
76	-28	3433.5
76	-26	3432.75
76	-24	3434.25
76	-22	3434.5
76	-20	3434
76	-18	3433.25
76	-16	3434.25
76	-14	3434
76	-12	3433.75
76	-10	3432.75
76	-8	3433
76	-6	3433.75
76	-4	3431.75
76	-2	3433.25
76	0	3433.25
76	2	3433
76	4	3433.75
76	6	3433.25
76	8	3434.5
76	10	3432.25
76	12	3430.75
76	14	3432.25
76	16	3433.75
76	18	3432
76	20	3434
76	22	3432.25
76	24	3433.5
76	26	3434.75
76	28	3432
76	30	3432.75
76	32	3432.25
76	34	3433
76	36	3433.75
76	38	3433.5
76	40	3434.5
76	42	3432.25
76	44	3432.75
76	46	3433.5
76	48	3432.5
76	50	3432.75
76	52	3431.75
76	54	3434
76	56	3432
76	58	3431.5
76	60	3431.25
76	62	3434.5
76	64	3433
76	66	3430.5
76	68	3431
76	70	3431.75
76	72	3431.5
76	74	3430.25
76	76	3431.25
76	78	3430.25
76	80	3429.75
76	82	3429.75
76	84	3429.25
76	86	3428.75
76	88	3428.25
76	90	3428
76	92	3428.75
76	94	3429
76	96	3428.25
76	98	3428.25
80	-290	3227.75
80	-288	3242.25
80	-286	3244.5
80	-284	3249.25
80	-282	3258.5
80	-280	3259
80	-278	3260
80	-276	3265
80	-274	3270
80	-272	3272.25
80	-270	3280.75
80	-268	3285.5
80	-266	3289
80	-264	3289.75
80	-262	3298.5
80	-260	3299.25
80	-258	3308
80	-256	3309.5
80	-254	3315.75
80	-252	3317
80	-250	3322.25
80	-248	3329
80	-246	3329.75
80	-244	3330.25
80	-242	3336.5
80	-240	3337.75
80	-238	3344
80	-236	3343.5
80	-234	3347.75
80	-232	3348.25
80	-230	3350.5
80	-228	3351.75
80	-226	3354
80	-224	3358.5
80	-222	3358.25
80	-220	3361.75
80	-218	3360.75
80	-216	3365.75
80	-214	3367.75
80	-212	3371.75
80	-210	3375.75
80	-208	3377.25
80	-206	3378.25
80	-204	3380.75
80	-202	3381.75
80	-200	3382.5
80	-198	3383.75
80	-196	3384.5
80	-194	3386
80	-192	3386.5
80	-190	3388
80	-188	3386.75
80	-186	3386.5
80	-184	3390.5
80	-182	3391.5
80	-180	3391.5
80	-178	3392
80	-176	3392
80	-174	3397
80	-172	3395.75
80	-170	3397.75
80	-168	3398.25
80	-166	3399.75
80	-164	3400.5
80	-162	3404
80	-160	3403.75
80	-158	3406.25
80	-156	3407.25
80	-154	3406
80	-152	3406.5
80	-150	3407.25
80	-148	3408.25
80	-146	3408.5
80	-144	3409.75
80	-142	3409.75
80	-140	3408.5
80	-138	3408.25
80	-136	3409
80	-134	3408.25
80	-132	3410
80	-130	3411
80	-128	3411.75
80	-126	3411.25
80	-124	3413.5
80	-122	3416.5
80	-120	3415.25
80	-118	3417
80	-116	3415.25
80	-114	3415.25
80	-112	3417.5
80	-110	3417.75
80	-108	3418.5
80	-106	3418.75
80	-104	3418.5
80	-102	3419
80	-100	3420.75
80	-98	3420.5
80	-96	3419.5
80	-94	3419.5
80	-92	3418.75
80	-90	3419.75
80	-88	3420
80	-86	3421
80	-84	3420.75
80	-82	3422.5
80	-80	3422.25
80	-78	3422.75
80	-76	3422
80	-74	3421.5
80	-72	3422.75
80	-70	3425.25
80	-68	3425
80	-66	3424.25
80	-64	3424
80	-62	3425.5
80	-60	3424.75
80	-58	3425.25
80	-56	3427.5
80	-54	3426.75
80	-52	3427
80	-50	3427.25
80	-48	3428
80	-46	3427.5
80	-44	3428.5
80	-42	3427.75
80	-40	3428.75
80	-38	3430
80	-36	3431.5
80	-34	3431
80	-32	3432.5
80	-30	3430
80	-28	3430.75
80	-26	3430.75
80	-24	3430
80	-22	3431
80	-20	3430.5
80	-18	3430.75
80	-16	3430.75
80	-14	3431.25
80	-12	3430.5
80	-10	3432
80	-8	3430
80	-6	3431.25
80	-4	3432
80	-2	3431.25
80	0	3429.5
80	2	3428.5
80	4	3430.75
80	6	3430.5
80	8	3429.75
80	10	3430
80	12	3429.75
80	14	3429.75
80	16	3429.25
80	18	3429.5
80	20	3427.75
80	22	3428.75
80	24	3429
80	26	3427.75
80	28	3429.75
80	30	3429.75
80	32	3428.5
80	34	3429
80	36	3429.25
80	38	3428.5
80	40	3426.5
80	42	3427.5
80	44	3427.5
80	46	3426.75
80	48	3428
80	50	3426.75
80	52	3429
80	54	3428
80	56	3428.75
80	58	3429.75
80	60	3427
80	62	3427.25
80	64	3427
80	66	3426.75
80	68	3428.5
80	70	3427.5
80	72	3427.75
80	74	3426.5
80	76	3425.75
80	78	3427.75
80	80	3427.5
80	82	3427.25
80	84	3426.75
80	86	3427.75
80	88	3427.25
80	90	3426.5
80	92	3427.25
80	94	3426.75
80	96	3426.5
80	98	3426.25
84	-290	3226.75
84	-288	3235.25
84	-286	3243
84	-284	3250
84	-282	3255
84	-280	3255.75
84	-278	3256.5
84	-276	3266.75
84	-274	3268.75
84	-272	3267.75
84	-270	3281
84	-268	3281.75
84	-266	3283.25
84	-264	3291.5
84	-262	3294.75
84	-260	3301
84	-258	3306.75
84	-256	3311.75
84	-254	3315.75
84	-252	3323.5
84	-250	3325.75
84	-248	3329.5
84	-246	3331.5
84	-244	3334
84	-242	3333.75
84	-240	3340
84	-238	3340.75
84	-236	3342
84	-234	3343.75
84	-232	3348.5
84	-230	3349.75
84	-228	3351.25
84	-226	3351
84	-224	3355.5
84	-222	3354
84	-220	3357.5
84	-218	3358.75
84	-216	3360.25
84	-214	3363.5
84	-212	3364.25
84	-210	3365.5
84	-208	3366
84	-206	3367.75
84	-204	3367.75
84	-202	3373.25
84	-200	3376.5
84	-198	3376.5
84	-196	3377.25
84	-194	3382.75
84	-192	3382.25
84	-190	3385.25
84	-188	3385.75
84	-186	3387.25
84	-184	3387.75
84	-182	3391.75
84	-180	3391.75
84	-178	3393.25
84	-176	3393.5
84	-174	3395.5
84	-172	3393
84	-170	3392.75
84	-168	3395.75
84	-166	3396.75
84	-164	3397.75
84	-162	3397.25
84	-160	3397.75
84	-158	3401
84	-156	3401
84	-154	3401.25
84	-152	3400.25
84	-150	3403.25
84	-148	3404.25
84	-146	3400.75
84	-144	3403.75
84	-142	3403.25
84	-140	3404.25
84	-138	3404.75
84	-136	3405.5
84	-134	3406.5
84	-132	3405.5
84	-130	3407.75
84	-128	3407
84	-126	3407.25
84	-124	3407.25
84	-122	3409
84	-120	3407
84	-118	3408
84	-116	3410.75
84	-114	3409.75
84	-112	3410.25
84	-110	3413
84	-108	3414
84	-106	3411.75
84	-104	3415.25
84	-102	3413.5
84	-100	3413.25
84	-98	3414.5
84	-96	3415
84	-94	3414.75
84	-92	3414.25
84	-90	3414.75
84	-88	3415
84	-86	3415.75
84	-84	3417
84	-82	3416.25
84	-80	3418.5
84	-78	3418.25
84	-76	3419.25
84	-74	3418.25
84	-72	3419.5
84	-70	3418
84	-68	3419
84	-66	3419.25
84	-64	3421.75
84	-62	3421
84	-60	3420.75
84	-58	3421.5
84	-56	3421
84	-54	3421.75
84	-52	3423.25
84	-50	3422.5
84	-48	3423.25
84	-46	3423.5
84	-44	3423.25
84	-42	3422.5
84	-40	3421.75
84	-38	3424
84	-36	3425
84	-34	3422.75
84	-32	3423.25
84	-30	3424.75
84	-28	3424
84	-26	3424.75
84	-24	3423.75
84	-22	3424
84	-20	3424
84	-18	3425
84	-16	3423.75
84	-14	3424.25
84	-12	3423.5
84	-10	3427.25
84	-8	3422.25
84	-6	3423.75
84	-4	3423.75
84	-2	3424
84	0	3424.5
84	2	3423
84	4	3422.5
84	6	3423.75
84	8	3424
84	10	3422.75
84	12	3423.5
84	14	3424
84	16	3424.75
84	18	3424.75
84	20	3425.75
84	22	3423.25
84	24	3424.25
84	26	3424.5
84	28	3425.25
84	30	3426.5
84	32	3424.25
84	34	3423.75
84	36	3423.75
84	38	3424
84	40	3423.25
84	42	3424.25
84	44	3425.75
84	46	3424.75
84	48	3424.5
84	50	3425.5
84	52	3423.25
84	54	3424.75
84	56	3423.75
84	58	3425
84	60	3423.25
84	62	3422
84	64	3424.75
84	66	3423
84	68	3421.75
84	70	3421.75
84	72	3423
84	74	3424.25
84	76	3423.5
84	78	3421.25
84	80	3422.75
84	82	3422
84	84	3422
84	86	3422.5
84	88	3424.5
84	90	3417.5
84	92	3420
84	94	3421
84	96	3421.5
84	98	3420.5
88	-290	3242.25
88	-288	3247.25
88	-286	3247.5
88	-284	3250.75
88	-282	3263.5
88	-280	3266
88	-278	3267
88	-276	3280.75
88	-274	3282.75
88	-272	3287
88	-270	3285.5
88	-268	3294.75
88	-266	3295
88	-264	3297
88	-262	3305.75
88	-260	3310
88	-258	3315.25
88	-256	3317.25
88	-254	3317.5
88	-252	3321.25
88	-250	3323
88	-248	3330
88	-246	3330.5
88	-244	3329.75
88	-242	3334
88	-240	3337
88	-238	3341.5
88	-236	3343.25
88	-234	3343.25
88	-232	3345.25
88	-230	3348.5
88	-228	3349
88	-226	3352.75
88	-224	3352.5
88	-222	3353.25
88	-220	3356
88	-218	3355
88	-216	3357.25
88	-214	3361.75
88	-212	3365
88	-210	3367
88	-208	3367.75
88	-206	3367.75
88	-204	3368.25
88	-202	3370.75
88	-200	3372.5
88	-198	3371.25
88	-196	3374
88	-194	3382.5
88	-192	3383.75
88	-190	3383.25
88	-188	3384.25
88	-186	3385
88	-184	3385.75
88	-182	3385.5
88	-180	3383.25
88	-178	3385.25
88	-176	3389
88	-174	3389.5
88	-172	3389.75
88	-170	3390
88	-168	3390.5
88	-166	3389.25
88	-164	3391
88	-162	3391
88	-160	3391.75
88	-158	3392.25
88	-156	3393.25
88	-154	3393.5
88	-152	3395.75
88	-150	3393.75
88	-148	3397.5
88	-146	3398.25
88	-144	3399.25
88	-142	3400
88	-140	3399.5
88	-138	3400.25
88	-136	3400.25
88	-134	3401.5
88	-132	3402.25
88	-130	3401
88	-128	3401.75
88	-126	3403.5
88	-124	3402.75
88	-122	3404.75
88	-120	3405
88	-118	3405.75
88	-116	3405.25
88	-114	3405.5
88	-112	3408
88	-110	3407
88	-108	3408
88	-106	3408.5
88	-104	3407.5
88	-102	3406.75
88	-100	3409.75
88	-98	3408
88	-96	3409.25
88	-94	3411.25
88	-92	3412.5
88	-90	3413.75
88	-88	3412.25
88	-86	3413.5
88	-84	3414.5
88	-82	3413
88	-80	3413.25
88	-78	3413.75
88	-76	3413.75
88	-74	3415
88	-72	3415.75
88	-70	3417.5
88	-68	3416
88	-66	3417
88	-64	3416.5
88	-62	3417.25
88	-60	3418.75
88	-58	3416.75
88	-56	3419.25
88	-54	3418.5
88	-52	3420.5
88	-50	3417.75
88	-48	3419.5
88	-46	3418.5
88	-44	3421
88	-42	3420.5
88	-40	3417.75
88	-38	3417.75
88	-36	3417
88	-34	3418.75
88	-32	3418
88	-30	3418
88	-28	3419.25
88	-26	3418.75
88	-24	3417
88	-22	3419.5
88	-20	3419.75
88	-18	3419.25
88	-16	3419.5
88	-14	3420.5
88	-12	3418.75
88	-10	3419.5
88	-8	3418.5
88	-6	3418.75
88	-4	3418.25
88	-2	3417.5
88	0	3421.25
88	2	3416.25
88	4	3420.5
88	6	3419.25
88	8	3422
88	10	3419
88	12	3419
88	14	3416.75
88	16	3418.5
88	18	3420.25
88	20	3416.75
88	22	3418.25
88	24	3420
88	26	3418.5
88	28	3418.5
88	30	3417.75
88	32	3419.5
88	34	3418.75
88	36	3417.75
88	38	3416.75
88	40	3418.5
88	42	3417.5
88	44	3417.5
88	46	3416.75
88	48	3416.75
88	50	3418.5
88	52	3419.25
88	54	3419
88	56	3417.75
88	58	3419
88	60	3419.25
88	62	3419
88	64	3419
88	66	3418.5
88	68	3419
88	70	3419
88	72	3419.5
88	74	3419
88	76	3418.75
88	78	3420
88	80	3418.5
88	82	3417.75
88	84	3419
88	86	3418.5
88	88	3418.5
88	90	3417.25
88	92	3418.5
88	94	3418.25
88	96	3418.5
88	98	3416.5
92	-290	3228
92	-288	3237.75
92	-286	3240.75
92	-284	3262.25
92	-282	3262.25
92	-280	3272.75
92	-278	3283.5
92	-276	3284.75
92	-274	3286.25
92	-272	3291
92	-270	3290
92	-268	3292.25
92	-266	3298
92	-264	3299.25
92	-262	3301.75
92	-260	3305.75
92	-258	3310.5
92	-256	3314.5
92	-254	3318.25
92	-252	3318.75
92	-250	3323.75
92	-248	3323
92	-246	3330.75
92	-244	3332
92	-242	3332.5
92	-240	3333.25
92	-238	3339.75
92	-236	3341.25
92	-234	3342.75
92	-232	3343.75
92	-230	3344.5
92	-228	3347.5
92	-226	3348.5
92	-224	3350.5
92	-222	3351.25
92	-220	3351.75
92	-218	3352.75
92	-216	3356.5
92	-214	3358
92	-212	3359.25
92	-210	3359.75
92	-208	3359.75
92	-206	3365
92	-204	3367.25
92	-202	3368
92	-200	3369.25
92	-198	3369
92	-196	3370.5
92	-194	3371
92	-192	3372.25
92	-190	3372.25
92	-188	3374.25
92	-186	3372.5
92	-184	3375.5
92	-182	3375
92	-180	3379
92	-178	3376.5
92	-176	3378
92	-174	3377
92	-172	3380.5
92	-170	3379.5
92	-168	3384.25
92	-166	3386.75
92	-164	3383
92	-162	3385.75
92	-160	3386.75
92	-158	3389.25
92	-156	3390.5
92	-154	3387.5
92	-152	3391
92	-150	3390.25
92	-148	3393.5
92	-146	3391.75
92	-144	3395.5
92	-142	3395.75
92	-140	3395.5
92	-138	3396.75
92	-136	3396
92	-134	3396.75
92	-132	3397.75
92	-130	3397
92	-128	3400
92	-126	3399
92	-124	3396.5
92	-122	3397
92	-120	3398.5
92	-118	3403.75
92	-116	3399.5
92	-114	3399.25
92	-112	3400.5
92	-110	3399
92	-108	3401
92	-106	3400.75
92	-104	3401.5
92	-102	3400
92	-100	3402
92	-98	3403.5
92	-96	3404
92	-94	3403.5
92	-92	3404.5
92	-90	3405
92	-88	3405.5
92	-86	3406.25
92	-84	3406.75
92	-82	3406.5
92	-80	3407.5
92	-78	3408.75
92	-76	3408
92	-74	3409.75
92	-72	3410
92	-70	3408.5
92	-68	3408.25
92	-66	3408.5
92	-64	3408
92	-62	3411
92	-60	3409.75
92	-58	3410.5
92	-56	3409.25
92	-54	3410.25
92	-52	3410.25
92	-50	3410.75
92	-48	3412
92	-46	3409.75
92	-44	3413.25
92	-42	3411.25
92	-40	3410.25
92	-38	3412.5
92	-36	3411.5
92	-34	3412
92	-32	3413.75
92	-30	3411.5
92	-28	3414
92	-26	3414
92	-24	3416.75
92	-22	3413.75
92	-20	3412.5
92	-18	3413
92	-16	3412
92	-14	3411.25
92	-12	3411.5
92	-10	3411.25
92	-8	3411.75
92	-6	3412
92	-4	3412.5
92	-2	3414
92	0	3413.25
92	2	3412.75
92	4	3412.25
92	6	3411
92	8	3410.75
92	10	3412.25
92	12	3413.5
92	14	3414
92	16	3412.75
92	18	3411.75
92	20	3412.75
92	22	3411.5
92	24	3410.25
92	26	3410.25
92	28	3413.25
92	30	3409.5
92	32	3409.25
92	34	3413
92	36	3411
92	38	3412
92	40	3414.5
92	42	3411.5
92	44	3412.25
92	46	3413
92	48	3413.25
92	50	3411
92	52	3409.75
92	54	3411.75
92	56	3412
92	58	3411
92	60	3413.5
92	62	3412.5
92	64	3414
92	66	3413.5
92	68	3412
92	70	3411.25
92	72	3411.25
92	74	3412.25
92	76	3411.75
92	78	3411.5
92	80	3411.5
92	82	3412
92	84	3411.25
92	86	3413.75
92	88	3411
92	90	3411.75
92	92	3411
92	94	3412.5
92	96	3412.25
92	98	3411.5
96	-290	3258.5
96	-288	3269.75
96	-286	3275.75
96	-284	3277
96	-282	3278.75
96	-280	3285
96	-278	3282.5
96	-276	3285.75
96	-274	3293
96	-272	3292
96	-270	3295
96	-268	3297
96	-266	3301.25
96	-264	3305.25
96	-262	3306.75
96	-260	3314
96	-258	3315.25
96	-256	3316.5
96	-254	3316.75
96	-252	3318.5
96	-250	3322.25
96	-248	3326.75
96	-246	3328.5
96	-244	3333.5
96	-242	3333.25
96	-240	3336.25
96	-238	3336.75
96	-236	3338.25
96	-234	3338.25
96	-232	3340
96	-230	3341.25
96	-228	3343
96	-226	3344.5
96	-224	3345.5
96	-222	3347.5
96	-220	3349
96	-218	3349
96	-216	3355.25
96	-214	3356
96	-212	3357.75
96	-210	3358.25
96	-208	3358.5
96	-206	3358.25
96	-204	3360
96	-202	3361
96	-200	3362.25
96	-198	3362.5
96	-196	3364.75
96	-194	3364.75
96	-192	3366.5
96	-190	3365.5
96	-188	3364.25
96	-186	3366
96	-184	3368.25
96	-182	3369
96	-180	3372.5
96	-178	3372.75
96	-176	3372
96	-174	3376.25
96	-172	3375.25
96	-170	3377.25
96	-168	3379.25
96	-166	3379.75
96	-164	3376.5
96	-162	3380
96	-160	3379.5
96	-158	3379
96	-156	3379.75
96	-154	3384.75
96	-152	3385
96	-150	3386.25
96	-148	3387.5
96	-146	3387
96	-144	3387.5
96	-142	3387.5
96	-140	3390
96	-138	3388
96	-136	3389.5
96	-134	3387
96	-132	3387.5
96	-130	3388.25
96	-128	3389
96	-126	3388.25
96	-124	3389.5
96	-122	3390.5
96	-120	3390.5
96	-118	3390
96	-116	3390.75
96	-114	3390.75
96	-112	3390.25
96	-110	3390.75
96	-108	3389.75
96	-106	3391.75
96	-104	3392.5
96	-102	3392.25
96	-100	3391.25
96	-98	3391.75
96	-96	3391.25
96	-94	3390.5
96	-92	3391.5
96	-90	3392.75
96	-88	3393.25
96	-86	3394.75
96	-84	3392.75
96	-82	3394
96	-80	3394.5
96	-78	3394.75
96	-76	3394.5
96	-74	3398.75
96	-72	3394.75
96	-70	3395.5
96	-68	3399.25
96	-66	3395.25
96	-64	3396.25
96	-62	3399
96	-60	3397.25
96	-58	3396.25
96	-56	3399.5
96	-54	3399.25
96	-52	3396.75
96	-50	3397
96	-48	3397
96	-46	3397.5
96	-44	3395
96	-42	3397.25
96	-40	3400.75
96	-38	3400
96	-36	3399.25
96	-34	3402
96	-32	3401.25
96	-30	3400
96	-28	3403
96	-26	3403
96	-24	3402.75
96	-22	3403
96	-20	3402.5
96	-18	3402.25
96	-16	3399.25
96	-14	3403.75
96	-12	3402.25
96	-10	3403.75
96	-8	3400.5
96	-6	3402.75
96	-4	3403.25
96	-2	3406.5
96	0	3405
96	2	3402.75
96	4	3407
96	6	3404.5
96	8	3403.75
96	10	3407.25
96	12	3401.5
96	14	3402.25
96	16	3399.5
96	18	3400.25
96	20	3400
96	22	3400.5
96	24	3401
96	26	3404.25
96	28	3401
96	30	3401.25
96	32	3400.25
96	34	3400
96	36	3399.5
96	38	3398.25
96	40	3400.75
96	42	3400
96	44	3400
96	46	3400.75
96	48	3399.75
96	50	3400.25
96	52	3399.25
96	54	3398
96	56	3398.75
96	58	3399.25
96	60	3401
96	62	3402.25
96	64	3400.5
96	66	3402.25
96	68	3400.5
96	70	3400.75
96	72	3401
96	74	3400
96	76	3401
96	78	3399.25
96	80	3399
96	82	3399.75
96	84	3399.75
96	86	3405
96	88	3398
96	90	3399.75
96	92	3396
96	94	3396.5
96	96	3396
96	98	3398
100	-290	3268.25
100	-288	3269.5
100	-286	3280.25
100	-284	3280.5
100	-282	3281.75
100	-280	3286
100	-278	3288.5
100	-276	3291.25
100	-274	3296.25
100	-272	3296.75
100	-270	3300.25
100	-268	3300
100	-266	3301.25
100	-264	3303.75
100	-262	3306
100	-260	3311.25
100	-258	3314.75
100	-256	3312.75
100	-254	3318
100	-252	3319.25
100	-250	3323
100	-248	3323
100	-246	3326.5
100	-244	3330.25
100	-242	3331.5
100	-240	3332.5
100	-238	3332.5
100	-236	3334.25
100	-234	3332.75
100	-232	3332.75
100	-230	3333.5
100	-228	3336.25
100	-226	3335.25
100	-224	3334.5
100	-222	3337
100	-220	3338.25
100	-218	3334.75
100	-216	3339.5
100	-214	3337.5
100	-212	3339.25
100	-210	3339.25
100	-208	3341.25
100	-206	3345.25
100	-204	3345.25
100	-202	3345.5
100	-200	3351.75
100	-198	3349.5
100	-196	3350.25
100	-194	3350.5
100	-192	3351
100	-190	3350.5
100	-188	3352
100	-186	3355
100	-184	3353.25
100	-182	3352.75
100	-180	3355
100	-178	3357.25
100	-176	3363
100	-174	3359.5
100	-172	3360.75
100	-170	3361.25
100	-168	3363.75
100	-166	3360.5
100	-164	3365.25
100	-162	3364.75
100	-160	3364.75
100	-158	3365
100	-156	3365.5
100	-154	3366.5
100	-152	3366.5
100	-150	3365.75
100	-148	3371.5
100	-146	3366.75
100	-144	3370.5
100	-142	3371.75
100	-140	3370.75
100	-138	3372.75
100	-136	3372.5
100	-134	3375.25
100	-132	3376.25
100	-130	3377.25
100	-128	3377
100	-126	3377.75
100	-124	3377.5
100	-122	3377
100	-120	3378.25
100	-118	3377.75
100	-116	3378.5
100	-114	3377.5
100	-112	3378.75
100	-110	3377.75
100	-108	3378.25
100	-106	3378.5
100	-104	3380.5
100	-102	3380.25
100	-100	3379.75
100	-98	3379.25
100	-96	3379.25
100	-94	3376.75
100	-92	3378
100	-90	3378.75
100	-88	3381.75
100	-86	3379.5
100	-84	3378.75
100	-82	3379
100	-80	3378.25
100	-78	3381.75
100	-76	3379.75
100	-74	3380.5
100	-72	3383.25
100	-70	3383
100	-68	3384
100	-66	3384.25
100	-64	3385.25
100	-62	3383.25
100	-60	3385.25
100	-58	3385.5
100	-56	3383.75
100	-54	3386.5
100	-52	3385.75
100	-50	3386.75
100	-48	3383.5
100	-46	3387.75
100	-44	3383.5
100	-42	3383.5
100	-40	3384.25
100	-38	3384.25
100	-36	3383.75
100	-34	3387.25
100	-32	3384.5
100	-30	3385.5
100	-28	3385
100	-26	3385.5
100	-24	3387
100	-22	3388.5
100	-20	3388
100	-18	3385
100	-16	3385.25
100	-14	3390.5
100	-12	3388
100	-10	3392.5
100	-8	3388.75
100	-6	3397
100	-4	3388.5
100	-2	3386.25
100	0	3391.5
100	2	3388.25
100	4	3388.5
100	6	3387.25
100	8	3389.25
100	10	3390
100	12	3389.75
100	14	3388.25
100	16	3389.75
100	18	3390
100	20	3393
100	22	3389.25
100	24	3389.25
100	26	3389.25
100	28	3388.75
100	30	3388.75
100	32	3390.5
100	34	3390.75
100	36	3389.25
100	38	3391.25
100	40	3390.75
100	42	3386.75
100	44	3386.5
100	46	3393
100	48	3389.75
100	50	3390.75
100	52	3390
100	54	3391
100	56	3393
100	58	3391
100	60	3392.25
100	62	3389.75
100	64	3391.75
100	66	3391.5
100	68	3390
100	70	3391.25
100	72	3389
100	74	3387.25
100	76	3390.25
100	78	3389.75
100	80	3390
100	82	3392.75
100	84	3392.25
100	86	3390.75
100	88	3389.75
100	90	3388
100	92	3390
100	94	3388.75
100	96	3387.5
100	98	3386.75
104	-290	3275
104	-288	3279.5
104	-286	3282.25
104	-284	3284
104	-282	3285.75
104	-280	3286.75
104	-278	3289.5
104	-276	3291
104	-274	3290
104	-272	3290.5
104	-270	3295.5
104	-268	3299.25
104	-266	3302
104	-264	3302.25
104	-262	3305.25
104	-260	3307.25
104	-258	3307.25
104	-256	3308.5
104	-254	3308
104	-252	3310.25
104	-250	3310.5
104	-248	3311
104	-246	3314.75
104	-244	3313
104	-242	3319.25
104	-240	3321.5
104	-238	3322
104	-236	3322.75
104	-234	3324.75
104	-232	3323
104	-230	3323
104	-228	3326.5
104	-226	3328.25
104	-224	3328.5
104	-222	3330.25
104	-220	3332.25
104	-218	3332
104	-216	3332.25
104	-214	3332.25
104	-212	3332.5
104	-210	3334.25
104	-208	3332.75
104	-206	3335
104	-204	3334.25
104	-202	3338
104	-200	3336.5
104	-198	3337.75
104	-196	3340.5
104	-194	3337.25
104	-192	3342.75
104	-190	3337.75
104	-188	3338.5
104	-186	3343.5
104	-184	3343.5
104	-182	3343
104	-180	3344.75
104	-178	3345
104	-176	3344.5
104	-174	3345.75
104	-172	3343.25
104	-170	3347.25
104	-168	3349
104	-166	3352
104	-164	3350.5
104	-162	3351.5
104	-160	3352.25
104	-158	3353.25
104	-156	3352.5
104	-154	3354.75
104	-152	3353.5
104	-150	3356.5
104	-148	3357.25
104	-146	3354.25
104	-144	3355.25
104	-142	3355.25
104	-140	3356.25
104	-138	3357.5
104	-136	3358.25
104	-134	3353.25
104	-132	3358
104	-130	3355.25
104	-128	3359.5
104	-126	3357.5
104	-124	3358
104	-122	3359
104	-120	3358.5
104	-118	3358.25
104	-116	3358.75
104	-114	3356.25
104	-112	3360
104	-110	3359
104	-108	3361
104	-106	3359.5
104	-104	3361.5
104	-102	3360.25
104	-100	3360.75
104	-98	3361.5
104	-96	3363.5
104	-94	3362.75
104	-92	3363
104	-90	3362.25
104	-88	3359.75
104	-86	3362.5
104	-84	3361
104	-82	3363.5
104	-80	3363
104	-78	3367.75
104	-76	3364.75
104	-74	3364.25
104	-72	3366
104	-70	3367
104	-68	3366
104	-66	3366
104	-64	3367.75
104	-62	3368.25
104	-60	3366.25
104	-58	3366.75
104	-56	3367.75
104	-54	3369.25
104	-52	3369.75
104	-50	3369.25
104	-48	3369.75
104	-46	3368.5
104	-44	3369.25
104	-42	3369
104	-40	3370
104	-38	3369
104	-36	3369.5
104	-34	3371
104	-32	3370.25
104	-30	3368
104	-28	3372
104	-26	3370
104	-24	3371.25
104	-22	3374
104	-20	3372
104	-18	3374.25
104	-16	3372.75
104	-14	3373.5
104	-12	3376.75
104	-10	3372.5
104	-8	3373
104	-6	3374.25
104	-4	3373.25
104	-2	3374.75
104	0	3373.25
104	2	3371
104	4	3375.75
104	6	3374.5
104	8	3375.5
104	10	3375.75
104	12	3374.25
104	14	3374.25
104	16	3374
104	18	3374.25
104	20	3376.75
104	22	3374
104	24	3374.5
104	26	3373.5
104	28	3374.5
104	30	3374.75
104	32	3373.5
104	34	3375.5
104	36	3376
104	38	3374.25
104	40	3373.25
104	42	3373.5
104	44	3373.5
104	46	3374.75
104	48	3375
104	50	3375.75
104	52	3373.5
104	54	3372
104	56	3374.5
104	58	3372.5
104	60	3375.5
104	62	3373
104	64	3372.5
104	66	3379.5
104	68	3371.5
104	70	3373.5
104	72	3375.75
104	74	3377
104	76	3375
104	78	3375.5
104	80	3375.25
104	82	3375.5
104	84	3375
104	86	3374.75
104	88	3377
104	90	3376.25
104	92	3383
104	94	3375.75
104	96	3372
104	98	3375.75
108	-290	3279.25
108	-288	3281
108	-286	3280
108	-284	3279.75
108	-282	3283.5
108	-280	3285.5
108	-278	3287.5
108	-276	3289.25
108	-274	3288.25
108	-272	3291
108	-270	3293.25
108	-268	3295
108	-266	3295
108	-264	3296.5
108	-262	3299.5
108	-260	3298.5
108	-258	3300.25
108	-256	3301
108	-254	3299.5
108	-252	3303.25
108	-250	3302
108	-248	3304.25
108	-246	3310
108	-244	3309.25
108	-242	3309.25
108	-240	3313
108	-238	3309.5
108	-236	3311.5
108	-234	3313
108	-232	3313
108	-230	3313
108	-228	3314
108	-226	3314
108	-224	3313.5
108	-222	3314
108	-220	3313.75
108	-218	3314.5
108	-216	3315
108	-214	3317.5
108	-212	3318.5
108	-210	3318.5
108	-208	3321.75
108	-206	3322.25
108	-204	3329.75
108	-202	3322
108	-200	3323.5
108	-198	3323.5
108	-196	3326.25
108	-194	3324
108	-192	3330.5
108	-190	3327
108	-188	3322.5
108	-186	3327
108	-184	3332
108	-182	3329.5
108	-180	3329.25
108	-178	3329
108	-176	3329.5
108	-174	3337.25
108	-172	3332.5
108	-170	3340
108	-168	3331.5
108	-166	3335.5
108	-164	3337.25
108	-162	3334.5
108	-160	3336.25
108	-158	3335
108	-156	3336.75
108	-154	3336.25
108	-152	3342.25
108	-150	3344
108	-148	3341.75
108	-146	3341.5
108	-144	3343
108	-142	3345.75
108	-140	3348.5
108	-138	3347.5
108	-136	3342.25
108	-134	3347.25
108	-132	3348.25
108	-130	3349
108	-128	3348.5
108	-126	3344.25
108	-124	3344.5
108	-122	3348.5
108	-120	3348
108	-118	3350.25
108	-116	3348.25
108	-114	3344.25
108	-112	3346.25
108	-110	3345.75
108	-108	3348
108	-106	3347.25
108	-104	3348
108	-102	3349.25
108	-100	3349.25
108	-98	3349
108	-96	3351.75
108	-94	3350
108	-92	3349.75
108	-90	3357.25
108	-88	3349.25
108	-86	3350.5
108	-84	3351.25
108	-82	3351.5
108	-80	3350.5
108	-78	3356.25
108	-76	3354.25
108	-74	3350.5
108	-72	3349.5
108	-70	3358.75
108	-68	3352.75
108	-66	3356
108	-64	3354.25
108	-62	3354.25
108	-60	3355
108	-58	3353
108	-56	3358
108	-54	3360.5
108	-52	3355
108	-50	3358.25
108	-48	3355
108	-46	3355.75
108	-44	3357.5
108	-42	3358.75
108	-40	3361.75
108	-38	3361.25
108	-36	3356
108	-34	3357.75
108	-32	3363.25
108	-30	3362
108	-28	3358.5
108	-26	3361.75
108	-24	3362.25
108	-22	3362.5
108	-20	3359.5
108	-18	3362.25
108	-16	3358.5
108	-14	3360
108	-12	3358.25
108	-10	3358.25
108	-8	3359.25
108	-6	3359.75
108	-4	3361
108	-2	3359
108	0	3357
108	2	3359.25
108	4	3360.25
108	6	3358.75
108	8	3358
108	10	3358.75
108	12	3364
108	14	3358
108	16	3365.25
108	18	3360.75
108	20	3364.5
108	22	3358.5
108	24	3361.75
108	26	3363.25
108	28	3362.25
108	30	3362.25
108	32	3363.75
108	34	3362
108	36	3360.75
108	38	3362.5
108	40	3364
108	42	3364.25
108	44	3366
108	46	3361
108	48	3363.5
108	50	3364
108	52	3361.25
108	54	3361.75
108	56	3368.5
108	58	3360
108	60	3360
108	62	3362.5
108	64	3363.25
108	66	3362.5
108	68	3362.25
108	70	3361.5
108	72	3364.75
108	74	3361.25
108	76	3360.25
108	78	3363
108	80	3359.75
108	82	3360.5
108	84	3360
108	86	3359.75
108	88	3359.25
108	90	3359.5
108	92	3362.75
108	94	3360.75
108	96	3362.75
108	98	3359.25
112	-290	3264
112	-288	3269.25
112	-286	3271
112	-284	3275.25
112	-282	3280.25
112	-280	3277.25
112	-278	3271
112	-276	3274
112	-274	3274.25
112	-272	3271.25
112	-270	3274.25
112	-268	3277.5
112	-266	3285.25
112	-264	3281
112	-262	3284
112	-260	3283.75
112	-258	3284.5
112	-256	3287
112	-254	3286.25
112	-252	3288.25
112	-250	3287.25
112	-248	3286.75
112	-246	3291.5
112	-244	3292.75
112	-242	3294.25
112	-240	3296
112	-238	3297.25
112	-236	3296.5
112	-234	3296.75
112	-232	3302
112	-230	3303.5
112	-228	3301.75
112	-226	3304.75
112	-224	3307
112	-222	3306.5
112	-220	3308.5
112	-218	3305.75
112	-216	3306
112	-214	3303.75
112	-212	3303
112	-210	3305.5
112	-208	3306.5
112	-206	3311.25
112	-204	3308.75
112	-202	3309
112	-200	3310.75
112	-198	3310.25
112	-196	3310.5
112	-194	3315.5
112	-192	3318
112	-190	3318
112	-188	3321.25
112	-186	3317
112	-184	3316.5
112	-182	3316.75
112	-180	3316.25
112	-178	3316
112	-176	3316.25
112	-174	3316.5
112	-172	3317.75
112	-170	3318.25
112	-168	3317.25
112	-166	3319
112	-164	3319.75
112	-162	3322
112	-160	3322.25
112	-158	3327.25
112	-156	3322.25
112	-154	3321.75
112	-152	3321.75
112	-150	3325.5
112	-148	3323.75
112	-146	3329
112	-144	3334
112	-142	3330
112	-140	3329.25
112	-138	3329.25
112	-136	3329.75
112	-134	3332
112	-132	3332.5
112	-130	3331.25
112	-128	3332
112	-126	3333.75
112	-124	3331.75
112	-122	3333
112	-120	3333.5
112	-118	3334
112	-116	3339.5
112	-114	3337.25
112	-112	3331
112	-110	3330.25
112	-108	3334.25
112	-106	3332.5
112	-104	3337.25
112	-102	3335.75
112	-100	3332.25
112	-98	3332.5
112	-96	3334.75
112	-94	3334
112	-92	3335
112	-90	3343.25
112	-88	3341.25
112	-86	3344.75
112	-84	3339
112	-82	3339.25
112	-80	3337.75
112	-78	3342.25
112	-76	3340
112	-74	3340.5
112	-72	3338.25
112	-70	3338.5
112	-68	3340.5
112	-66	3337.5
112	-64	3338
112	-62	3337.5
112	-60	3337.25
112	-58	3342.5
112	-56	3341
112	-54	3340.25
112	-52	3338
112	-50	3345
112	-48	3341.5
112	-46	3339.75
112	-44	3343.25
112	-42	3342
112	-40	3342.25
112	-38	3339.5
112	-36	3339.75
112	-34	3340.25
112	-32	3350.5
112	-30	3352
112	-28	3339.25
112	-26	3339.75
112	-24	3339.75
112	-22	3339
112	-20	3341
112	-18	3338.5
112	-16	3337.25
112	-14	3339
112	-12	3338.75
112	-10	3342.5
112	-8	3337.25
112	-6	3339.25
112	-4	3339.5
112	-2	3339.25
112	0	3340
112	2	3340
112	4	3341
112	6	3340.5
112	8	3339
112	10	3341.5
112	12	3340.5
112	14	3341.75
112	16	3341.25
112	18	3341.5
112	20	3342
112	22	3338.5
112	24	3339
112	26	3337.5
112	28	3343.5
112	30	3339.75
112	32	3339.25
112	34	3336.25
112	36	3340.5
112	38	3338.75
112	40	3335.5
112	42	3339
112	44	3336.75
112	46	3335.25
112	48	3335.5
112	50	3335
112	52	3337.25
112	54	3333.75
112	56	3338.25
112	58	3333
112	60	3337.5
112	62	3334
112	64	3338.75
112	66	3337.25
112	68	3337
112	70	3340.5
112	72	3337.75
112	74	3335.75
112	76	3337.75
112	78	3337
112	80	3339
112	82	3338.25
112	84	3337.5
112	86	3336.5
112	88	3337
112	90	3336.25
112	92	3336.25
112	94	3337.25
112	96	3335.5
112	98	3336.5
116	-290	3240.5
116	-288	3244.25
116	-286	3240.25
116	-284	3242.25
116	-282	3248.75
116	-280	3247.5
116	-278	3248.25
116	-276	3251.5
116	-274	3257.5
116	-272	3256.75
116	-270	3252.75
116	-268	3254.75
116	-266	3259
116	-264	3258.25
116	-262	3265.75
116	-260	3259.25
116	-258	3261.25
116	-256	3262.25
116	-254	3264
116	-252	3264.75
116	-250	3264.25
116	-248	3266.75
116	-246	3272.25
116	-244	3266.75
116	-242	3269.25
116	-240	3270.5
116	-238	3272.25
116	-236	3277.75
116	-234	3272.25
116	-232	3286.5
116	-230	3281.25
116	-228	3281.5
116	-226	3284.75
116	-224	3286
116	-222	3285.5
116	-220	3286
116	-218	3288.5
116	-216	3285.25
116	-214	3286.75
116	-212	3295.75
116	-210	3289.75
116	-208	3296.75
116	-206	3288.5
116	-204	3290.75
116	-202	3297
116	-200	3291
116	-198	3300.25
116	-196	3302.75
116	-194	3299
116	-192	3295.5
116	-190	3298.75
116	-188	3299.25
116	-186	3293.25
116	-184	3298.25
116	-182	3295.75
116	-180	3300
116	-178	3301.5
116	-176	3296
116	-174	3297
116	-172	3301.5
116	-170	3295
116	-168	3297.25
116	-166	3297.25
116	-164	3297.25
116	-162	3296.5
116	-160	3298.5
116	-158	3300.75
116	-156	3292.75
116	-154	3300.75
116	-152	3301
116	-150	3299.75
116	-148	3296.5
116	-146	3298.5
116	-144	3308.25
116	-142	3294.5
116	-140	3292.75
116	-138	3292.75
116	-136	3290.5
116	-134	3294.5
116	-132	3293.75
116	-130	3294.75
116	-128	3316
116	-126	3303.5
116	-124	3296.25
116	-122	3297.75
116	-120	3298
116	-118	3307
116	-116	3298
116	-114	3297.75
116	-112	3303.5
116	-110	3302.25
116	-108	3299.5
116	-106	3299.25
116	-104	3302.25
116	-102	3302.5
116	-100	3310.25
116	-98	3302.75
116	-96	3306.25
116	-94	3302.75
116	-92	3308.25
116	-90	3312.75
116	-88	3304.75
116	-86	3307
116	-84	3306.75
116	-82	3306.25
116	-80	3307
116	-78	3307
116	-76	3312.5
116	-74	3306.75
116	-72	3306.25
116	-70	3309
116	-68	3307.75
116	-66	3308
116	-64	3308
116	-62	3312
116	-60	3311
116	-58	3307.5
116	-56	3309.25
116	-54	3311.5
116	-52	3307.5
116	-50	3310.5
116	-48	3309
116	-46	3310.75
116	-44	3318.5
116	-42	3311.5
116	-40	3309.25
116	-38	3308.75
116	-36	3311
116	-34	3308.5
116	-32	3309.75
116	-30	3310.5
116	-28	3306
116	-26	3308
116	-24	3309.75
116	-22	3317
116	-20	3308
116	-18	3310.75
116	-16	3305.75
116	-14	3312
116	-12	3309.75
116	-10	3308.5
116	-8	3308
116	-6	3311.75
116	-4	3305.75
116	-2	3308
116	0	3307.75
116	2	3306.5
116	4	3307.5
116	6	3307
116	8	3308
116	10	3308.25
116	12	3307.25
116	14	3305.25
116	16	3311.75
116	18	3316.5
116	20	3310
116	22	3314.25
116	24	3308.75
116	26	3309.25
116	28	3315.25
116	30	3310
116	32	3309
116	34	3310.25
116	36	3314.5
116	38	3311.75
116	40	3313.25
116	42	3321.25
116	44	3317.5
116	46	3312.75
116	48	3315.75
116	50	3322
116	52	3311
116	54	3312.25
116	56	3309.75
116	58	3316.25
116	60	3319
116	62	3322.25
116	64	3313.75
116	66	3312.25
116	68	3314.5
116	70	3313.25
116	72	3312
116	74	3311.75
116	76	3313.75
116	78	3311.5
116	80	3318
116	82	3313.75
116	84	3311.5
116	86	3313.5
116	88	3314
116	90	3315.25
116	92	3309
116	94	3316.5
116	96	3307.5
116	98	3311.5
120	-290	3183.75
120	-288	3174.75
120	-286	3171.25
120	-284	3172.25
120	-282	3174.5
120	-280	3176.25
120	-278	3176.75
120	-276	3176.25
120	-274	3177
120	-272	3178.75
120	-270	3179.25
120	-268	3180.25
120	-266	3191
120	-264	3176.75
120	-262	3186.5
120	-260	3186.5
120	-258	3193.75
120	-256	3182.5
120	-254	3187.75
120	-252	3187.25
120	-250	3195.75
120	-248	3201
120	-246	3193.5
120	-244	3199.5
120	-242	3200.25
120	-240	3195.75
120	-238	3198
120	-236	3207.5
120	-234	3198.5
120	-232	3203.5
120	-230	3203.5
120	-228	3211.5
120	-226	3203.5
120	-224	3212
120	-222	3209.5
120	-220	3210.5
120	-218	3213.25
120	-216	3223.5
120	-214	3219.25
120	-212	3216.25
120	-210	3216.25
120	-208	3215.25
120	-206	3216
120	-204	3219
120	-202	3215.5
120	-200	3226.25
120	-198	3225.25
120	-196	3226.75
120	-194	3223.5
120	-192	3219.75
120	-190	3220.25
120	-188	3225.25
120	-186	3223.5
120	-184	3228.75
120	-182	3225
120	-180	3235.5
120	-178	3224
120	-176	3226.75
120	-174	3224.75
120	-172	3225
120	-170	3232.75
120	-168	3231.5
120	-166	3239.5
120	-164	3232.5
120	-162	3231.75
120	-160	3243.25
120	-158	3234.25
120	-156	3236.5
120	-154	3233.25
120	-152	3236.75
120	-150	3240.5
120	-148	3234.75
120	-146	3235.75
120	-144	3236.5
120	-142	3240.25
120	-140	3237.5
120	-138	3242.5
120	-136	3236.75
120	-134	3239.25
120	-132	3243.5
120	-130	3239.75
120	-128	3236.75
120	-126	3244.25
120	-124	3243
120	-122	3247.25
120	-120	3262.5
120	-118	3251.25
120	-116	3254
120	-114	3242.5
120	-112	3248.75
120	-110	3243.5
120	-108	3246
120	-106	3244.75
120	-104	3247.25
120	-102	3254.5
120	-100	3246.25
120	-98	3245.5
120	-96	3243.5
120	-94	3258
120	-92	3249
120	-90	3244.75
120	-88	3244.5
120	-86	3245.5
120	-84	3245.5
120	-82	3254
120	-80	3245.25
120	-78	3254.5
120	-76	3250.75
120	-74	3246.25
120	-72	3253.5
120	-70	3244.5
120	-68	3247
120	-66	3245.75
120	-64	3245.25
120	-62	3250.5
120	-60	3244.5
120	-58	3249.25
120	-56	3250.75
120	-54	3247.75
120	-52	3248
120	-50	3251.75
120	-48	3244.75
120	-46	3263
120	-44	3248.5
120	-42	3253.75
120	-40	3249.75
120	-38	3255
120	-36	3248.5
120	-34	3250.25
120	-32	3247.75
120	-30	3250.25
120	-28	3250.5
120	-26	3253.5
120	-24	3250.75
120	-22	3257
120	-20	3254.25
120	-18	3262.25
120	-16	3257
120	-14	3249.25
120	-12	3263.75
120	-10	3255.5
120	-8	3247.75
120	-6	3246.25
120	-4	3248.25
120	-2	3249.5
120	0	3251.5
120	2	3250
120	4	3245.5
120	6	3250.75
120	8	3245.5
120	10	3247.25
120	12	3256
120	14	3249
120	16	3247.75
120	18	3247.25
120	20	3247.5
120	22	3246.75
120	24	3248.5
120	26	3250.75
120	28	3250
120	30	3253
120	32	3255
120	34	3251.25
120	36	3256
120	38	3260.75
120	40	3245.5
120	42	3247
120	44	3248.25
120	46	3252.5
120	48	3246.75
120	50	3248.75
120	52	3250.25
120	54	3250.75
120	56	3245.25
120	58	3258
120	60	3249.5
120	62	3248.25
120	64	3248.5
120	66	3246.75
120	68	3247.25
120	70	3246.25
120	72	3250.25
120	74	3246.75
120	76	3246.5
120	78	3248.25
120	80	3249
120	82	3245.75
120	84	3250.75
120	86	3244.5
120	88	3247
120	90	3244
120	92	3248.5
120	94	3247
120	96	3246.25
120	98	3244.5
