64	-290	3842.45703125
64	-288	3844.146484375
64	-286	3846.125
64	-284	3848.0546875
64	-282	3849.869140625
64	-280	3851.677734375
64	-278	3853.568359375
64	-276	3855.306640625
64	-274	3857.306640625
64	-272	3859.142578125
64	-270	3861.041015625
64	-268	3862.67578125
64	-266	3864.173828125
64	-264	3866.150390625
64	-262	3867.765625
64	-260	3869.125
64	-258	3870.970703125
64	-256	3872.697265625
64	-254	3874.11328125
64	-252	3875.705078125
64	-250	3877.513671875
64	-248	3879.142578125
64	-246	3880.546875
64	-244	3882.140625
64	-242	3883.568359375
64	-240	3885.244140625
64	-238	3886.66796875
64	-236	3888.15234375
64	-234	3889.8515625
64	-232	3891.302734375
64	-230	3892.896484375
64	-228	3894.43359375
64	-226	3895.95703125
64	-224	3897.369140625
64	-222	3898.6328125
64	-220	3899.8828125
64	-218	3901.56640625
64	-216	3902.765625
64	-214	3904.0234375
64	-212	3905.392578125
64	-210	3906.712890625
64	-208	3908.04296875
64	-206	3909.30078125
64	-204	3910.4296875
64	-202	3911.71875
64	-200	3912.90234375
64	-198	3913.8828125
64	-196	3914.984375
64	-194	3915.90625
64	-192	3916.96484375
64	-190	3917.96875
64	-188	3918.912109375
64	-186	3919.806640625
64	-184	3920.912109375
64	-182	3921.646484375
64	-180	3922.341796875
64	-178	3923.07421875
64	-176	3924.04296875
64	-174	3924.791015625
64	-172	3925.580078125
64	-170	3926.330078125
64	-168	3926.94140625
64	-166	3927.568359375
64	-164	3928.267578125
64	-162	3928.890625
64	-160	3929.3046875
64	-158	3929.77734375
64	-156	3930.296875
64	-154	3930.935546875
64	-152	3931.390625
64	-150	3931.95703125
64	-148	3932.30859375
64	-146	3932.86328125
64	-144	3933.328125
64	-142	3933.71484375
64	-140	3934.173828125
64	-138	3934.587890625
64	-136	3934.923828125
64	-134	3935.376953125
64	-132	3935.818359375
64	-130	3936.162109375
64	-128	3936.5390625
64	-126	3936.853515625
64	-124	3937.2265625
64	-122	3937.560546875
64	-120	3937.84765625
64	-118	3938.150390625
64	-116	3938.462890625
64	-114	3938.7421875
64	-112	3939.171875
64	-110	3939.375
64	-108	3939.6875
64	-106	3939.986328125
64	-104	3940.177734375
64	-102	3940.3828125
64	-100	3940.82421875
64	-98	3941.07421875
64	-96	3941.400390625
64	-94	3941.62890625
64	-92	3941.791015625
64	-90	3942.08984375
64	-88	3942.353515625
64	-86	3942.46875
64	-84	3942.75390625
64	-82	3942.828125
64	-80	3943.068359375
64	-78	3943.302734375
64	-76	3943.46875
64	-74	3943.5625
64	-72	3943.763671875
64	-70	3943.9375
64	-68	3944.013671875
64	-66	3944.19921875
64	-64	3944.369140625
64	-62	3944.515625
64	-60	3944.587890625
64	-58	3944.72265625
64	-56	3944.9609375
64	-54	3944.99609375
64	-52	3945.16015625
64	-50	3945.283203125
64	-48	3945.45703125
64	-46	3945.474609375
64	-44	3945.544921875
64	-42	3945.72265625
64	-40	3945.875
64	-38	3945.869140625
64	-36	3946.076171875
64	-34	3946.05859375
64	-32	3946.111328125
64	-30	3946.1953125
64	-28	3946.365234375
64	-26	3946.41015625
64	-24	3946.484375
64	-22	3946.5703125
64	-20	3946.55859375
64	-18	3946.537109375
64	-16	3946.6015625
64	-14	3946.734375
64	-12	3946.818359375
64	-10	3946.7890625
64	-8	3946.9296875
64	-6	3946.869140625
64	-4	3946.94921875
64	-2	3946.9296875
64	0	3946.896484375
64	2	3946.931640625
64	4	3946.95703125
64	6	3947.046875
64	8	3947.080078125
64	10	3947.09765625
64	12	3947.10546875
64	14	3947.072265625
64	16	3947
64	18	3947.041015625
64	20	3947.025390625
64	22	3947.080078125
64	24	3947.078125
64	26	3947.138671875
64	28	3947.037109375
64	30	3947.015625
64	32	3946.998046875
64	34	3946.955078125
64	36	3946.927734375
64	38	3946.833984375
64	40	3946.818359375
64	42	3946.755859375
64	44	3946.759765625
64	46	3946.712890625
64	48	3946.62890625
64	50	3946.6328125
64	52	3946.65234375
64	54	3946.68359375
64	56	3946.57421875
64	58	3946.52734375
64	60	3946.474609375
64	62	3946.37890625
64	64	3946.41015625
64	66	3946.38671875
64	68	3946.37109375
64	70	3946.287109375
64	72	3946.259765625
64	74	3946.23828125
64	76	3946.091796875
64	78	3946.1015625
64	80	3946.06640625
64	82	3945.978515625
64	84	3945.869140625
64	86	3945.8359375
64	88	3945.65234375
64	90	3945.580078125
64	92	3945.55859375
64	94	3945.35546875
64	96	3945.21875
64	98	3944.865234375
68	-290	3842.564453125
68	-288	3844.52734375
68	-286	3846.484375
68	-284	3848.251953125
68	-282	3850.0546875
68	-280	3852.095703125
68	-278	3853.732421875
68	-276	3855.369140625
68	-274	3857.37890625
68	-272	3859.181640625
68	-270	3860.818359375
68	-268	3862.46484375
68	-266	3864.259765625
68	-264	3866.09375
68	-262	3867.90234375
68	-260	3869.45703125
68	-258	3871.103515625
68	-256	3872.515625
68	-254	3874.35546875
68	-252	3876.134765625
68	-250	3877.63671875
68	-248	3879.177734375
68	-246	3880.931640625
68	-244	3882.15625
68	-242	3883.701171875
68	-240	3885.26171875
68	-238	3886.869140625
68	-236	3888.490234375
68	-234	3889.859375
68	-232	3891.400390625
68	-230	3892.666015625
68	-228	3894.142578125
68	-226	3895.818359375
68	-224	3897.3125
68	-222	3898.640625
68	-220	3900.162109375
68	-218	3901.662109375
68	-216	3903.01953125
68	-214	3904.08203125
68	-212	3905.361328125
68	-210	3906.69140625
68	-208	3907.9375
68	-206	3909.005859375
68	-204	3910.314453125
68	-202	3911.4921875
68	-200	3912.4375
68	-198	3913.345703125
68	-196	3914.43359375
68	-194	3915.478515625
68	-192	3916.35546875
68	-190	3917.41796875
68	-188	3918.525390625
68	-186	3919.466796875
68	-184	3920.34765625
68	-182	3921.169921875
68	-180	3921.92578125
68	-178	3922.65625
68	-176	3923.451171875
68	-174	3924.126953125
68	-172	3924.947265625
68	-170	3925.5234375
68	-168	3926.287109375
68	-166	3926.837890625
68	-164	3927.42578125
68	-162	3928.076171875
68	-160	3928.580078125
68	-158	3929.1015625
68	-156	3929.62109375
68	-154	3930.130859375
68	-152	3930.650390625
68	-150	3931.310546875
68	-148	3931.69921875
68	-146	3932.21875
68	-144	3932.501953125
68	-142	3932.90234375
68	-140	3933.404296875
68	-138	3933.6796875
68	-136	3934.25
68	-134	3934.517578125
68	-132	3934.982421875
68	-130	3935.337890625
68	-128	3935.5859375
68	-126	3935.98828125
68	-124	3936.33984375
68	-122	3936.64453125
68	-120	3936.853515625
68	-118	3937.228515625
68	-116	3937.60546875
68	-114	3937.845703125
68	-112	3938.12109375
68	-110	3938.4375
68	-108	3938.806640625
68	-106	3938.978515625
68	-104	3939.193359375
68	-102	3939.546875
68	-100	3939.798828125
68	-98	3940.111328125
68	-96	3940.400390625
68	-94	3940.57421875
68	-92	3940.6640625
68	-90	3941.046875
68	-88	3941.279296875
68	-86	3941.46875
68	-84	3941.53515625
68	-82	3941.7109375
68	-80	3941.9765625
68	-78	3942.216796875
68	-76	3942.3359375
68	-74	3942.646484375
68	-72	3942.833984375
68	-70	3942.83203125
68	-68	3943.076171875
68	-66	3943.1875
68	-64	3943.318359375
68	-62	3943.451171875
68	-60	3943.57421875
68	-58	3943.75
68	-56	3943.84765625
68	-54	3944.033203125
68	-52	3944.05859375
68	-50	3944.185546875
68	-48	3944.294921875
68	-46	3944.421875
68	-44	3944.48046875
68	-42	3944.619140625
68	-40	3944.70703125
68	-38	3944.80078125
68	-36	3944.982421875
68	-34	3945.033203125
68	-32	3945.140625
68	-30	3945.22265625
68	-28	3945.296875
68	-26	3945.357421875
68	-24	3945.51171875
68	-22	3945.560546875
68	-20	3945.544921875
68	-18	3945.578125
68	-16	3945.580078125
68	-14	3945.666015625
68	-12	3945.71484375
68	-10	3945.619140625
68	-8	3945.740234375
68	-6	3945.892578125
68	-4	3945.931640625
68	-2	3945.841796875
68	0	3945.8046875
68	2	3945.927734375
68	4	3945.927734375
68	6	3945.9609375
68	8	3945.90234375
68	10	3945.9296875
68	12	3945.990234375
68	14	3945.921875
68	16	3945.93359375
68	18	3945.98046875
68	20	3945.9296875
68	22	3946.005859375
68	24	3945.95703125
68	26	3945.974609375
68	28	3945.91015625
68	30	3945.912109375
68	32	3945.904296875
68	34	3945.93359375
68	36	3945.90625
68	38	3945.958984375
68	40	3945.94921875
68	42	3945.98046875
68	44	3945.828125
68	46	3945.845703125
68	48	3945.734375
68	50	3945.724609375
68	52	3945.59765625
68	54	3945.552734375
68	56	3945.646484375
68	58	3945.4921875
68	60	3945.486328125
68	62	3945.390625
68	64	3945.361328125
68	66	3945.2421875
68	68	3945.1171875
68	70	3945.103515625
68	72	3945.005859375
68	74	3945.072265625
68	76	3944.84765625
68	78	3944.875
68	80	3944.818359375
68	82	3944.576171875
68	84	3944.5625
68	86	3944.53515625
68	88	3944.357421875
68	90	3944.28125
68	92	3944.158203125
68	94	3944.115234375
68	96	3943.822265625
68	98	3943.568359375
72	-290	3843.166015625
72	-288	3845.49609375
72	-286	3847.169921875
72	-284	3848.828125
72	-282	3850.646484375
72	-280	3852.607421875
72	-278	3854.21875
72	-276	3855.970703125
72	-274	3857.849609375
72	-272	3859.546875
72	-270	3861.275390625
72	-268	3863.20703125
72	-266	3865.142578125
72	-264	3866.841796875
72	-262	3868.375
72	-260	3870.1484375
72	-258	3871.806640625
72	-256	3873.37109375
72	-254	3875.138671875
72	-252	3876.69921875
72	-250	3878.2578125
72	-248	3879.94140625
72	-246	3881.375
72	-244	3882.955078125
72	-242	3884.4765625
72	-240	3885.9296875
72	-238	3887.23828125
72	-236	3888.779296875
72	-234	3890.435546875
72	-232	3891.7578125
72	-230	3893.501953125
72	-228	3894.8203125
72	-226	3896.265625
72	-224	3897.5546875
72	-222	3898.771484375
72	-220	3900.109375
72	-218	3901.734375
72	-216	3902.76953125
72	-214	3903.876953125
72	-212	3905.166015625
72	-210	3906.291015625
72	-208	3907.697265625
72	-206	3908.93359375
72	-204	3910.021484375
72	-202	3911
72	-200	3912.12109375
72	-198	3913.203125
72	-196	3913.916015625
72	-194	3914.79296875
72	-192	3915.693359375
72	-190	3916.642578125
72	-188	3917.603515625
72	-186	3918.447265625
72	-184	3919.294921875
72	-182	3920.0703125
72	-180	3921.068359375
72	-178	3921.74609375
72	-176	3922.6328125
72	-174	3923.240234375
72	-172	3923.869140625
72	-170	3924.46875
72	-168	3925.259765625
72	-166	3925.80859375
72	-164	3926.38671875
72	-162	3926.93359375
72	-160	3927.54296875
72	-158	3928.1796875
72	-156	3928.578125
72	-154	3928.966796875
72	-152	3929.56640625
72	-150	3929.97265625
72	-148	3930.345703125
72	-146	3930.89453125
72	-144	3931.29296875
72	-142	3931.841796875
72	-140	3932.2109375
72	-138	3932.623046875
72	-136	3932.986328125
72	-134	3933.365234375
72	-132	3933.767578125
72	-130	3934.087890625
72	-128	3934.421875
72	-126	3934.7734375
72	-124	3934.98828125
72	-122	3935.345703125
72	-120	3935.62109375
72	-118	3935.9921875
72	-116	3936.40234375
72	-114	3936.6484375
72	-112	3936.90625
72	-110	3937.22265625
72	-108	3937.501953125
72	-106	3937.662109375
72	-104	3937.9765625
72	-102	3938.10546875
72	-100	3938.55859375
72	-98	3938.779296875
72	-96	3938.951171875
72	-94	3939.103515625
72	-92	3939.501953125
72	-90	3939.66796875
72	-88	3939.8515625
72	-86	3940.07421875
72	-84	3940.24609375
72	-82	3940.5234375
72	-80	3940.5625
72	-78	3940.771484375
72	-76	3940.900390625
72	-74	3941.166015625
72	-72	3941.302734375
72	-70	3941.43359375
72	-68	3941.603515625
72	-66	3941.7265625
72	-64	3941.865234375
72	-62	3942.013671875
72	-60	3942.001953125
72	-58	3942.30859375
72	-56	3942.375
72	-54	3942.521484375
72	-52	3942.619140625
72	-50	3942.716796875
72	-48	3942.822265625
72	-46	3942.919921875
72	-44	3943.037109375
72	-42	3943.138671875
72	-40	3943.28515625
72	-38	3943.306640625
72	-36	3943.396484375
72	-34	3943.439453125
72	-32	3943.501953125
72	-30	3943.65625
72	-28	3943.7109375
72	-26	3943.6796875
72	-24	3943.822265625
72	-22	3943.8046875
72	-20	3943.90234375
72	-18	3943.861328125
72	-16	3943.990234375
72	-14	3944.123046875
72	-12	3944.1796875
72	-10	3944.123046875
72	-8	3944.115234375
72	-6	3944.208984375
72	-4	3944.234375
72	-2	3944.380859375
72	0	3944.302734375
72	2	3944.267578125
72	4	3944.365234375
72	6	3944.43359375
72	8	3944.314453125
72	10	3944.37890625
72	12	3944.388671875
72	14	3944.427734375
72	16	3944.41796875
72	18	3944.3359375
72	20	3944.322265625
72	22	3944.384765625
72	24	3944.392578125
72	26	3944.328125
72	28	3944.37109375
72	30	3944.30859375
72	32	3944.275390625
72	34	3944.30078125
72	36	3944.375
72	38	3944.251953125
72	40	3944.408203125
72	42	3944.287109375
72	44	3944.314453125
72	46	3944.2265625
72	48	3944.23046875
72	50	3944.22265625
72	52	3944.1484375
72	54	3944.015625
72	56	3944.03125
72	58	3944.03125
72	60	3943.951171875
72	62	3943.892578125
72	64	3943.84765625
72	66	3943.833984375
72	68	3943.775390625
72	70	3943.609375
72	72	3943.615234375
72	74	3943.515625
72	76	3943.5078125
72	78	3943.33984375
72	80	3943.275390625
72	82	3943.251953125
72	84	3943.146484375
72	86	3943.0859375
72	88	3942.91015625
72	90	3942.869140625
72	92	3942.7734375
72	94	3942.64453125
72	96	3942.560546875
72	98	3942.23046875
76	-290	3844.09765625
76	-288	3846.05078125
76	-286	3847.87890625
76	-284	3849.654296875
76	-282	3851.564453125
76	-280	3853.306640625
76	-278	3854.958984375
76	-276	3856.7578125
76	-274	3858.802734375
76	-272	3860.6015625
76	-270	3862.6328125
76	-268	3864.3359375
76	-266	3866
76	-264	3867.671875
76	-262	3869.134765625
76	-260	3870.77734375
76	-258	3872.2578125
76	-256	3873.986328125
76	-254	3875.79296875
76	-252	3877.46875
76	-250	3878.98046875
76	-248	3880.662109375
76	-246	3881.884765625
76	-244	3883.4921875
76	-242	3884.912109375
76	-240	3886.298828125
76	-238	3887.587890625
76	-236	3889.263671875
76	-234	3890.69140625
76	-232	3892.044921875
76	-230	3893.4921875
76	-228	3894.880859375
76	-226	3896.24609375
76	-224	3897.6953125
76	-222	3899.072265625
76	-220	3900.421875
76	-218	3901.64453125
76	-216	3902.880859375
76	-214	3904.16796875
76	-212	3905.18359375
76	-210	3906.361328125
76	-208	3907.26953125
76	-206	3908.451171875
76	-204	3909.484375
76	-202	3910.5
76	-200	3911.45703125
76	-198	3912.525390625
76	-196	3913.423828125
76	-194	3914.08984375
76	-192	3914.91796875
76	-190	3915.939453125
76	-188	3916.6953125
76	-186	3917.455078125
76	-184	3918.369140625
76	-182	3919.3046875
76	-180	3919.958984375
76	-178	3920.578125
76	-176	3921.26953125
76	-174	3921.9453125
76	-172	3922.546875
76	-170	3923.23046875
76	-168	3923.93359375
76	-166	3924.607421875
76	-164	3925.064453125
76	-162	3925.568359375
76	-160	3926.00390625
76	-158	3926.552734375
76	-156	3927.0546875
76	-154	3927.587890625
76	-152	3927.931640625
76	-150	3928.388671875
76	-148	3928.716796875
76	-146	3929.1171875
76	-144	3929.521484375
76	-142	3930.001953125
76	-140	3930.279296875
76	-138	3930.708984375
76	-136	3931.171875
76	-134	3931.4765625
76	-132	3931.921875
76	-130	3932.3203125
76	-128	3932.67578125
76	-126	3933.00390625
76	-124	3933.267578125
76	-122	3933.568359375
76	-120	3933.86328125
76	-118	3934.11328125
76	-116	3934.404296875
76	-114	3934.689453125
76	-112	3934.998046875
76	-110	3935.25390625
76	-108	3935.427734375
76	-106	3935.71484375
76	-104	3936.076171875
76	-102	3936.29296875
76	-100	3936.57421875
76	-98	3936.716796875
76	-96	3936.93359375
76	-94	3937.119140625
76	-92	3937.318359375
76	-90	3937.638671875
76	-88	3937.791015625
76	-86	3938.03125
76	-84	3938.205078125
76	-82	3938.5
76	-80	3938.662109375
76	-78	3938.71875
76	-76	3938.9296875
76	-74	3939.046875
76	-72	3939.12890625
76	-70	3939.3515625
76	-68	3939.431640625
76	-66	3939.623046875
76	-64	3939.70703125
76	-62	3939.78515625
76	-60	3939.90625
76	-58	3940.060546875
76	-56	3940.16796875
76	-54	3940.271484375
76	-52	3940.3515625
76	-50	3940.451171875
76	-48	3940.681640625
76	-46	3940.76171875
76	-44	3940.8984375
76	-42	3940.96484375
76	-40	3941.125
76	-38	3941.34375
76	-36	3941.375
76	-34	3941.46484375
76	-32	3941.53515625
76	-30	3941.49609375
76	-28	3941.576171875
76	-26	3941.65234375
76	-24	3941.5625
76	-22	3941.75390625
76	-20	3941.728515625
76	-18	3941.859375
76	-16	3941.904296875
76	-14	3941.91796875
76	-12	3942.03125
76	-10	3942.064453125
76	-8	3942.099609375
76	-6	3941.96875
76	-4	3942.099609375
76	-2	3942.205078125
76	0	3942.171875
76	2	3942.15625
76	4	3942.17578125
76	6	3942.2421875
76	8	3942.224609375
76	10	3942.2265625
76	12	3942.291015625
76	14	3942.3046875
76	16	3942.296875
76	18	3942.388671875
76	20	3942.388671875
76	22	3942.357421875
76	24	3942.32421875
76	26	3942.39453125
76	28	3942.349609375
76	30	3942.306640625
76	32	3942.318359375
76	34	3942.275390625
76	36	3942.271484375
76	38	3942.265625
76	40	3942.171875
76	42	3942.283203125
76	44	3942.1328125
76	46	3942.05859375
76	48	3941.95703125
76	50	3942.0546875
76	52	3941.966796875
76	54	3941.853515625
76	56	3941.90625
76	58	3941.912109375
76	60	3941.853515625
76	62	3941.73046875
76	64	3941.552734375
76	66	3941.580078125
76	68	3941.548828125
76	70	3941.384765625
76	72	3941.4375
76	74	3941.31640625
76	76	3941.40234375
76	78	3941.20703125
76	80	3941.171875
76	82	3941.203125
76	84	3941.10546875
76	86	3940.919921875
76	88	3940.802734375
76	90	3940.74609375
76	92	3940.69921875
76	94	3940.5859375
76	96	3940.44140625
76	98	3940.201171875
80	-290	3845.576171875
80	-288	3847.337890625
80	-286	3848.96875
80	-284	3850.98046875
80	-282	3852.953125
80	-280	3854.7109375
80	-278	3856.150390625
80	-276	3858.1171875
80	-274	3859.83984375
80	-272	3861.6484375
80	-270	3863.55078125
80	-268	3865.38671875
80	-266	3866.91796875
80	-264	3868.375
80	-262	3870.123046875
80	-260	3871.857421875
80	-258	3873.193359375
80	-256	3874.7734375
80	-254	3876.66796875
80	-252	3878.341796875
80	-250	3880.029296875
80	-248	3881.224609375
80	-246	3882.533203125
80	-244	3883.984375
80	-242	3885.50390625
80	-240	3887.134765625
80	-238	3888.6171875
80	-236	3889.89453125
80	-234	3891.12890625
80	-232	3892.41015625
80	-230	3894.17578125
80	-228	3895.5234375
80	-226	3896.5859375
80	-224	3897.697265625
80	-222	3899.16015625
80	-220	3900.33203125
80	-218	3901.4921875
80	-216	3902.73828125
80	-214	3903.767578125
80	-212	3904.765625
80	-210	3905.791015625
80	-208	3906.82421875
80	-206	3907.880859375
80	-204	3908.8671875
80	-202	3909.931640625
80	-200	3910.81640625
80	-198	3911.5625
80	-196	3912.291015625
80	-194	3913.0234375
80	-192	3913.7265625
80	-190	3914.45703125
80	-188	3915.275390625
80	-186	3915.978515625
80	-184	3916.7265625
80	-182	3917.3046875
80	-180	3918.078125
80	-178	3918.8359375
80	-176	3919.494140625
80	-174	3920.162109375
80	-172	3920.73828125
80	-170	3921.2265625
80	-168	3921.78125
80	-166	3922.208984375
80	-164	3922.939453125
80	-162	3923.375
80	-160	3923.884765625
80	-158	3924.4375
80	-156	3924.94921875
80	-154	3925.44140625
80	-152	3925.85546875
80	-150	3926.130859375
80	-148	3926.54296875
80	-146	3926.95703125
80	-144	3927.427734375
80	-142	3927.796875
80	-140	3928.146484375
80	-138	3928.3515625
80	-136	3928.912109375
80	-134	3929.263671875
80	-132	3929.63671875
80	-130	3929.798828125
80	-128	3930.02734375
80	-126	3930.45703125
80	-124	3930.791015625
80	-122	3931.091796875
80	-120	3931.24609375
80	-118	3931.646484375
80	-116	3931.927734375
80	-114	3932.087890625
80	-112	3932.439453125
80	-110	3932.65625
80	-108	3932.82421875
80	-106	3933.126953125
80	-104	3933.408203125
80	-102	3933.716796875
80	-100	3934.029296875
80	-98	3934.203125
80	-96	3934.32421875
80	-94	3934.638671875
80	-92	3934.818359375
80	-90	3935.044921875
80	-88	3935.16015625
80	-86	3935.306640625
80	-84	3935.5859375
80	-82	3935.71484375
80	-80	3935.9921875
80	-78	3936.02734375
80	-76	3936.26953125
80	-74	3936.515625
80	-72	3936.552734375
80	-70	3936.72265625
80	-68	3936.830078125
80	-66	3936.927734375
80	-64	3937.033203125
80	-62	3937.162109375
80	-60	3937.353515625
80	-58	3937.447265625
80	-56	3937.607421875
80	-54	3937.64453125
80	-52	3937.763671875
80	-50	3937.91015625
80	-48	3938.056640625
80	-46	3938.13671875
80	-44	3938.283203125
80	-42	3938.267578125
80	-40	3938.388671875
80	-38	3938.484375
80	-36	3938.654296875
80	-34	3938.599609375
80	-32	3938.79296875
80	-30	3938.794921875
80	-28	3938.830078125
80	-26	3938.890625
80	-24	3939.01171875
80	-22	3939.068359375
80	-20	3939.154296875
80	-18	3939.083984375
80	-16	3939.130859375
80	-14	3939.29296875
80	-12	3939.173828125
80	-10	3939.330078125
80	-8	3939.369140625
80	-6	3939.36328125
80	-4	3939.42578125
80	-2	3939.5703125
80	0	3939.47265625
80	2	3939.392578125
80	4	3939.5078125
80	6	3939.529296875
80	8	3939.509765625
80	10	3939.548828125
80	12	3939.466796875
80	14	3939.58984375
80	16	3939.66796875
80	18	3939.578125
80	20	3939.548828125
80	22	3939.650390625
80	24	3939.638671875
80	26	3939.658203125
80	28	3939.5390625
80	30	3939.3828125
80	32	3939.51953125
80	34	3939.55859375
80	36	3939.390625
80	38	3939.546875
80	40	3939.400390625
80	42	3939.4375
80	44	3939.3125
80	46	3939.2578125
80	48	3939.216796875
80	50	3939.208984375
80	52	3939.150390625
80	54	3939.21875
80	56	3939.263671875
80	58	3939.220703125
80	60	3939.115234375
80	62	3939.189453125
80	64	3939.0234375
80	66	3938.802734375
80	68	3938.85546875
80	70	3938.806640625
80	72	3938.724609375
80	74	3938.71484375
80	76	3938.505859375
80	78	3938.50390625
80	80	3938.427734375
80	82	3938.416015625
80	84	3938.369140625
80	86	3938.30859375
80	88	3938.150390625
80	90	3938.103515625
80	92	3938.0546875
80	94	3937.841796875
80	96	3937.76171875
80	98	3937.4609375
84	-290	3847.01171875
84	-288	3849.390625
84	-286	3851.009765625
84	-284	3852.80859375
84	-282	3854.298828125
84	-280	3855.896484375
84	-278	3857.9609375
84	-276	3859.615234375
84	-274	3861.267578125
84	-272	3862.755859375
84	-270	3864.515625
84	-268	3866.0390625
84	-266	3867.671875
84	-264	3869.513671875
84	-262	3870.923828125
84	-260	3872.69140625
84	-258	3874.525390625
84	-256	3875.8515625
84	-254	3877.671875
84	-252	3879.142578125
84	-250	3880.662109375
84	-248	3881.853515625
84	-246	3883.3671875
84	-244	3884.849609375
84	-242	3886.18359375
84	-240	3887.48828125
84	-238	3888.71484375
84	-236	3890.068359375
84	-234	3891.55078125
84	-232	3892.796875
84	-230	3893.943359375
84	-228	3895.146484375
84	-226	3896.314453125
84	-224	3897.48046875
84	-222	3898.484375
84	-220	3899.716796875
84	-218	3900.751953125
84	-216	3901.71484375
84	-214	3902.75
84	-212	3903.78515625
84	-210	3904.728515625
84	-208	3905.560546875
84	-206	3906.6328125
84	-204	3907.38671875
84	-202	3908.166015625
84	-200	3909.201171875
84	-198	3909.775390625
84	-196	3910.73046875
84	-194	3911.19921875
84	-192	3911.88671875
84	-190	3912.595703125
84	-188	3913.36328125
84	-186	3914.076171875
84	-184	3914.642578125
84	-182	3915.533203125
84	-180	3916.197265625
84	-178	3916.732421875
84	-176	3917.361328125
84	-174	3917.759765625
84	-172	3918.365234375
84	-170	3918.921875
84	-168	3919.34765625
84	-166	3919.76953125
84	-164	3920.3125
84	-162	3920.7734375
84	-160	3921.31640625
84	-158	3921.78125
84	-156	3922.306640625
84	-154	3922.70703125
84	-152	3923.228515625
84	-150	3923.587890625
84	-148	3923.91015625
84	-146	3924.47265625
84	-144	3924.763671875
84	-142	3925.271484375
84	-140	3925.583984375
84	-138	3925.841796875
84	-136	3926.064453125
84	-134	3926.337890625
84	-132	3926.654296875
84	-130	3926.92578125
84	-128	3927.27734375
84	-126	3927.45703125
84	-124	3927.7265625
84	-122	3928.0390625
84	-120	3928.21484375
84	-118	3928.5078125
84	-116	3928.775390625
84	-114	3928.966796875
84	-112	3929.125
84	-110	3929.517578125
84	-108	3929.71484375
84	-106	3929.908203125
84	-104	3930.267578125
84	-102	3930.44140625
84	-100	3930.73828125
84	-98	3930.853515625
84	-96	3931.13671875
84	-94	3931.37109375
84	-92	3931.62890625
84	-90	3931.75
84	-88	3931.984375
84	-86	3932.1015625
84	-84	3932.17578125
84	-82	3932.33203125
84	-80	3932.478515625
84	-78	3932.7109375
84	-76	3932.8515625
84	-74	3933.1171875
84	-72	3933.140625
84	-70	3933.25
84	-68	3933.228515625
84	-66	3933.375
84	-64	3933.62109375
84	-62	3933.720703125
84	-60	3933.837890625
84	-58	3933.943359375
84	-56	3934.19921875
84	-54	3934.34375
84	-52	3934.390625
84	-50	3934.609375
84	-48	3934.572265625
84	-46	3934.6015625
84	-44	3934.81640625
84	-42	3934.884765625
84	-40	3934.91015625
84	-38	3935.041015625
84	-36	3935.16796875
84	-34	3935.255859375
84	-32	3935.21484375
84	-30	3935.44921875
84	-28	3935.35546875
84	-26	3935.509765625
84	-24	3935.564453125
84	-22	3935.6484375
84	-20	3935.78125
84	-18	3935.744140625
84	-16	3935.833984375
84	-14	3935.880859375
84	-12	3935.822265625
84	-10	3935.859375
84	-8	3935.990234375
84	-6	3935.8984375
84	-4	3936.109375
84	-2	3936.099609375
84	0	3936.12109375
84	2	3936.060546875
84	4	3936.162109375
84	6	3936.037109375
84	8	3936.16796875
84	10	3936.154296875
84	12	3936.25
84	14	3936.1328125
84	16	3936.30078125
84	18	3936.150390625
84	20	3936.240234375
84	22	3936.0546875
84	24	3936.2578125
84	26	3936.294921875
84	28	3936.2578125
84	30	3936.146484375
84	32	3936.24609375
84	34	3936.248046875
84	36	3936.154296875
84	38	3936.08984375
84	40	3936.119140625
84	42	3936.16796875
84	44	3936.09765625
84	46	3936.029296875
84	48	3935.970703125
84	50	3935.796875
84	52	3935.990234375
84	54	3935.880859375
84	56	3935.7734375
84	58	3935.814453125
84	60	3935.82421875
84	62	3935.744140625
84	64	3935.84765625
84	66	3935.72265625
84	68	3935.666015625
84	70	3935.69140625
84	72	3935.37890625
84	74	3935.44921875
84	76	3935.41015625
84	78	3935.28515625
84	80	3935.3203125
84	82	3935.3515625
84	84	3935.224609375
84	86	3935.03125
84	88	3935.0078125
84	90	3934.94921875
84	92	3934.8515625
84	94	3934.78515625
84	96	3934.626953125
84	98	3934.224609375
88	-290	3849.517578125
88	-288	3851.32421875
88	-286	3853.015625
88	-284	3854.68359375
88	-282	3856.1328125
88	-280	3857.484375
88	-278	3859.228515625
88	-276	3861.1640625
88	-274	3862.734375
88	-272	3864.537109375
88	-270	3866.00390625
88	-268	3867.57421875
88	-266	3868.962890625
88	-264	3870.365234375
88	-262	3872.03515625
88	-260	3873.55078125
88	-258	3874.9765625
88	-256	3876.6328125
88	-254	3878.001953125
88	-252	3879.634765625
88	-250	3880.9453125
88	-248	3882.384765625
88	-246	3883.650390625
88	-244	3885.466796875
88	-242	3886.576171875
88	-240	3887.818359375
88	-238	3889.203125
88	-236	3890.396484375
88	-234	3891.369140625
88	-232	3892.708984375
88	-230	3893.7890625
88	-228	3894.70703125
88	-226	3895.75390625
88	-224	3896.8203125
88	-222	3897.810546875
88	-220	3898.80859375
88	-218	3899.537109375
88	-216	3900.634765625
88	-214	3901.4453125
88	-212	3902.40625
88	-210	3903.255859375
88	-208	3903.947265625
88	-206	3904.724609375
88	-204	3905.716796875
88	-202	3906.337890625
88	-200	3906.96484375
88	-198	3907.6484375
88	-196	3908.380859375
88	-194	3909.119140625
88	-192	3909.7265625
88	-190	3910.32421875
88	-188	3911.13671875
88	-186	3911.734375
88	-184	3912.3125
88	-182	3912.904296875
88	-180	3913.560546875
88	-178	3914.251953125
88	-176	3914.802734375
88	-174	3915.28515625
88	-172	3915.6953125
88	-170	3916.125
88	-168	3916.74609375
88	-166	3917.134765625
88	-164	3917.595703125
88	-162	3917.970703125
88	-160	3918.296875
88	-158	3918.728515625
88	-156	3919.150390625
88	-154	3919.552734375
88	-152	3920.015625
88	-150	3920.193359375
88	-148	3920.80859375
88	-146	3920.87890625
88	-144	3921.189453125
88	-142	3921.5234375
88	-140	3921.82421875
88	-138	3922.015625
88	-136	3922.423828125
88	-134	3922.693359375
88	-132	3923.0546875
88	-130	3923.435546875
88	-128	3923.76171875
88	-126	3923.88671875
88	-124	3924.236328125
88	-122	3924.41796875
88	-120	3924.59765625
88	-118	3924.830078125
88	-116	3925.2421875
88	-114	3925.4609375
88	-112	3925.6171875
88	-110	3925.861328125
88	-108	3926.044921875
88	-106	3926.400390625
88	-104	3926.630859375
88	-102	3926.888671875
88	-100	3927.005859375
88	-98	3927.162109375
88	-96	3927.318359375
88	-94	3927.408203125
88	-92	3927.6484375
88	-90	3927.94140625
88	-88	3927.87890625
88	-86	3928.345703125
88	-84	3928.376953125
88	-82	3928.474609375
88	-80	3928.572265625
88	-78	3928.892578125
88	-76	3929.19140625
88	-74	3929.125
88	-72	3929.3515625
88	-70	3929.46875
88	-68	3929.634765625
88	-66	3929.72265625
88	-64	3929.798828125
88	-62	3929.91015625
88	-60	3930.11328125
88	-58	3930.119140625
88	-56	3930.2421875
88	-54	3930.359375
88	-52	3930.40234375
88	-50	3930.548828125
88	-48	3930.775390625
88	-46	3930.701171875
88	-44	3930.845703125
88	-42	3930.81640625
88	-40	3930.986328125
88	-38	3931.181640625
88	-36	3931.078125
88	-34	3931.044921875
88	-32	3931.14453125
88	-30	3931.220703125
88	-28	3931.412109375
88	-26	3931.658203125
88	-24	3931.48046875
88	-22	3931.525390625
88	-20	3931.595703125
88	-18	3931.65234375
88	-16	3931.8125
88	-14	3931.79296875
88	-12	3931.923828125
88	-10	3931.982421875
88	-8	3931.97265625
88	-6	3932.021484375
88	-4	3932.056640625
88	-2	3932.0234375
88	0	3931.953125
88	2	3932.0625
88	4	3932.203125
88	6	3932.208984375
88	8	3932.212890625
88	10	3932.171875
88	12	3932.19140625
88	14	3932.23046875
88	16	3932.21875
88	18	3932.150390625
88	20	3932.138671875
88	22	3931.998046875
88	24	3932.1328125
88	26	3932.111328125
88	28	3932.083984375
88	30	3932.076171875
88	32	3932.05078125
88	34	3932.123046875
88	36	3931.958984375
88	38	3931.90234375
88	40	3931.87890625
88	42	3931.91796875
88	44	3931.982421875
88	46	3931.8828125
88	48	3931.8828125
88	50	3931.958984375
88	52	3931.76953125
88	54	3931.8984375
88	56	3931.845703125
88	58	3931.888671875
88	60	3931.6640625
88	62	3931.755859375
88	64	3931.62890625
88	66	3931.583984375
88	68	3931.58203125
88	70	3931.640625
88	72	3931.513671875
88	74	3931.466796875
88	76	3931.43359375
88	78	3931.423828125
88	80	3931.41796875
88	82	3931.302734375
88	84	3931.302734375
88	86	3931.244140625
88	88	3931.080078125
88	90	3931.005859375
88	92	3931.04296875
88	94	3930.923828125
88	96	3930.953125
88	98	3930.517578125
92	-290	3851.212890625
92	-288	3852.984375
92	-286	3854.5078125
92	-284	3856.044921875
92	-282	3857.80078125
92	-280	3859.474609375
92	-278	3861.048828125
92	-276	3862.802734375
92	-274	3864.2421875
92	-272	3865.796875
92	-270	3867.396484375
92	-268	3868.876953125
92	-266	3870.228515625
92	-264	3871.671875
92	-262	3872.978515625
92	-260	3874.3828125
92	-258	3875.98828125
92	-256	3877.185546875
92	-254	3878.513671875
92	-252	3879.724609375
92	-250	3881.001953125
92	-248	3882.361328125
92	-246	3883.59375
92	-244	3885.0625
92	-242	3886.15234375
92	-240	3887.3203125
92	-238	3888.41796875
92	-236	3889.478515625
92	-234	3890.361328125
92	-232	3891.45703125
92	-230	3892.259765625
92	-228	3893.3359375
92	-226	3894.328125
92	-224	3895.181640625
92	-222	3896.00390625
92	-220	3896.84765625
92	-218	3897.578125
92	-216	3898.408203125
92	-214	3899.0625
92	-212	3900.00390625
92	-210	3900.888671875
92	-208	3901.64453125
92	-206	3902.228515625
92	-204	3903.1171875
92	-202	3903.8125
92	-200	3904.61328125
92	-198	3905.146484375
92	-196	3905.76171875
92	-194	3906.412109375
92	-192	3906.890625
92	-190	3907.46484375
92	-188	3908.0546875
92	-186	3908.49609375
92	-184	3908.9765625
92	-182	3909.572265625
92	-180	3909.8828125
92	-178	3910.375
92	-176	3910.80078125
92	-174	3911.28515625
92	-172	3911.68359375
92	-170	3912.14453125
92	-168	3912.658203125
92	-166	3913.11328125
92	-164	3913.521484375
92	-162	3913.916015625
92	-160	3914.203125
92	-158	3914.677734375
92	-156	3915.142578125
92	-154	3915.337890625
92	-152	3915.916015625
92	-150	3916.134765625
92	-148	3916.517578125
92	-146	3916.869140625
92	-144	3917.107421875
92	-142	3917.505859375
92	-140	3917.810546875
92	-138	3918.095703125
92	-136	3918.412109375
92	-134	3918.431640625
92	-132	3918.919921875
92	-130	3919.2578125
92	-128	3919.30859375
92	-126	3919.8046875
92	-124	3919.921875
92	-122	3920.341796875
92	-120	3920.513671875
92	-118	3920.6875
92	-116	3920.748046875
92	-114	3921.107421875
92	-112	3921.3515625
92	-110	3921.48828125
92	-108	3921.779296875
92	-106	3921.822265625
92	-104	3922.1171875
92	-102	3922.421875
92	-100	3922.44140625
92	-98	3922.603515625
92	-96	3922.845703125
92	-94	3923.103515625
92	-92	3923.26953125
92	-90	3923.521484375
92	-88	3923.51171875
92	-86	3923.705078125
92	-84	3923.83203125
92	-82	3923.966796875
92	-80	3924.265625
92	-78	3924.326171875
92	-76	3924.53515625
92	-74	3924.611328125
92	-72	3924.734375
92	-70	3924.71875
92	-68	3924.861328125
92	-66	3925.076171875
92	-64	3925.423828125
92	-62	3925.43359375
92	-60	3925.44140625
92	-58	3925.5390625
92	-56	3925.619140625
92	-54	3925.693359375
92	-52	3925.724609375
92	-50	3925.814453125
92	-48	3926.01171875
92	-46	3926.177734375
92	-44	3926.16015625
92	-42	3926.310546875
92	-40	3926.419921875
92	-38	3926.4609375
92	-36	3926.52734375
92	-34	3926.564453125
92	-32	3926.59375
92	-30	3926.68359375
92	-28	3926.787109375
92	-26	3926.681640625
92	-24	3926.841796875
92	-22	3926.9375
92	-20	3927.044921875
92	-18	3926.99609375
92	-16	3926.96484375
92	-14	3926.982421875
92	-12	3927.193359375
92	-10	3927.15625
92	-8	3927.232421875
92	-6	3927.31640625
92	-4	3927.2109375
92	-2	3927.435546875
92	0	3927.375
92	2	3927.345703125
92	4	3927.392578125
92	6	3927.3984375
92	8	3927.396484375
92	10	3927.365234375
92	12	3927.365234375
92	14	3927.478515625
92	16	3927.349609375
92	18	3927.310546875
92	20	3927.267578125
92	22	3927.25390625
92	24	3927.44140625
92	26	3927.390625
92	28	3927.46484375
92	30	3927.447265625
92	32	3927.298828125
92	34	3927.296875
92	36	3927.244140625
92	38	3927.357421875
92	40	3927.3359375
92	42	3927.248046875
92	44	3927.255859375
92	46	3927.21875
92	48	3927.119140625
92	50	3927.1953125
92	52	3927.177734375
92	54	3927.083984375
92	56	3927.1015625
92	58	3927.060546875
92	60	3926.9296875
92	62	3926.861328125
92	64	3926.89453125
92	66	3926.84765625
92	68	3926.71484375
92	70	3926.6015625
92	72	3926.48046875
92	74	3926.64453125
92	76	3926.447265625
92	78	3926.255859375
92	80	3926.423828125
92	82	3926.27734375
92	84	3926.2109375
92	86	3926.142578125
92	88	3926.056640625
92	90	3926.013671875
92	92	3925.98828125
92	94	3925.7734375
92	96	3925.564453125
92	98	3925.23046875
96	-290	3852.990234375
96	-288	3854.875
96	-286	3856.73828125
96	-284	3858.185546875
96	-282	3859.666015625
96	-280	3861.005859375
96	-278	3862.376953125
96	-276	3863.857421875
96	-274	3865.439453125
96	-272	3866.982421875
96	-270	3868.267578125
96	-268	3869.5390625
96	-266	3870.640625
96	-264	3872.0859375
96	-262	3873.587890625
96	-260	3874.669921875
96	-258	3875.931640625
96	-256	3877.162109375
96	-254	3878.197265625
96	-252	3879.39453125
96	-250	3880.5703125
96	-248	3881.845703125
96	-246	3882.958984375
96	-244	3883.982421875
96	-242	3884.828125
96	-240	3885.837890625
96	-238	3886.6953125
96	-236	3887.677734375
96	-234	3888.673828125
96	-232	3889.607421875
96	-230	3890.564453125
96	-228	3891.37890625
96	-226	3892.107421875
96	-224	3892.822265625
96	-222	3893.642578125
96	-220	3894.5546875
96	-218	3895.146484375
96	-216	3895.740234375
96	-214	3896.392578125
96	-212	3897.091796875
96	-210	3897.759765625
96	-208	3898.45703125
96	-206	3898.919921875
96	-204	3899.486328125
96	-202	3900.17578125
96	-200	3900.498046875
96	-198	3901.087890625
96	-196	3901.724609375
96	-194	3902.4140625
96	-192	3903.203125
96	-190	3903.451171875
96	-188	3903.953125
96	-186	3904.498046875
96	-184	3904.841796875
96	-182	3905.455078125
96	-180	3905.74609375
96	-178	3906.302734375
96	-176	3906.828125
96	-174	3907.158203125
96	-172	3907.462890625
96	-170	3907.9296875
96	-168	3908.283203125
96	-166	3908.658203125
96	-164	3909.234375
96	-162	3909.4609375
96	-160	3909.939453125
96	-158	3910.26953125
96	-156	3910.623046875
96	-154	3910.921875
96	-152	3911.2734375
96	-150	3911.541015625
96	-148	3911.9140625
96	-146	3912.08203125
96	-144	3912.4375
96	-142	3912.587890625
96	-140	3912.931640625
96	-138	3913.07421875
96	-136	3913.376953125
96	-134	3913.736328125
96	-132	3914.099609375
96	-130	3914.455078125
96	-128	3914.568359375
96	-126	3914.826171875
96	-124	3915.001953125
96	-122	3915.36328125
96	-120	3915.517578125
96	-118	3915.87890625
96	-116	3916.091796875
96	-114	3916.34375
96	-112	3916.509765625
96	-110	3916.720703125
96	-108	3916.88671875
96	-106	3916.9921875
96	-104	3917.15234375
96	-102	3917.3125
96	-100	3917.439453125
96	-98	3917.5
96	-96	3917.70703125
96	-94	3917.953125
96	-92	3918.015625
96	-90	3918.390625
96	-88	3918.43359375
96	-86	3918.50390625
96	-84	3918.720703125
96	-82	3918.876953125
96	-80	3919.158203125
96	-78	3919.26953125
96	-76	3919.3125
96	-74	3919.306640625
96	-72	3919.58984375
96	-70	3919.6171875
96	-68	3919.82421875
96	-66	3919.841796875
96	-64	3920.04296875
96	-62	3920.146484375
96	-60	3920.265625
96	-58	3920.525390625
96	-56	3920.48828125
96	-54	3920.55078125
96	-52	3920.62109375
96	-50	3920.77734375
96	-48	3920.84765625
96	-46	3920.92578125
96	-44	3921.0703125
96	-42	3921.228515625
96	-40	3921.28125
96	-38	3921.314453125
96	-36	3921.287109375
96	-34	3921.236328125
96	-32	3921.353515625
96	-30	3921.3828125
96	-28	3921.6171875
96	-26	3921.517578125
96	-24	3921.626953125
96	-22	3921.77734375
96	-20	3921.650390625
96	-18	3921.8203125
96	-16	3921.76171875
96	-14	3921.744140625
96	-12	3921.865234375
96	-10	3921.86328125
96	-8	3922.03125
96	-6	3921.8671875
96	-4	3921.8984375
96	-2	3921.974609375
96	0	3921.861328125
96	2	3922.01953125
96	4	3922.14453125
96	6	3921.998046875
96	8	3922.201171875
96	10	3922.15234375
96	12	3922.154296875
96	14	3922.22265625
96	16	3922.201171875
96	18	3922.20703125
96	20	3922.203125
96	22	3922.0546875
96	24	3921.96484375
96	26	3922.154296875
96	28	3922.01171875
96	30	3921.966796875
96	32	3922.16015625
96	34	3922.08203125
96	36	3922.009765625
96	38	3921.921875
96	40	3921.95703125
96	42	3921.91015625
96	44	3921.830078125
96	46	3921.830078125
96	48	3921.78125
96	50	3921.763671875
96	52	3921.80859375
96	54	3921.89453125
96	56	3921.833984375
96	58	3921.751953125
96	60	3921.697265625
96	62	3921.666015625
96	64	3921.66796875
96	66	3921.529296875
96	68	3921.47265625
96	70	3921.248046875
96	72	3921.34765625
96	74	3921.287109375
96	76	3921.2421875
96	78	3921.345703125
96	80	3921.05078125
96	82	3921.02734375
96	84	3920.955078125
96	86	3920.861328125
96	88	3920.96484375
96	90	3920.77734375
96	92	3920.81640625
96	94	3920.69140625
96	96	3920.54296875
96	98	3920.150390625
100	-290	3854.908203125
100	-288	3856.330078125
100	-286	3857.9296875
100	-284	3859.05078125
100	-282	3860.23046875
100	-280	3861.791015625
100	-278	3863.052734375
100	-276	3864.541015625
100	-274	3865.625
100	-272	3866.958984375
100	-270	3867.94921875
100	-268	3869.34765625
100	-266	3870.58203125
100	-264	3871.92578125
100	-262	3872.89453125
100	-260	3874.056640625
100	-258	3875.0078125
100	-256	3876.140625
100	-254	3877.173828125
100	-252	3878.158203125
100	-250	3879.12890625
100	-248	3880.26171875
100	-246	3881.07421875
100	-244	3881.837890625
100	-242	3882.9765625
100	-240	3883.61328125
100	-238	3884.42578125
100	-236	3885.380859375
100	-234	3886.1640625
100	-232	3887.078125
100	-230	3887.57421875
100	-228	3888.36328125
100	-226	3889.02734375
100	-224	3889.73046875
100	-222	3890.296875
100	-220	3891.1328125
100	-218	3891.638671875
100	-216	3892.25390625
100	-214	3892.71875
100	-212	3893.451171875
100	-210	3893.603515625
100	-208	3894.2421875
100	-206	3894.75390625
100	-204	3895.328125
100	-202	3895.865234375
100	-200	3896.5859375
100	-198	3897.146484375
100	-196	3897.58984375
100	-194	3898.017578125
100	-192	3898.578125
100	-190	3899
100	-188	3899.494140625
100	-186	3899.873046875
100	-184	3900.150390625
100	-182	3900.564453125
100	-180	3901.021484375
100	-178	3901.3046875
100	-176	3901.62890625
100	-174	3902.052734375
100	-172	3902.564453125
100	-170	3902.94921875
100	-168	3903.17578125
100	-166	3903.486328125
100	-164	3903.75390625
100	-162	3904.146484375
100	-160	3904.5859375
100	-158	3904.890625
100	-156	3904.978515625
100	-154	3905.4375
100	-152	3905.84375
100	-150	3905.99609375
100	-148	3906.09375
100	-146	3906.3671875
100	-144	3906.8984375
100	-142	3907.11328125
100	-140	3907.453125
100	-138	3907.466796875
100	-136	3907.744140625
100	-134	3908.103515625
100	-132	3908.25390625
100	-130	3908.625
100	-128	3908.84375
100	-126	3908.92578125
100	-124	3909.294921875
100	-122	3909.556640625
100	-120	3909.5390625
100	-118	3909.884765625
100	-116	3909.916015625
100	-114	3910.220703125
100	-112	3910.384765625
100	-110	3910.728515625
100	-108	3910.734375
100	-106	3910.7734375
100	-104	3910.93359375
100	-102	3911.091796875
100	-100	3911.30078125
100	-98	3911.5078125
100	-96	3911.693359375
100	-94	3911.80859375
100	-92	3911.990234375
100	-90	3912.1796875
100	-88	3912.41015625
100	-86	3912.548828125
100	-84	3912.716796875
100	-82	3912.927734375
100	-80	3912.951171875
100	-78	3913.1484375
100	-76	3913.318359375
100	-74	3913.37109375
100	-72	3913.306640625
100	-70	3913.611328125
100	-68	3913.80078125
100	-66	3913.89453125
100	-64	3914.1640625
100	-62	3913.9921875
100	-60	3914.072265625
100	-58	3914.384765625
100	-56	3914.4765625
100	-54	3914.640625
100	-52	3914.634765625
100	-50	3914.564453125
100	-48	3914.796875
100	-46	3914.89453125
100	-44	3915.06640625
100	-42	3915.03515625
100	-40	3915.087890625
100	-38	3915.15234375
100	-36	3915.29296875
100	-34	3915.470703125
100	-32	3915.310546875
100	-30	3915.46484375
100	-28	3915.556640625
100	-26	3915.623046875
100	-24	3915.6796875
100	-22	3915.80859375
100	-20	3915.80078125
100	-18	3915.6875
100	-16	3915.859375
100	-14	3916.021484375
100	-12	3915.9375
100	-10	3915.822265625
100	-8	3915.849609375
100	-6	3916.30859375
100	-4	3915.94921875
100	-2	3916.0078125
100	0	3916.11328125
100	2	3915.91796875
100	4	3915.9765625
100	6	3915.99609375
100	8	3916.1328125
100	10	3916.111328125
100	12	3915.990234375
100	14	3915.96875
100	16	3915.919921875
100	18	3916.154296875
100	20	3915.91796875
100	22	3915.888671875
100	24	3915.96875
100	26	3916.041015625
100	28	3916.080078125
100	30	3915.857421875
100	32	3916.04296875
100	34	3915.966796875
100	36	3915.869140625
100	38	3915.775390625
100	40	3915.990234375
100	42	3915.880859375
100	44	3915.919921875
100	46	3916.056640625
100	48	3915.7578125
100	50	3915.833984375
100	52	3915.673828125
100	54	3915.5234375
100	56	3915.546875
100	58	3915.46484375
100	60	3915.46875
100	62	3915.568359375
100	64	3915.30859375
100	66	3915.419921875
100	68	3915.3046875
100	70	3915.384765625
100	72	3915.23046875
100	74	3915.2578125
100	76	3915.359375
100	78	3915.1953125
100	80	3915.02734375
100	82	3914.962890625
100	84	3914.84375
100	86	3914.951171875
100	88	3914.9296875
100	90	3914.84375
100	92	3914.599609375
100	94	3914.486328125
100	96	3914.296875
100	98	3914.126953125
104	-290	3855.103515625
104	-288	3856.32421875
104	-286	3857.892578125
104	-284	3859.0859375
104	-282	3860.30859375
104	-280	3861.48828125
104	-278	3862.478515625
104	-276	3863.556640625
104	-274	3864.904296875
104	-272	3865.98046875
104	-270	3867.02734375
104	-268	3868.171875
104	-266	3869.07421875
104	-264	3870.00390625
104	-262	3870.912109375
104	-260	3871.951171875
104	-258	3872.869140625
104	-256	3873.693359375
104	-254	3874.482421875
104	-252	3875.27734375
104	-250	3876.37109375
104	-248	3877.248046875
104	-246	3878.296875
104	-244	3878.857421875
104	-242	3879.712890625
104	-240	3880.369140625
104	-238	3881.228515625
104	-236	3881.880859375
104	-234	3882.392578125
104	-232	3882.91015625
104	-230	3883.44921875
104	-228	3883.95703125
104	-226	3884.669921875
104	-224	3885.45703125
104	-222	3885.97265625
104	-220	3886.58984375
104	-218	3886.99609375
104	-216	3887.443359375
104	-214	3888.06640625
104	-212	3888.509765625
104	-210	3889.01953125
104	-208	3889.51953125
104	-206	3889.962890625
104	-204	3890.345703125
104	-202	3891.064453125
104	-200	3891.5
104	-198	3891.716796875
104	-196	3892.248046875
104	-194	3892.4296875
104	-192	3892.865234375
104	-190	3893.56640625
104	-188	3893.939453125
104	-186	3894.185546875
104	-184	3894.40625
104	-182	3894.650390625
104	-180	3895.361328125
104	-178	3895.6015625
104	-176	3895.693359375
104	-174	3896.130859375
104	-172	3896.40625
104	-170	3896.55859375
104	-168	3897.03515625
104	-166	3897.08203125
104	-164	3897.39453125
104	-162	3897.791015625
104	-160	3898.11328125
104	-158	3898.345703125
104	-156	3898.68359375
104	-154	3898.978515625
104	-152	3899.345703125
104	-150	3899.5078125
104	-148	3899.9296875
104	-146	3900.1328125
104	-144	3900.310546875
104	-142	3901.015625
104	-140	3901.32421875
104	-138	3901.33203125
104	-136	3901.796875
104	-134	3902.044921875
104	-132	3902.322265625
104	-130	3902.767578125
104	-128	3902.826171875
104	-126	3902.986328125
104	-124	3902.943359375
104	-122	3903.294921875
104	-120	3903.408203125
104	-118	3903.55859375
104	-116	3903.744140625
104	-114	3904.013671875
104	-112	3904.06640625
104	-110	3904.3046875
104	-108	3904.4453125
104	-106	3904.6640625
104	-104	3904.95703125
104	-102	3905.046875
104	-100	3905.15234375
104	-98	3905.076171875
104	-96	3905.365234375
104	-94	3905.296875
104	-92	3905.384765625
104	-90	3905.46875
104	-88	3905.72265625
104	-86	3905.763671875
104	-84	3905.900390625
104	-82	3906.173828125
104	-80	3906.140625
104	-78	3906.17578125
104	-76	3906.283203125
104	-74	3906.45703125
104	-72	3906.541015625
104	-70	3906.51953125
104	-68	3906.7265625
104	-66	3906.849609375
104	-64	3906.990234375
104	-62	3907.029296875
104	-60	3907.05078125
104	-58	3907.181640625
104	-56	3907.185546875
104	-54	3907.32421875
104	-52	3907.505859375
104	-50	3907.599609375
104	-48	3907.76953125
104	-46	3907.65625
104	-44	3907.689453125
104	-42	3907.97265625
104	-40	3908.123046875
104	-38	3908.1015625
104	-36	3908.228515625
104	-34	3908.107421875
104	-32	3908.35546875
104	-30	3908.2890625
104	-28	3908.427734375
104	-26	3908.60546875
104	-24	3908.611328125
104	-22	3908.466796875
104	-20	3908.40625
104	-18	3908.388671875
104	-16	3908.423828125
104	-14	3908.86328125
104	-12	3908.658203125
104	-10	3908.619140625
104	-8	3908.8359375
104	-6	3908.66015625
104	-4	3908.65234375
104	-2	3908.759765625
104	0	3908.98046875
104	2	3908.75
104	4	3908.826171875
104	6	3908.767578125
104	8	3908.7890625
104	10	3908.921875
104	12	3909.033203125
104	14	3909.01171875
104	16	3908.8046875
104	18	3908.783203125
104	20	3909.0390625
104	22	3908.927734375
104	24	3908.98828125
104	26	3908.912109375
104	28	3908.794921875
104	30	3908.890625
104	32	3908.974609375
104	34	3908.751953125
104	36	3908.728515625
104	38	3908.724609375
104	40	3908.796875
104	42	3908.658203125
104	44	3908.64453125
104	46	3908.693359375
104	48	3908.732421875
104	50	3908.697265625
104	52	3908.5078125
104	54	3908.498046875
104	56	3908.4453125
104	58	3908.63671875
104	60	3908.578125
104	62	3908.46875
104	64	3908.333984375
104	66	3908.423828125
104	68	3908.255859375
104	70	3908.44921875
104	72	3908.328125
104	74	3908.427734375
104	76	3908.15234375
104	78	3908.0390625
104	80	3908.12109375
104	82	3908.291015625
104	84	3908.107421875
104	86	3907.978515625
104	88	3907.83203125
104	90	3907.87109375
104	92	3907.880859375
104	94	3907.6484375
104	96	3907.56640625
104	98	3907.37109375
108	-290	3854.57421875
108	-288	3855.77734375
108	-286	3856.84375
108	-284	3857.56640625
108	-282	3858.771484375
108	-280	3859.728515625
108	-278	3860.7421875
108	-276	3861.8203125
108	-274	3862.734375
108	-272	3863.662109375
108	-270	3864.376953125
108	-268	3865.2421875
108	-266	3866.208984375
108	-264	3867.046875
108	-262	3867.513671875
108	-260	3868.30078125
108	-258	3869.205078125
108	-256	3870.115234375
108	-254	3870.80078125
108	-252	3871.31640625
108	-250	3872.0625
108	-248	3872.876953125
108	-246	3873.541015625
108	-244	3874.337890625
108	-242	3874.75
108	-240	3875.451171875
108	-238	3875.873046875
108	-236	3876.330078125
108	-234	3877.041015625
108	-232	3877.716796875
108	-230	3878.48828125
108	-228	3879.0234375
108	-226	3879.421875
108	-224	3879.703125
108	-222	3880.337890625
108	-220	3880.498046875
108	-218	3881.04296875
108	-216	3881.7109375
108	-214	3882.037109375
108	-212	3882.46484375
108	-210	3882.7734375
108	-208	3883.345703125
108	-206	3883.796875
108	-204	3884.216796875
108	-202	3884.720703125
108	-200	3885.09375
108	-198	3885.576171875
108	-196	3885.896484375
108	-194	3886.353515625
108	-192	3886.423828125
108	-190	3886.7578125
108	-188	3887.3203125
108	-186	3887.400390625
108	-184	3887.6328125
108	-182	3888.1875
108	-180	3888.578125
108	-178	3888.734375
108	-176	3889.15625
108	-174	3889.494140625
108	-172	3889.7734375
108	-170	3889.80859375
108	-168	3890.197265625
108	-166	3890.70703125
108	-164	3890.83984375
108	-162	3891.16796875
108	-160	3891.46875
108	-158	3891.646484375
108	-156	3891.830078125
108	-154	3892.3515625
108	-152	3892.369140625
108	-150	3892.6796875
108	-148	3892.66796875
108	-146	3892.828125
108	-144	3893.3359375
108	-142	3893.50390625
108	-140	3893.76953125
108	-138	3894.04296875
108	-136	3894.095703125
108	-134	3894.2109375
108	-132	3894.583984375
108	-130	3894.73828125
108	-128	3894.861328125
108	-126	3894.84375
108	-124	3895.09375
108	-122	3895.359375
108	-120	3895.57421875
108	-118	3895.77734375
108	-116	3896.044921875
108	-114	3896.12890625
108	-112	3896.271484375
108	-110	3896.3828125
108	-108	3896.650390625
108	-106	3896.513671875
108	-104	3896.74609375
108	-102	3896.912109375
108	-100	3896.951171875
108	-98	3897.130859375
108	-96	3897.1953125
108	-94	3897.443359375
108	-92	3897.548828125
108	-90	3897.923828125
108	-88	3897.921875
108	-86	3898.09765625
108	-84	3898.06640625
108	-82	3898.44140625
108	-80	3898.45703125
108	-78	3898.5390625
108	-76	3898.544921875
108	-74	3898.828125
108	-72	3899.046875
108	-70	3899.041015625
108	-68	3899.0625
108	-66	3899.228515625
108	-64	3899.580078125
108	-62	3899.560546875
108	-60	3899.66015625
108	-58	3899.689453125
108	-56	3899.67578125
108	-54	3899.73046875
108	-52	3899.994140625
108	-50	3900.044921875
108	-48	3899.953125
108	-46	3899.998046875
108	-44	3900.0625
108	-42	3900.462890625
108	-40	3900.15234375
108	-38	3900.490234375
108	-36	3900.318359375
108	-34	3900.455078125
108	-32	3900.490234375
108	-30	3900.544921875
108	-28	3900.455078125
108	-26	3900.55859375
108	-24	3900.623046875
108	-22	3900.69921875
108	-20	3900.6953125
108	-18	3900.904296875
108	-16	3900.947265625
108	-14	3900.935546875
108	-12	3900.740234375
108	-10	3900.82421875
108	-8	3900.966796875
108	-6	3901.037109375
108	-4	3901.009765625
108	-2	3900.98046875
108	0	3901.017578125
108	2	3900.98828125
108	4	3901.025390625
108	6	3901.24609375
108	8	3901.17578125
108	10	3901.220703125
108	12	3901.09375
108	14	3901.23046875
108	16	3901.044921875
108	18	3901.1484375
108	20	3901.1875
108	22	3901.0546875
108	24	3901.03515625
108	26	3900.73046875
108	28	3901.015625
108	30	3901.1484375
108	32	3901.19140625
108	34	3901.0234375
108	36	3901.0234375
108	38	3900.9765625
108	40	3901.001953125
108	42	3900.880859375
108	44	3901.00390625
108	46	3901.01171875
108	48	3901.072265625
108	50	3901.162109375
108	52	3900.89453125
108	54	3900.89453125
108	56	3900.84375
108	58	3900.9921875
108	60	3900.8984375
108	62	3901.044921875
108	64	3900.748046875
108	66	3901.166015625
108	68	3900.83984375
108	70	3900.74609375
108	72	3900.845703125
108	74	3900.666015625
108	76	3900.658203125
108	78	3900.62109375
108	80	3900.474609375
108	82	3900.556640625
108	84	3900.5546875
108	86	3900.5703125
108	88	3900.380859375
108	90	3900.2734375
108	92	3900.091796875
108	94	3899.8828125
108	96	3899.802734375
108	98	3899.392578125
112	-290	3852.16796875
112	-288	3852.896484375
112	-286	3853.826171875
112	-284	3854.517578125
112	-282	3855.16796875
112	-280	3856.02734375
112	-278	3856.880859375
112	-276	3857.669921875
112	-274	3858.435546875
112	-272	3859.060546875
112	-270	3859.8515625
112	-268	3860.3125
112	-266	3861.06640625
112	-264	3861.875
112	-262	3862.5078125
112	-260	3862.85546875
112	-258	3863.62890625
112	-256	3864.3203125
112	-254	3865.0234375
112	-252	3865.87109375
112	-250	3866.328125
112	-248	3866.88671875
112	-246	3867.34765625
112	-244	3868.08984375
112	-242	3868.494140625
112	-240	3869.30078125
112	-238	3869.771484375
112	-236	3870.361328125
112	-234	3870.9453125
112	-232	3871.326171875
112	-230	3871.8828125
112	-228	3872.20703125
112	-226	3872.740234375
112	-224	3873.1484375
112	-222	3873.630859375
112	-220	3874.12890625
112	-218	3874.8046875
112	-216	3875.15625
112	-214	3875.623046875
112	-212	3875.90625
112	-210	3876.12890625
112	-208	3876.59375
112	-206	3876.90234375
112	-204	3877.455078125
112	-202	3877.46875
112	-200	3878.177734375
112	-198	3878.791015625
112	-196	3878.69921875
112	-194	3879.041015625
112	-192	3879.201171875
112	-190	3879.408203125
112	-188	3880.14453125
112	-186	3880.537109375
112	-184	3880.65625
112	-182	3881.068359375
112	-180	3881.34375
112	-178	3881.685546875
112	-176	3881.962890625
112	-174	3881.83984375
112	-172	3882.302734375
112	-170	3882.470703125
112	-168	3882.890625
112	-166	3882.794921875
112	-164	3883.0859375
112	-162	3883.44140625
112	-160	3883.759765625
112	-158	3884.03125
112	-156	3884.27734375
112	-154	3884.720703125
112	-152	3884.767578125
112	-150	3884.841796875
112	-148	3884.9921875
112	-146	3885.25390625
112	-144	3885.408203125
112	-142	3885.69921875
112	-140	3885.78515625
112	-138	3886.0859375
112	-136	3886.26171875
112	-134	3886.2109375
112	-132	3886.375
112	-130	3886.841796875
112	-128	3886.7734375
112	-126	3886.93359375
112	-124	3887.056640625
112	-122	3887.123046875
112	-120	3887.658203125
112	-118	3887.44140625
112	-116	3887.810546875
112	-114	3887.85546875
112	-112	3888.0390625
112	-110	3888.15234375
112	-108	3888.2265625
112	-106	3888.533203125
112	-104	3888.69921875
112	-102	3888.818359375
112	-100	3888.970703125
112	-98	3888.943359375
112	-96	3889.09765625
112	-94	3889.34765625
112	-92	3889.5390625
112	-90	3889.41015625
112	-88	3889.693359375
112	-86	3889.5625
112	-84	3889.76171875
112	-82	3889.92578125
112	-80	3889.884765625
112	-78	3890.22265625
112	-76	3890.15234375
112	-74	3890.08984375
112	-72	3890.404296875
112	-70	3890.501953125
112	-68	3890.65234375
112	-66	3890.48828125
112	-64	3890.623046875
112	-62	3890.853515625
112	-60	3890.798828125
112	-58	3890.845703125
112	-56	3890.921875
112	-54	3890.966796875
112	-52	3891.1015625
112	-50	3891.099609375
112	-48	3891.310546875
112	-46	3891.4453125
112	-44	3891.43359375
112	-42	3891.357421875
112	-40	3891.81640625
112	-38	3891.75390625
112	-36	3891.701171875
112	-34	3891.767578125
112	-32	3891.927734375
112	-30	3891.978515625
112	-28	3891.95703125
112	-26	3892.0078125
112	-24	3891.904296875
112	-22	3891.85546875
112	-20	3891.99609375
112	-18	3892.203125
112	-16	3892.109375
112	-14	3892.0546875
112	-12	3892.232421875
112	-10	3892.08203125
112	-8	3892.193359375
112	-6	3892.37109375
112	-4	3892.251953125
112	-2	3892.375
112	0	3892.29296875
112	2	3892.376953125
112	4	3892.333984375
112	6	3892.1796875
112	8	3892.318359375
112	10	3892.3984375
112	12	3892.40625
112	14	3892.55859375
112	16	3892.123046875
112	18	3892.4140625
112	20	3892.4453125
112	22	3892.294921875
112	24	3892.12890625
112	26	3892.203125
112	28	3892.48046875
112	30	3892.224609375
112	32	3892.318359375
112	34	3892.392578125
112	36	3892.19140625
112	38	3892.533203125
112	40	3892.2421875
112	42	3892.35546875
112	44	3892.267578125
112	46	3892.48046875
112	48	3892.259765625
112	50	3892.310546875
112	52	3892.328125
112	54	3892.259765625
112	56	3892.0859375
112	58	3892.34375
112	60	3892.154296875
112	62	3892.232421875
112	64	3892.25390625
112	66	3892.298828125
112	68	3892.3359375
112	70	3892.123046875
112	72	3892.1484375
112	74	3892.078125
112	76	3891.943359375
112	78	3891.935546875
112	80	3891.958984375
112	82	3891.80078125
112	84	3891.92578125
112	86	3891.7421875
112	88	3891.828125
112	90	3891.693359375
112	92	3891.619140625
112	94	3891.56640625
112	96	3891.279296875
112	98	3890.75390625
116	-290	3845.36328125
116	-288	3846.28125
116	-286	3847.1953125
116	-284	3848.02734375
116	-282	3848.611328125
116	-280	3849.404296875
116	-278	3850.13671875
116	-276	3850.73828125
116	-274	3851.166015625
116	-272	3851.8984375
116	-270	3852.751953125
116	-268	3853.53125
116	-266	3853.990234375
116	-264	3854.66796875
116	-262	3855.314453125
116	-260	3855.908203125
116	-258	3856.328125
116	-256	3857.07421875
116	-254	3857.494140625
116	-252	3858.36328125
116	-250	3858.564453125
116	-248	3859.064453125
116	-246	3859.37109375
116	-244	3859.8984375
116	-242	3860.640625
116	-240	3861.21875
116	-238	3861.484375
116	-236	3861.912109375
116	-234	3862.134765625
116	-232	3862.69140625
116	-230	3863.185546875
116	-228	3863.599609375
116	-226	3864.279296875
116	-224	3864.373046875
116	-222	3865.224609375
116	-220	3865.45703125
116	-218	3865.576171875
116	-216	3865.974609375
116	-214	3866.466796875
116	-212	3866.728515625
116	-210	3867.109375
116	-208	3867.580078125
116	-206	3867.955078125
116	-204	3868.251953125
116	-202	3868.751953125
116	-200	3868.904296875
116	-198	3869.287109375
116	-196	3869.46875
116	-194	3869.8828125
116	-192	3869.99609375
116	-190	3870.328125
116	-188	3870.71875
116	-186	3871.015625
116	-184	3871.353515625
116	-182	3871.48828125
116	-180	3871.974609375
116	-178	3872.125
116	-176	3872.17578125
116	-174	3872.38671875
116	-172	3872.673828125
116	-170	3873.134765625
116	-168	3873.296875
116	-166	3873.455078125
116	-164	3873.75
116	-162	3873.845703125
116	-160	3874.060546875
116	-158	3874.009765625
116	-156	3874.388671875
116	-154	3874.75390625
116	-152	3875.046875
116	-150	3875.263671875
116	-148	3875.208984375
116	-146	3875.697265625
116	-144	3875.6015625
116	-142	3875.732421875
116	-140	3876.359375
116	-138	3876.076171875
116	-136	3876.400390625
116	-134	3876.576171875
116	-132	3876.912109375
116	-130	3876.849609375
116	-128	3877.380859375
116	-126	3877.15625
116	-124	3877.7265625
116	-122	3877.66015625
116	-120	3877.8359375
116	-118	3878.0078125
116	-116	3878.119140625
116	-114	3878.205078125
116	-112	3878.40234375
116	-110	3878.83984375
116	-108	3878.654296875
116	-106	3878.69921875
116	-104	3878.861328125
116	-102	3879.3359375
116	-100	3879.265625
116	-98	3879.41796875
116	-96	3879.525390625
116	-94	3879.73046875
116	-92	3879.853515625
116	-90	3879.880859375
116	-88	3879.751953125
116	-86	3880.013671875
116	-84	3880.255859375
116	-82	3880.302734375
116	-80	3880.21484375
116	-78	3880.3671875
116	-76	3880.447265625
116	-74	3880.619140625
116	-72	3880.71875
116	-70	3880.591796875
116	-68	3880.822265625
116	-66	3880.8359375
116	-64	3880.958984375
116	-62	3881.498046875
116	-60	3880.958984375
116	-58	3881.021484375
116	-56	3881.498046875
116	-54	3881.181640625
116	-52	3881.234375
116	-50	3881.46875
116	-48	3881.6015625
116	-46	3881.5703125
116	-44	3881.5234375
116	-42	3881.884765625
116	-40	3881.62890625
116	-38	3881.869140625
116	-36	3881.876953125
116	-34	3881.98046875
116	-32	3881.96875
116	-30	3882.109375
116	-28	3881.9921875
116	-26	3882.0234375
116	-24	3882.2421875
116	-22	3882.240234375
116	-20	3882.21484375
116	-18	3882.45703125
116	-16	3882.279296875
116	-14	3882.236328125
116	-12	3882.19921875
116	-10	3882.31640625
116	-8	3882.41015625
116	-6	3882.197265625
116	-4	3882.48046875
116	-2	3882.54296875
116	0	3882.794921875
116	2	3882.728515625
116	4	3882.732421875
116	6	3882.763671875
116	8	3883.12109375
116	10	3882.84375
116	12	3882.923828125
116	14	3882.61328125
116	16	3882.958984375
116	18	3882.693359375
116	20	3882.953125
116	22	3883.1171875
116	24	3882.779296875
116	26	3883.06640625
116	28	3882.888671875
116	30	3882.978515625
116	32	3883.154296875
116	34	3883.240234375
116	36	3882.923828125
116	38	3882.8203125
116	40	3882.98828125
116	42	3883.0078125
116	44	3883.03515625
116	46	3882.966796875
116	48	3882.77734375
116	50	3883
116	52	3882.720703125
116	54	3882.978515625
116	56	3882.923828125
116	58	3882.826171875
116	60	3882.771484375
116	62	3882.955078125
116	64	3882.732421875
116	66	3882.849609375
116	68	3882.70703125
116	70	3882.83203125
116	72	3882.689453125
116	74	3882.599609375
116	76	3882.708984375
116	78	3882.783203125
116	80	3882.666015625
116	82	3882.5078125
116	84	3882.5
116	86	3882.53125
116	88	3882.4140625
116	90	3882.453125
116	92	3882.236328125
116	94	3882.212890625
116	96	3882.189453125
116	98	3881.685546875
120	-290	3838.3203125
120	-288	3838.23046875
120	-286	3839.568359375
120	-284	3839.810546875
120	-282	3840.421875
120	-280	3840.724609375
120	-278	3841.568359375
120	-276	3842.283203125
120	-274	3843.044921875
120	-272	3843.115234375
120	-270	3843.708984375
120	-268	3844.23828125
120	-266	3844.734375
120	-264	3845.248046875
120	-262	3845.78515625
120	-260	3846.66015625
120	-258	3846.712890625
120	-256	3847.623046875
120	-254	3847.501953125
120	-252	3848.048828125
120	-250	3848.1328125
120	-248	3848.755859375
120	-246	3849.19921875
120	-244	3849.662109375
120	-242	3849.96875
120	-240	3850.521484375
120	-238	3851.12109375
120	-236	3851.466796875
120	-234	3852.095703125
120	-232	3852.23828125
120	-230	3852.609375
120	-228	3852.63671875
120	-226	3852.63671875
120	-224	3853.349609375
120	-222	3853.970703125
120	-220	3853.794921875
120	-218	3854.328125
120	-216	3854.791015625
120	-214	3855.10546875
120	-212	3855.755859375
120	-210	3855.91796875
120	-208	3856.08984375
120	-206	3856.39453125
120	-204	3856.7890625
120	-202	3856.896484375
120	-200	3856.900390625
120	-198	3857.59765625
120	-196	3857.728515625
120	-194	3858.056640625
120	-192	3858.505859375
120	-190	3858.716796875
120	-188	3858.462890625
120	-186	3859.150390625
120	-184	3859.373046875
120	-182	3859.501953125
120	-180	3859.94140625
120	-178	3860.017578125
120	-176	3860.25390625
120	-174	3860.3984375
120	-172	3860.650390625
120	-170	3861.130859375
120	-168	3861.21484375
120	-166	3861.25
120	-164	3861.33984375
120	-162	3861.7109375
120	-160	3861.630859375
120	-158	3861.826171875
120	-156	3862.2109375
120	-154	3862.404296875
120	-152	3862.529296875
120	-150	3863.013671875
120	-148	3863.083984375
120	-146	3863.212890625
120	-144	3863.17578125
120	-142	3863.841796875
120	-140	3863.98046875
120	-138	3864.09375
120	-136	3864.515625
120	-134	3864.51171875
120	-132	3864.607421875
120	-130	3864.767578125
120	-128	3865.150390625
120	-126	3865.146484375
120	-124	3865.08984375
120	-122	3865.44140625
120	-120	3865.61328125
120	-118	3865.6796875
120	-116	3865.833984375
120	-114	3865.958984375
120	-112	3866.23828125
120	-110	3866.345703125
120	-108	3866.673828125
120	-106	3866.66015625
120	-104	3866.490234375
120	-102	3866.685546875
120	-100	3866.775390625
120	-98	3867.029296875
120	-96	3867.349609375
120	-94	3867.576171875
120	-92	3867.974609375
120	-90	3867.6796875
120	-88	3867.984375
120	-86	3867.96484375
120	-84	3867.74609375
120	-82	3868.3359375
120	-80	3868.416015625
120	-78	3868.591796875
120	-76	3868.947265625
120	-74	3868.525390625
120	-72	3869.060546875
120	-70	3868.765625
120	-68	3869.001953125
120	-66	3869.13671875
120	-64	3868.806640625
120	-62	3868.923828125
120	-60	3868.876953125
120	-58	3869.125
120	-56	3869.26953125
120	-54	3869.23046875
120	-52	3869.125
120	-50	3869.736328125
120	-48	3869.619140625
120	-46	3869.439453125
120	-44	3869.373046875
120	-42	3869.541015625
120	-40	3869.5234375
120	-38	3869.546875
120	-36	3869.71875
120	-34	3869.646484375
120	-32	3869.87109375
120	-30	3869.716796875
120	-28	3869.806640625
120	-26	3869.58984375
120	-24	3870.03125
120	-22	3870.19140625
120	-20	3870.095703125
120	-18	3870.2578125
120	-16	3870.1640625
120	-14	3870.1328125
120	-12	3870.595703125
120	-10	3870.37890625
120	-8	3870.572265625
120	-6	3870.580078125
120	-4	3870.494140625
120	-2	3870.337890625
120	0	3870.73046875
120	2	3870.8046875
120	4	3870.484375
120	6	3870.435546875
120	8	3870.654296875
120	10	3870.64453125
120	12	3870.255859375
120	14	3870.7578125
120	16	3870.677734375
120	18	3870.787109375
120	20	3870.4921875
120	22	3870.599609375
120	24	3870.6640625
120	26	3870.541015625
120	28	3870.341796875
120	30	3870.712890625
120	32	3870.458984375
120	34	3870.837890625
120	36	3870.548828125
120	38	3870.55859375
120	40	3870.431640625
120	42	3870.5390625
120	44	3870.8203125
120	46	3870.6484375
120	48	3870.705078125
120	50	3870.55859375
120	52	3870.48828125
120	54	3870.349609375
120	56	3870.30859375
120	58	3870.578125
120	60	3870.6484375
120	62	3870.5078125
120	64	3870.484375
120	66	3870.43359375
120	68	3870.4609375
120	70	3870.65625
120	72	3870.12109375
120	74	3870.451171875
120	76	3870.44921875
120	78	3870.1640625
120	80	3870.609375
120	82	3870.271484375
120	84	3870.349609375
120	86	3870.017578125
120	88	3869.619140625
120	90	3870.240234375
120	92	3869.9296875
120	94	3869.72265625
120	96	3869.580078125
120	98	3869.412109375
