64	-290	3778.171875
64	-288	3780.015625
64	-286	3782.59375
64	-284	3783.875
64	-282	3786.296875
64	-280	3787.796875
64	-278	3790.390625
64	-276	3791.5
64	-274	3793.921875
64	-272	3795.359375
64	-270	3796.375
64	-268	3798.484375
64	-266	3800.78125
64	-264	3802.265625
64	-262	3804.75
64	-260	3806.09375
64	-258	3808.28125
64	-256	3809.796875
64	-254	3810.875
64	-252	3813.265625
64	-250	3815.671875
64	-248	3817.140625
64	-246	3819.359375
64	-244	3821.53125
64	-242	3822.9375
64	-240	3824.03125
64	-238	3825.3125
64	-236	3826.703125
64	-234	3827.828125
64	-232	3829.609375
64	-230	3831.578125
64	-228	3833.1875
64	-226	3835.125
64	-224	3836.921875
64	-222	3838.859375
64	-220	3839.484375
64	-218	3841.375
64	-216	3842.171875
64	-214	3843.453125
64	-212	3844.46875
64	-210	3846.265625
64	-208	3847.5
64	-206	3849.171875
64	-204	3851.015625
64	-202	3852.359375
64	-200	3853.375
64	-198	3854.328125
64	-196	3855.53125
64	-194	3856.0625
64	-192	3857.5625
64	-190	3858.015625
64	-188	3859.015625
64	-186	3860.15625
64	-184	3861.109375
64	-182	3861.953125
64	-180	3862.984375
64	-178	3863.828125
64	-176	3864.703125
64	-174	3865.265625
64	-172	3866.046875
64	-170	3866.625
64	-168	3867.671875
64	-166	3868.515625
64	-164	3868.90625
64	-162	3869.875
64	-160	3870.71875
64	-158	3871.140625
64	-156	3871.5
64	-154	3872.453125
64	-152	3872.703125
64	-150	3873.453125
64	-148	3873.53125
64	-146	3874.8125
64	-144	3874.921875
64	-142	3875.359375
64	-140	3875.453125
64	-138	3875.890625
64	-136	3876.4375
64	-134	3876.859375
64	-132	3877.65625
64	-130	3877.78125
64	-128	3878.25
64	-126	3878.78125
64	-124	3879.140625
64	-122	3879.46875
64	-120	3879.546875
64	-118	3880.0625
64	-116	3880.171875
64	-114	3880.765625
64	-112	3881.015625
64	-110	3881.234375
64	-108	3881.40625
64	-106	3881.75
64	-104	3882.0625
64	-102	3882.15625
64	-100	3882.203125
64	-98	3882.625
64	-96	3882.84375
64	-94	3883
64	-92	3883.25
64	-90	3883.6875
64	-88	3883.90625
64	-86	3883.890625
64	-84	3883.78125
64	-82	3883.921875
64	-80	3884.40625
64	-78	3884.578125
64	-76	3884.140625
64	-74	3884.65625
64	-72	3884.40625
64	-70	3884.890625
64	-68	3885.390625
64	-66	3885.4375
64	-64	3885.671875
64	-62	3886.09375
64	-60	3886.078125
64	-58	3886.203125
64	-56	3886.15625
64	-54	3886.484375
64	-52	3886.5
64	-50	3886.6875
64	-48	3886.765625
64	-46	3887.171875
64	-44	3887.03125
64	-42	3887.53125
64	-40	3887.359375
64	-38	3887.484375
64	-36	3887.8125
64	-34	3887.765625
64	-32	3887.875
64	-30	3888.03125
64	-28	3887.96875
64	-26	3888.15625
64	-24	3888.09375
64	-22	3888.09375
64	-20	3888.125
64	-18	3888.21875
64	-16	3888.40625
64	-14	3888.4375
64	-12	3888.5625
64	-10	3888.515625
64	-8	3888.71875
64	-6	3888.65625
64	-4	3888.578125
64	-2	3888.75
64	0	3888.703125
64	2	3888.84375
64	4	3888.859375
64	6	3888.796875
64	8	3888.6875
64	10	3888.921875
64	12	3888.734375
64	14	3888.703125
64	16	3888.609375
64	18	3888.671875
64	20	3888.71875
64	22	3888.828125
64	24	3888.625
64	26	3888.53125
64	28	3888.65625
64	30	3888.53125
64	32	3888.40625
64	34	3888.234375
64	36	3888.390625
64	38	3888.234375
64	40	3888.125
64	42	3888.21875
64	44	3888.03125
64	46	3888.1875
64	48	3888.046875
64	50	3888.046875
64	52	3888.25
64	54	3887.765625
64	56	3888.03125
64	58	3887.78125
64	60	3887.578125
64	62	3887.90625
64	64	3887.609375
64	66	3887.890625
64	68	3887.546875
64	70	3887.46875
64	72	3887.5625
64	74	3887.5625
64	76	3887.46875
64	78	3887.359375
64	80	3887.0625
64	82	3887.125
64	84	3887.09375
64	86	3886.84375
64	88	3886.875
64	90	3886.71875
64	92	3886.8125
64	94	3886.59375
64	96	3886.359375
64	98	3886.390625
68	-290	3778.609375
68	-288	3780.640625
68	-286	3783.15625
68	-284	3784.734375
68	-282	3786.015625
68	-280	3787.875
68	-278	3790.078125
68	-276	3792.609375
68	-274	3794.3125
68	-272	3794.890625
68	-270	3797.171875
68	-268	3798.4375
68	-266	3800.109375
68	-264	3802.140625
68	-262	3804.765625
68	-260	3806.59375
68	-258	3808.25
68	-256	3810.671875
68	-254	3812.75
68	-252	3814.28125
68	-250	3815.640625
68	-248	3817.265625
68	-246	3818.59375
68	-244	3820.421875
68	-242	3821.65625
68	-240	3824.3125
68	-238	3825.96875
68	-236	3827.453125
68	-234	3828.671875
68	-232	3829.640625
68	-230	3831.6875
68	-228	3833.09375
68	-226	3834
68	-224	3835.703125
68	-222	3837.21875
68	-220	3839.359375
68	-218	3840.53125
68	-216	3841.859375
68	-214	3843.28125
68	-212	3843.90625
68	-210	3845.609375
68	-208	3846.546875
68	-206	3848.109375
68	-204	3849.859375
68	-202	3851.96875
68	-200	3853.015625
68	-198	3854.65625
68	-196	3855.25
68	-194	3855.953125
68	-192	3857.03125
68	-190	3857.921875
68	-188	3859.0625
68	-186	3859.828125
68	-184	3860.4375
68	-182	3862.203125
68	-180	3863.46875
68	-178	3864.109375
68	-176	3864.5
68	-174	3865.140625
68	-172	3866.09375
68	-170	3866.453125
68	-168	3867.4375
68	-166	3867.65625
68	-164	3868.578125
68	-162	3869.5
68	-160	3870.28125
68	-158	3870.484375
68	-156	3871.203125
68	-154	3871.703125
68	-152	3872.3125
68	-150	3872.65625
68	-148	3872.90625
68	-146	3873.375
68	-144	3873.984375
68	-142	3874.3125
68	-140	3874.609375
68	-138	3875.265625
68	-136	3875.734375
68	-134	3876.15625
68	-132	3876.234375
68	-130	3876.859375
68	-128	3877.15625
68	-126	3877.921875
68	-124	3878.09375
68	-122	3878.234375
68	-120	3878.640625
68	-118	3879.046875
68	-116	3879.3125
68	-114	3879.453125
68	-112	3879.890625
68	-110	3880
68	-108	3880.375
68	-106	3880.75
68	-104	3880.703125
68	-102	3881.0625
68	-100	3881.125
68	-98	3881.65625
68	-96	3881.859375
68	-94	3881.9375
68	-92	3882.171875
68	-90	3882.515625
68	-88	3882.796875
68	-86	3882.75
68	-84	3882.859375
68	-82	3883.15625
68	-80	3883.03125
68	-78	3883.15625
68	-76	3883.5625
68	-74	3883.359375
68	-72	3883.59375
68	-70	3884.1875
68	-68	3884
68	-66	3884.203125
68	-64	3884.484375
68	-62	3884.9375
68	-60	3885.203125
68	-58	3885.328125
68	-56	3885.109375
68	-54	3885.234375
68	-52	3885.359375
68	-50	3885.375
68	-48	3885.40625
68	-46	3885.671875
68	-44	3885.96875
68	-42	3886.078125
68	-40	3885.96875
68	-38	3886.296875
68	-36	3886.296875
68	-34	3886.375
68	-32	3886.4375
68	-30	3886.59375
68	-28	3886.765625
68	-26	3887.09375
68	-24	3886.859375
68	-22	3887
68	-20	3887.09375
68	-18	3887
68	-16	3887.140625
68	-14	3887.046875
68	-12	3887.21875
68	-10	3887.15625
68	-8	3887.3125
68	-6	3887.40625
68	-4	3887.3125
68	-2	3887.25
68	0	3887.25
68	2	3887.234375
68	4	3887.203125
68	6	3887.296875
68	8	3887.375
68	10	3887.453125
68	12	3887.234375
68	14	3887.109375
68	16	3887.453125
68	18	3887.515625
68	20	3887.53125
68	22	3887.484375
68	24	3887.65625
68	26	3887.546875
68	28	3887.453125
68	30	3887.296875
68	32	3887.53125
68	34	3887.3125
68	36	3887.484375
68	38	3887.265625
68	40	3887.6875
68	42	3887.25
68	44	3887.5625
68	46	3887.3125
68	48	3887.359375
68	50	3887.34375
68	52	3887.171875
68	54	3887.15625
68	56	3887
68	58	3886.8125
68	60	3886.609375
68	62	3886.609375
68	64	3886.765625
68	66	3886.609375
68	68	3886.4375
68	70	3886.5
68	72	3886.109375
68	74	3886.21875
68	76	3886.375
68	78	3886.390625
68	80	3886.125
68	82	3885.984375
68	84	3885.6875
68	86	3885.734375
68	88	3885.578125
68	90	3885.515625
68	92	3885.671875
68	94	3885.65625
68	96	3885.140625
68	98	3885.265625
72	-290	3779.265625
72	-288	3781.3125
72	-286	3783.171875
72	-284	3785.421875
72	-282	3788.640625
72	-280	3789.59375
72	-278	3791.328125
72	-276	3793.578125
72	-274	3794.75
72	-272	3796.203125
72	-270	3798.1875
72	-268	3800.109375
72	-266	3802.359375
72	-264	3803.96875
72	-262	3805.71875
72	-260	3808.015625
72	-258	3810.0625
72	-256	3811.453125
72	-254	3813.6875
72	-252	3815.515625
72	-250	3816.828125
72	-248	3818.71875
72	-246	3820.046875
72	-244	3821.65625
72	-242	3823.5625
72	-240	3824.09375
72	-238	3826.03125
72	-236	3827.078125
72	-234	3827.859375
72	-232	3829.515625
72	-230	3830.6875
72	-228	3832.453125
72	-226	3834.484375
72	-224	3835.890625
72	-222	3837.796875
72	-220	3839.5625
72	-218	3840.953125
72	-216	3842.203125
72	-214	3843.46875
72	-212	3844.75
72	-210	3846.34375
72	-208	3847.4375
72	-206	3848.453125
72	-204	3849.828125
72	-202	3850.875
72	-200	3851.921875
72	-198	3853.34375
72	-196	3853.953125
72	-194	3854.953125
72	-192	3855.40625
72	-190	3856.65625
72	-188	3857.609375
72	-186	3858.484375
72	-184	3859.96875
72	-182	3860.578125
72	-180	3861.71875
72	-178	3862.4375
72	-176	3863.4375
72	-174	3863.984375
72	-172	3864.9375
72	-170	3865.375
72	-168	3866.90625
72	-166	3867.015625
72	-164	3867.375
72	-162	3867.859375
72	-160	3868.890625
72	-158	3869.265625
72	-156	3869.359375
72	-154	3870.09375
72	-152	3870.5625
72	-150	3870.90625
72	-148	3871.28125
72	-146	3872.0625
72	-144	3872.640625
72	-142	3873.15625
72	-140	3873.53125
72	-138	3873.71875
72	-136	3873.875
72	-134	3874.578125
72	-132	3875.140625
72	-130	3875.390625
72	-128	3875.671875
72	-126	3875.78125
72	-124	3876.25
72	-122	3876.578125
72	-120	3876.78125
72	-118	3877.09375
72	-116	3877.59375
72	-114	3877.890625
72	-112	3878.0625
72	-110	3878.171875
72	-108	3878.609375
72	-106	3878.890625
72	-104	3879.15625
72	-102	3879.484375
72	-100	3879.828125
72	-98	3880.0625
72	-96	3880.265625
72	-94	3880.390625
72	-92	3880.5625
72	-90	3880.71875
72	-88	3880.84375
72	-86	3881.546875
72	-84	3881.46875
72	-82	3881.71875
72	-80	3882.03125
72	-78	3882.09375
72	-76	3882.328125
72	-74	3882.625
72	-72	3882.640625
72	-70	3883.15625
72	-68	3883.140625
72	-66	3883.234375
72	-64	3883.203125
72	-62	3883.140625
72	-60	3883.28125
72	-58	3883.546875
72	-56	3883.90625
72	-54	3883.8125
72	-52	3883.75
72	-50	3884.015625
72	-48	3883.828125
72	-46	3884.1875
72	-44	3884.21875
72	-42	3884.328125
72	-40	3884.40625
72	-38	3884.59375
72	-36	3884.984375
72	-34	3885.15625
72	-32	3884.921875
72	-30	3885.03125
72	-28	3885.09375
72	-26	3885.21875
72	-24	3885.46875
72	-22	3885.375
72	-20	3885.5625
72	-18	3885.5
72	-16	3885.859375
72	-14	3885.890625
72	-12	3886.078125
72	-10	3885.90625
72	-8	3885.90625
72	-6	3886.140625
72	-4	3886.0625
72	-2	3886.03125
72	0	3886.09375
72	2	3886.09375
72	4	3886.125
72	6	3886.234375
72	8	3886.296875
72	10	3886.40625
72	12	3886.265625
72	14	3886.28125
72	16	3886.609375
72	18	3886.453125
72	20	3885.9375
72	22	3886.25
72	24	3886.3125
72	26	3886.375
72	28	3886.140625
72	30	3886.234375
72	32	3886.046875
72	34	3885.984375
72	36	3886.09375
72	38	3886.15625
72	40	3886.015625
72	42	3885.984375
72	44	3885.734375
72	46	3885.71875
72	48	3885.859375
72	50	3885.84375
72	52	3885.6875
72	54	3885.34375
72	56	3885.4375
72	58	3885.28125
72	60	3885.15625
72	62	3885.34375
72	64	3885.09375
72	66	3885.3125
72	68	3885.34375
72	70	3885
72	72	3885.078125
72	74	3884.9375
72	76	3884.90625
72	78	3884.828125
72	80	3884.640625
72	82	3884.65625
72	84	3884.6875
72	86	3884.75
72	88	3884.484375
72	90	3884.390625
72	92	3884.15625
72	94	3883.90625
72	96	3883.953125
72	98	3883.34375
76	-290	3779.90625
76	-288	3782.25
76	-286	3783.953125
76	-284	3786.34375
76	-282	3787.546875
76	-280	3789.0625
76	-278	3791.109375
76	-276	3793.5
76	-274	3795
76	-272	3797.625
76	-270	3799.84375
76	-268	3800.9375
76	-266	3802.640625
76	-264	3804.796875
76	-262	3807.375
76	-260	3809.234375
76	-258	3810.390625
76	-256	3812.46875
76	-254	3813.75
76	-252	3815.296875
76	-250	3816.59375
76	-248	3818.109375
76	-246	3819.078125
76	-244	3820.921875
76	-242	3822.796875
76	-240	3824.6875
76	-238	3826.140625
76	-236	3827.34375
76	-234	3828.34375
76	-232	3829.984375
76	-230	3831.671875
76	-228	3832.984375
76	-226	3834.390625
76	-224	3835.828125
76	-222	3837.296875
76	-220	3838.703125
76	-218	3839.8125
76	-216	3841.75
76	-214	3843.484375
76	-212	3844.53125
76	-210	3845.921875
76	-208	3847.578125
76	-206	3848.875
76	-204	3849.96875
76	-202	3850.890625
76	-200	3851.984375
76	-198	3852.984375
76	-196	3853.25
76	-194	3854.234375
76	-192	3855.15625
76	-190	3856.5
76	-188	3856.984375
76	-186	3857.921875
76	-184	3858.546875
76	-182	3859.625
76	-180	3861.109375
76	-178	3861.9375
76	-176	3862.609375
76	-174	3863.46875
76	-172	3863.90625
76	-170	3864.75
76	-168	3865.1875
76	-166	3865.8125
76	-164	3866.1875
76	-162	3866.765625
76	-160	3867.171875
76	-158	3867.6875
76	-156	3867.8125
76	-154	3868.34375
76	-152	3868.90625
76	-150	3869.671875
76	-148	3870.078125
76	-146	3870.390625
76	-144	3870.59375
76	-142	3871.484375
76	-140	3872.234375
76	-138	3872.359375
76	-136	3872.578125
76	-134	3872.609375
76	-132	3872.9375
76	-130	3873.984375
76	-128	3874.15625
76	-126	3874.5625
76	-124	3874.71875
76	-122	3874.875
76	-120	3875.328125
76	-118	3875.546875
76	-116	3875.90625
76	-114	3876.203125
76	-112	3876.6875
76	-110	3877.09375
76	-108	3877.359375
76	-106	3877.203125
76	-104	3877.359375
76	-102	3878.0625
76	-100	3878.078125
76	-98	3878.421875
76	-96	3878.3125
76	-94	3878.546875
76	-92	3878.734375
76	-90	3879.0625
76	-88	3879.296875
76	-86	3879.765625
76	-84	3880
76	-82	3879.859375
76	-80	3880.203125
76	-78	3880.140625
76	-76	3880.359375
76	-74	3880.5
76	-72	3880.96875
76	-70	3881.1875
76	-68	3881.46875
76	-66	3881.421875
76	-64	3881.53125
76	-62	3881.390625
76	-60	3881.609375
76	-58	3881.609375
76	-56	3881.65625
76	-54	3882.03125
76	-52	3882.25
76	-50	3882.234375
76	-48	3882.3125
76	-46	3882.640625
76	-44	3882.53125
76	-42	3882.609375
76	-40	3882.546875
76	-38	3882.953125
76	-36	3882.890625
76	-34	3882.96875
76	-32	3883.25
76	-30	3883.28125
76	-28	3883.046875
76	-26	3882.953125
76	-24	3883.34375
76	-22	3883.15625
76	-20	3883.28125
76	-18	3883.46875
76	-16	3883.734375
76	-14	3883.75
76	-12	3883.765625
76	-10	3883.515625
76	-8	3883.890625
76	-6	3883.84375
76	-4	3884
76	-2	3884
76	0	3884.296875
76	2	3883.859375
76	4	3884.265625
76	6	3884.125
76	8	3884.015625
76	10	3883.921875
76	12	3884.0625
76	14	3884.125
76	16	3884.234375
76	18	3884.125
76	20	3884.125
76	22	3883.84375
76	24	3884.015625
76	26	3883.84375
76	28	3884.109375
76	30	3883.890625
76	32	3884
76	34	3883.78125
76	36	3883.640625
76	38	3883.765625
76	40	3883.5
76	42	3883.671875
76	44	3883.515625
76	46	3883.4375
76	48	3883.734375
76	50	3883.53125
76	52	3883.71875
76	54	3883.390625
76	56	3883.609375
76	58	3883.609375
76	60	3883.34375
76	62	3883.359375
76	64	3883.453125
76	66	3883.21875
76	68	3883.109375
76	70	3883.171875
76	72	3882.28125
76	74	3882.546875
76	76	3882.75
76	78	3882.671875
76	80	3882.609375
76	82	3882.875
76	84	3882.75
76	86	3882.21875
76	88	3881.953125
76	90	3882.296875
76	92	3881.65625
76	94	3881.953125
76	96	3881.640625
76	98	3881.515625
80	-290	3781.0625
80	-288	3783.109375
80	-286	3784.640625
80	-284	3786.734375
80	-282	3787.671875
80	-280	3790.25
80	-278	3792.109375
80	-276	3793.5
80	-274	3796.96875
80	-272	3799.0625
80	-270	3800.609375
80	-268	3802.265625
80	-266	3803.9375
80	-264	3805.65625
80	-262	3807.484375
80	-260	3808.859375
80	-258	3810.671875
80	-256	3812.53125
80	-254	3813.953125
80	-252	3815.0625
80	-250	3816.84375
80	-248	3818.96875
80	-246	3820.640625
80	-244	3821.578125
80	-242	3823.328125
80	-240	3825.078125
80	-238	3826.46875
80	-236	3827.375
80	-234	3829.125
80	-232	3830.328125
80	-230	3831.4375
80	-228	3832.78125
80	-226	3834.15625
80	-224	3835.890625
80	-222	3837.78125
80	-220	3839.375
80	-218	3841.140625
80	-216	3842.515625
80	-214	3843.109375
80	-212	3844.703125
80	-210	3845.65625
80	-208	3846.9375
80	-206	3848.21875
80	-204	3849.09375
80	-202	3849.609375
80	-200	3851.15625
80	-198	3851.984375
80	-196	3853.15625
80	-194	3853.90625
80	-192	3854.84375
80	-190	3855.828125
80	-188	3856.421875
80	-186	3856.453125
80	-184	3857.734375
80	-182	3858.703125
80	-180	3859.90625
80	-178	3860.65625
80	-176	3861.015625
80	-174	3861.71875
80	-172	3861.890625
80	-170	3862.578125
80	-168	3862.9375
80	-166	3863.609375
80	-164	3863.78125
80	-162	3864.9375
80	-160	3865.203125
80	-158	3865.453125
80	-156	3865.875
80	-154	3866.40625
80	-152	3867.25
80	-150	3867.71875
80	-148	3868.1875
80	-146	3868.40625
80	-144	3868.4375
80	-142	3869
80	-140	3869.109375
80	-138	3869.34375
80	-136	3869.796875
80	-134	3870.03125
80	-132	3870.890625
80	-130	3871.296875
80	-128	3871.671875
80	-126	3871.953125
80	-124	3872.1875
80	-122	3871.921875
80	-120	3872.640625
80	-118	3872.875
80	-116	3873.234375
80	-114	3873.28125
80	-112	3873.421875
80	-110	3873.8125
80	-108	3874.21875
80	-106	3874.296875
80	-104	3874.8125
80	-102	3875.078125
80	-100	3875.609375
80	-98	3875.28125
80	-96	3875.90625
80	-94	3875.734375
80	-92	3875.984375
80	-90	3876.40625
80	-88	3876.96875
80	-86	3876.875
80	-84	3876.484375
80	-82	3877.234375
80	-80	3877.421875
80	-78	3877.828125
80	-76	3877.75
80	-74	3877.84375
80	-72	3877.65625
80	-70	3878.125
80	-68	3877.9375
80	-66	3878.234375
80	-64	3878.296875
80	-62	3878.5
80	-60	3878.515625
80	-58	3878.40625
80	-56	3878.875
80	-54	3879.015625
80	-52	3879
80	-50	3879.328125
80	-48	3879.265625
80	-46	3879.640625
80	-44	3879.5625
80	-42	3879.8125
80	-40	3879.8125
80	-38	3880.078125
80	-36	3880.25
80	-34	3879.96875
80	-32	3880.3125
80	-30	3880.640625
80	-28	3880.4375
80	-26	3880.484375
80	-24	3880.671875
80	-22	3881.015625
80	-20	3881.046875
80	-18	3880.9375
80	-16	3881.078125
80	-14	3881.03125
80	-12	3880.890625
80	-10	3880.625
80	-8	3881.21875
80	-6	3881.265625
80	-4	3881.359375
80	-2	3881.578125
80	0	3881.734375
80	2	3881.421875
80	4	3881.1875
80	6	3881.578125
80	8	3881.390625
80	10	3881.546875
80	12	3881.609375
80	14	3881.609375
80	16	3881.140625
80	18	3881.40625
80	20	3881.015625
80	22	3881.1875
80	24	3881.40625
80	26	3881.5625
80	28	3881.296875
80	30	3881.265625
80	32	3881.328125
80	34	3881.21875
80	36	3881.15625
80	38	3881.15625
80	40	3881.203125
80	42	3881.09375
80	44	3880.953125
80	46	3881.109375
80	48	3881.03125
80	50	3880.71875
80	52	3881.296875
80	54	3881.15625
80	56	3880.9375
80	58	3880.78125
80	60	3880.984375
80	62	3881.09375
80	64	3880.96875
80	66	3880.796875
80	68	3880.765625
80	70	3880.5625
80	72	3880.328125
80	74	3880.5625
80	76	3880.34375
80	78	3880.125
80	80	3879.984375
80	82	3879.90625
80	84	3879.890625
80	86	3880.140625
80	88	3879.890625
80	90	3879.71875
80	92	3879.71875
80	94	3879.640625
80	96	3879.09375
80	98	3879.234375
84	-290	3783.265625
84	-288	3785.046875
84	-286	3786.1875
84	-284	3787.6875
84	-282	3791.359375
84	-280	3792.59375
84	-278	3794.015625
84	-276	3796.578125
84	-274	3798.046875
84	-272	3799.984375
84	-270	3801.15625
84	-268	3803.203125
84	-266	3804.625
84	-264	3807.296875
84	-262	3808.515625
84	-260	3810.140625
84	-258	3812.296875
84	-256	3813.8125
84	-254	3815.5
84	-252	3816.734375
84	-250	3818.53125
84	-248	3819.65625
84	-246	3821.03125
84	-244	3822.359375
84	-242	3823.25
84	-240	3825.34375
84	-238	3826.234375
84	-236	3828.015625
84	-234	3829.4375
84	-232	3831.125
84	-230	3832.578125
84	-228	3833.765625
84	-226	3834.953125
84	-224	3836.390625
84	-222	3837.421875
84	-220	3839.75
84	-218	3840.765625
84	-216	3841.734375
84	-214	3842.5625
84	-212	3843.828125
84	-210	3845.203125
84	-208	3845.890625
84	-206	3847.53125
84	-204	3848.015625
84	-202	3848.5
84	-200	3849.078125
84	-198	3850.125
84	-196	3850.734375
84	-194	3851.59375
84	-192	3852.59375
84	-190	3853.484375
84	-188	3853.890625
84	-186	3854.875
84	-184	3855.734375
84	-182	3856.4375
84	-180	3857.125
84	-178	3857.546875
84	-176	3858.328125
84	-174	3858.953125
84	-172	3859.25
84	-170	3860.203125
84	-168	3860.65625
84	-166	3861.03125
84	-164	3861.515625
84	-162	3861.84375
84	-160	3862.484375
84	-158	3862.96875
84	-156	3863.109375
84	-154	3863.21875
84	-152	3863.765625
84	-150	3863.875
84	-148	3864.390625
84	-146	3864.90625
84	-144	3865.328125
84	-142	3865.828125
84	-140	3866.53125
84	-138	3866.71875
84	-136	3866.921875
84	-134	3867.40625
84	-132	3867.828125
84	-130	3868.1875
84	-128	3868.828125
84	-126	3868.875
84	-124	3869.15625
84	-122	3869.5
84	-120	3869.921875
84	-118	3870.4375
84	-116	3870.671875
84	-114	3870.921875
84	-112	3870.46875
84	-110	3871.046875
84	-108	3871.203125
84	-106	3871.234375
84	-104	3871.6875
84	-102	3871.328125
84	-100	3871.90625
84	-98	3872.015625
84	-96	3872.390625
84	-94	3872.828125
84	-92	3872.515625
84	-90	3872.859375
84	-88	3873
84	-86	3873.25
84	-84	3873.1875
84	-82	3873.703125
84	-80	3873.890625
84	-78	3873.890625
84	-76	3874.140625
84	-74	3874.40625
84	-72	3874.03125
84	-70	3874.671875
84	-68	3874.484375
84	-66	3874.78125
84	-64	3875.171875
84	-62	3875.46875
84	-60	3875.671875
84	-58	3875.984375
84	-56	3875.6875
84	-54	3876.28125
84	-52	3876.0625
84	-50	3876.25
84	-48	3876.609375
84	-46	3876.46875
84	-44	3876.21875
84	-42	3876.484375
84	-40	3876.9375
84	-38	3876.65625
84	-36	3877.015625
84	-34	3876.921875
84	-32	3876.90625
84	-30	3876.734375
84	-28	3876.765625
84	-26	3876.875
84	-24	3876.90625
84	-22	3876.828125
84	-20	3877.046875
84	-18	3877.1875
84	-16	3876.828125
84	-14	3877
84	-12	3877.359375
84	-10	3877.640625
84	-8	3877.296875
84	-6	3877.15625
84	-4	3877.203125
84	-2	3877.1875
84	0	3877.34375
84	2	3877.265625
84	4	3877.234375
84	6	3877.65625
84	8	3877.53125
84	10	3877.5
84	12	3877.171875
84	14	3877.359375
84	16	3877.375
84	18	3877.171875
84	20	3877.015625
84	22	3876.875
84	24	3877.0625
84	26	3877.1875
84	28	3877.3125
84	30	3877.25
84	32	3877.390625
84	34	3877.390625
84	36	3877.1875
84	38	3877.09375
84	40	3877.234375
84	42	3877.328125
84	44	3877.46875
84	46	3877.1875
84	48	3877.0625
84	50	3877.359375
84	52	3876.890625
84	54	3877
84	56	3877.140625
84	58	3877.140625
84	60	3876.921875
84	62	3876.921875
84	64	3876.71875
84	66	3876.65625
84	68	3876.609375
84	70	3876.625
84	72	3876.484375
84	74	3876.578125
84	76	3876.359375
84	78	3876.21875
84	80	3876.609375
84	82	3876.15625
84	84	3875.984375
84	86	3875.90625
84	88	3876.375
84	90	3875.859375
84	92	3875.6875
84	94	3875.703125
84	96	3875.359375
84	98	3875.40625
88	-290	3786.34375
88	-288	3788.0625
88	-286	3789.015625
88	-284	3790.796875
88	-282	3792.890625
88	-280	3794.59375
88	-278	3796.59375
88	-276	3798.390625
88	-274	3799.65625
88	-272	3801.15625
88	-270	3803.578125
88	-268	3804.890625
88	-266	3806.328125
88	-264	3808.34375
88	-262	3810.078125
88	-260	3811.890625
88	-258	3813.515625
88	-256	3815.0625
88	-254	3816.453125
88	-252	3817.4375
88	-250	3819
88	-248	3820.875
88	-246	3821.703125
88	-244	3823.671875
88	-242	3825.203125
88	-240	3826.8125
88	-238	3827.796875
88	-236	3828.875
88	-234	3830.46875
88	-232	3831.609375
88	-230	3832.4375
88	-228	3833.421875
88	-226	3834.390625
88	-224	3835.140625
88	-222	3836.25
88	-220	3837.46875
88	-218	3839.171875
88	-216	3840.0625
88	-214	3841.375
88	-212	3842.5625
88	-210	3843.375
88	-208	3844
88	-206	3844.984375
88	-204	3845.296875
88	-202	3846.234375
88	-200	3846.703125
88	-198	3847.625
88	-196	3848.625
88	-194	3849.3125
88	-192	3849.5625
88	-190	3850.4375
88	-188	3850.578125
88	-186	3851.9375
88	-184	3853.046875
88	-182	3853.15625
88	-180	3854.609375
88	-178	3854.671875
88	-176	3855.109375
88	-174	3855.59375
88	-172	3856.078125
88	-170	3856.609375
88	-168	3856.453125
88	-166	3857.453125
88	-164	3857.84375
88	-162	3858.328125
88	-160	3858.453125
88	-158	3859.0625
88	-156	3859.421875
88	-154	3859.890625
88	-152	3859.640625
88	-150	3860.078125
88	-148	3860.84375
88	-146	3861.546875
88	-144	3861.875
88	-142	3861.875
88	-140	3862.390625
88	-138	3862.703125
88	-136	3863.078125
88	-134	3863.515625
88	-132	3863.875
88	-130	3864.28125
88	-128	3864.625
88	-126	3864.5625
88	-124	3864.890625
88	-122	3864.8125
88	-120	3865.640625
88	-118	3865.984375
88	-116	3865.6875
88	-114	3866.390625
88	-112	3866.703125
88	-110	3866.859375
88	-108	3867.21875
88	-106	3867.484375
88	-104	3867.484375
88	-102	3868.03125
88	-100	3867.921875
88	-98	3868.078125
88	-96	3868.0625
88	-94	3868.96875
88	-92	3868.796875
88	-90	3868.890625
88	-88	3869.609375
88	-86	3869.40625
88	-84	3869.609375
88	-82	3870.421875
88	-80	3870.21875
88	-78	3870.609375
88	-76	3870.703125
88	-74	3870.515625
88	-72	3870.515625
88	-70	3870.828125
88	-68	3871
88	-66	3870.90625
88	-64	3870.828125
88	-62	3871.015625
88	-60	3871.21875
88	-58	3871.5
88	-56	3871.421875
88	-54	3871.625
88	-52	3871.953125
88	-50	3871.890625
88	-48	3872.078125
88	-46	3871.9375
88	-44	3872.234375
88	-42	3872.328125
88	-40	3872.34375
88	-38	3872.265625
88	-36	3872.65625
88	-34	3872.359375
88	-32	3872.53125
88	-30	3872.546875
88	-28	3872.703125
88	-26	3872.75
88	-24	3872.734375
88	-22	3872.578125
88	-20	3872.859375
88	-18	3872.953125
88	-16	3873.53125
88	-14	3873.3125
88	-12	3873.109375
88	-10	3873.15625
88	-8	3873.015625
88	-6	3873.15625
88	-4	3873.5
88	-2	3873.578125
88	0	3873.578125
88	2	3873.609375
88	4	3873.6875
88	6	3873.453125
88	8	3873.3125
88	10	3873.875
88	12	3873.78125
88	14	3873.6875
88	16	3873.859375
88	18	3873.703125
88	20	3873.796875
88	22	3873.3125
88	24	3873.609375
88	26	3873.484375
88	28	3873.5625
88	30	3873.6875
88	32	3873.78125
88	34	3873.203125
88	36	3873.265625
88	38	3873.40625
88	40	3873.34375
88	42	3873.203125
88	44	3873.09375
88	46	3872.859375
88	48	3873.1875
88	50	3873.0625
88	52	3873.5625
88	54	3872.921875
88	56	3873.125
88	58	3873.15625
88	60	3873.515625
88	62	3872.90625
88	64	3872.78125
88	66	3872.640625
88	68	3872.46875
88	70	3872.875
88	72	3872.890625
88	74	3872.609375
88	76	3872.859375
88	78	3873.109375
88	80	3872.34375
88	82	3872.15625
88	84	3872.109375
88	86	3872.453125
88	88	3872.078125
88	90	3871.875
88	92	3872.515625
88	94	3872.375
88	96	3872.03125
88	98	3871.890625
92	-290	3786.984375
92	-288	3790.8125
92	-286	3791.734375
92	-284	3793.40625
92	-282	3794.953125
92	-280	3796.703125
92	-278	3797.765625
92	-276	3800.140625
92	-274	3801.953125
92	-272	3803.171875
92	-270	3804.921875
92	-268	3806.5625
92	-266	3808.328125
92	-264	3809.953125
92	-262	3811.234375
92	-260	3812.609375
92	-258	3813.96875
92	-256	3814.765625
92	-254	3816.125
92	-252	3817.75
92	-250	3819.359375
92	-248	3820.828125
92	-246	3821.859375
92	-244	3823.5625
92	-242	3825
92	-240	3825.859375
92	-238	3827.03125
92	-236	3828.1875
92	-234	3829.28125
92	-232	3830.28125
92	-230	3831.703125
92	-228	3832.203125
92	-226	3833.0625
92	-224	3834.890625
92	-222	3836.53125
92	-220	3836.96875
92	-218	3838.0625
92	-216	3838.546875
92	-214	3839.21875
92	-212	3839.796875
92	-210	3840.859375
92	-208	3841.421875
92	-206	3842.1875
92	-204	3843
92	-202	3843.859375
92	-200	3844.625
92	-198	3845.4375
92	-196	3846.53125
92	-194	3846.421875
92	-192	3846.5625
92	-190	3847.203125
92	-188	3848.1875
92	-186	3848.578125
92	-184	3849.4375
92	-182	3849.875
92	-180	3850.234375
92	-178	3851.078125
92	-176	3851.28125
92	-174	3851.515625
92	-172	3851.90625
92	-170	3852.53125
92	-168	3853.140625
92	-166	3853.34375
92	-164	3854.484375
92	-162	3854.53125
92	-160	3854.859375
92	-158	3855.40625
92	-156	3855.640625
92	-154	3856.265625
92	-152	3856.4375
92	-150	3856.640625
92	-148	3857.046875
92	-146	3857
92	-144	3857.9375
92	-142	3858.5
92	-140	3858.734375
92	-138	3859.578125
92	-136	3859.734375
92	-134	3859.703125
92	-132	3859.71875
92	-130	3860.25
92	-128	3860.609375
92	-126	3860.90625
92	-124	3861.015625
92	-122	3861.390625
92	-120	3861.96875
92	-118	3862.234375
92	-116	3862.65625
92	-114	3862.46875
92	-112	3862.890625
92	-110	3862.84375
92	-108	3863.1875
92	-106	3863.59375
92	-104	3863.5625
92	-102	3863.359375
92	-100	3863.359375
92	-98	3863.703125
92	-96	3863.671875
92	-94	3864.203125
92	-92	3864.65625
92	-90	3864.625
92	-88	3865.046875
92	-86	3864.953125
92	-84	3864.90625
92	-82	3865.234375
92	-80	3865.140625
92	-78	3865.171875
92	-76	3864.953125
92	-74	3865.671875
92	-72	3865.640625
92	-70	3865.984375
92	-68	3865.96875
92	-66	3866.796875
92	-64	3866.359375
92	-62	3866.65625
92	-60	3866.421875
92	-58	3867.046875
92	-56	3866.71875
92	-54	3866.828125
92	-52	3866.78125
92	-50	3866.765625
92	-48	3867.03125
92	-46	3867.21875
92	-44	3867.21875
92	-42	3867.078125
92	-40	3867.578125
92	-38	3867.640625
92	-36	3868.1875
92	-34	3868.5
92	-32	3868.375
92	-30	3868.390625
92	-28	3868.21875
92	-26	3867.890625
92	-24	3868.234375
92	-22	3868.265625
92	-20	3868.375
92	-18	3868.6875
92	-16	3868.203125
92	-14	3869.046875
92	-12	3868.4375
92	-10	3868.796875
92	-8	3868.984375
92	-6	3868.75
92	-4	3868.546875
92	-2	3868.59375
92	0	3868.578125
92	2	3868.84375
92	4	3868.90625
92	6	3868.46875
92	8	3868.890625
92	10	3868.515625
92	12	3868.65625
92	14	3868.640625
92	16	3868.703125
92	18	3868.28125
92	20	3868.421875
92	22	3868.15625
92	24	3868.21875
92	26	3868.265625
92	28	3868.4375
92	30	3868.765625
92	32	3868.71875
92	34	3868.515625
92	36	3868.78125
92	38	3868.875
92	40	3868.828125
92	42	3868.609375
92	44	3868.78125
92	46	3868.734375
92	48	3868.375
92	50	3868.25
92	52	3868.5625
92	54	3868.203125
92	56	3868.203125
92	58	3868.3125
92	60	3868.296875
92	62	3867.90625
92	64	3868.09375
92	66	3867.8125
92	68	3867.96875
92	70	3867.921875
92	72	3867.75
92	74	3867.765625
92	76	3867.859375
92	78	3867.578125
92	80	3867.578125
92	82	3867.421875
92	84	3867.5625
92	86	3867.859375
92	88	3867.359375
92	90	3867.25
92	92	3866.609375
92	94	3866.859375
92	96	3866.609375
92	98	3866.34375
96	-290	3790.6875
96	-288	3792.421875
96	-286	3793.609375
96	-284	3795.1875
96	-282	3796.328125
96	-280	3798.40625
96	-278	3799.234375
96	-276	3801.609375
96	-274	3802.8125
96	-272	3804.234375
96	-270	3805.578125
96	-268	3806.546875
96	-266	3808.828125
96	-264	3810.234375
96	-262	3811.4375
96	-260	3812.34375
96	-258	3813.484375
96	-256	3814.296875
96	-254	3816.984375
96	-252	3818.5
96	-250	3819.421875
96	-248	3820.53125
96	-246	3822.359375
96	-244	3823.3125
96	-242	3823.890625
96	-240	3824.8125
96	-238	3825.984375
96	-236	3826.59375
96	-234	3828.234375
96	-232	3828.828125
96	-230	3829.828125
96	-228	3830.265625
96	-226	3831.375
96	-224	3832.578125
96	-222	3832.75
96	-220	3833.296875
96	-218	3834.640625
96	-216	3835.25
96	-214	3836.265625
96	-212	3836.84375
96	-210	3836.90625
96	-208	3838.375
96	-206	3839.625
96	-204	3840.046875
96	-202	3840.28125
96	-200	3841.046875
96	-198	3841.984375
96	-196	3842.3125
96	-194	3842.71875
96	-192	3843.390625
96	-190	3843.75
96	-188	3844.265625
96	-186	3845.109375
96	-184	3845.140625
96	-182	3846.171875
96	-180	3846.515625
96	-178	3847.1875
96	-176	3847.484375
96	-174	3848.203125
96	-172	3848.34375
96	-170	3848.96875
96	-168	3849.515625
96	-166	3849.75
96	-164	3850.140625
96	-162	3850.6875
96	-160	3851.203125
96	-158	3851.21875
96	-156	3851.53125
96	-154	3851.90625
96	-152	3852.140625
96	-150	3852.171875
96	-148	3852.1875
96	-146	3852.515625
96	-144	3853.484375
96	-142	3853.265625
96	-140	3853.578125
96	-138	3854.265625
96	-136	3854.890625
96	-134	3854.8125
96	-132	3854.90625
96	-130	3855.203125
96	-128	3855.4375
96	-126	3855.75
96	-124	3856.140625
96	-122	3856.28125
96	-120	3856.703125
96	-118	3856.515625
96	-116	3856.796875
96	-114	3856.640625
96	-112	3857.21875
96	-110	3857.5625
96	-108	3857.65625
96	-106	3857.890625
96	-104	3857.8125
96	-102	3858.484375
96	-100	3858.125
96	-98	3858.453125
96	-96	3858.75
96	-94	3858.796875
96	-92	3858.890625
96	-90	3859.484375
96	-88	3859.75
96	-86	3859.71875
96	-84	3860.328125
96	-82	3860.375
96	-80	3860.0625
96	-78	3860.109375
96	-76	3860.34375
96	-74	3860.640625
96	-72	3860.6875
96	-70	3860.234375
96	-68	3860.65625
96	-66	3860.84375
96	-64	3860.75
96	-62	3861.046875
96	-60	3860.9375
96	-58	3861.03125
96	-56	3861.359375
96	-54	3861.40625
96	-52	3861.78125
96	-50	3861.8125
96	-48	3862.203125
96	-46	3862.078125
96	-44	3862.140625
96	-42	3862.421875
96	-40	3861.625
96	-38	3862.984375
96	-36	3862.734375
96	-34	3862.703125
96	-32	3863.015625
96	-30	3862.734375
96	-28	3863.203125
96	-26	3863.265625
96	-24	3863.359375
96	-22	3863.3125
96	-20	3863.5
96	-18	3863.125
96	-16	3863.28125
96	-14	3863.453125
96	-12	3863.375
96	-10	3862.9375
96	-8	3863.515625
96	-6	3863.046875
96	-4	3863.6875
96	-2	3863.140625
96	0	3863.46875
96	2	3863.609375
96	4	3863.765625
96	6	3863.921875
96	8	3864.234375
96	10	3864.109375
96	12	3863.796875
96	14	3863.96875
96	16	3864.078125
96	18	3863.890625
96	20	3863.671875
96	22	3863.859375
96	24	3863.359375
96	26	3863.59375
96	28	3863.375
96	30	3863.640625
96	32	3863.15625
96	34	3863.4375
96	36	3863.828125
96	38	3863.109375
96	40	3862.921875
96	42	3863.28125
96	44	3863.25
96	46	3863.609375
96	48	3863.25
96	50	3863.125
96	52	3863.234375
96	54	3863.46875
96	56	3863.03125
96	58	3863.65625
96	60	3862.96875
96	62	3863.109375
96	64	3863.375
96	66	3863.1875
96	68	3863.140625
96	70	3863.125
96	72	3863.203125
96	74	3862.6875
96	76	3862.71875
96	78	3862.359375
96	80	3862.8125
96	82	3862.71875
96	84	3862.5
96	86	3862.109375
96	88	3862.359375
96	90	3861.9375
96	92	3861.921875
96	94	3861.671875
96	96	3861.859375
96	98	3861.484375
100	-290	3791.8125
100	-288	3793.46875
100	-286	3794.546875
100	-284	3795.625
100	-282	3797.203125
100	-280	3798.390625
100	-278	3799.859375
100	-276	3801.484375
100	-274	3803.375
100	-272	3805.015625
100	-270	3806.640625
100	-268	3807.328125
100	-266	3808.859375
100	-264	3810.09375
100	-262	3811.4375
100	-260	3812.015625
100	-258	3813.328125
100	-256	3813.890625
100	-254	3815.265625
100	-252	3816.171875
100	-250	3817.578125
100	-248	3818.609375
100	-246	3819.109375
100	-244	3820.15625
100	-242	3821.296875
100	-240	3822.1875
100	-238	3822.546875
100	-236	3823.15625
100	-234	3824.25
100	-232	3824.953125
100	-230	3825.671875
100	-228	3826.828125
100	-226	3827.703125
100	-224	3828.3125
100	-222	3828.9375
100	-220	3829.921875
100	-218	3830.78125
100	-216	3831.359375
100	-214	3832.140625
100	-212	3832.796875
100	-210	3833.359375
100	-208	3833.46875
100	-206	3834.34375
100	-204	3835.328125
100	-202	3835.09375
100	-200	3835.765625
100	-198	3837.140625
100	-196	3837.734375
100	-194	3838.109375
100	-192	3838.984375
100	-190	3838.703125
100	-188	3838.875
100	-186	3839.171875
100	-184	3840.25
100	-182	3840.984375
100	-180	3840.59375
100	-178	3841.375
100	-176	3842.421875
100	-174	3842.78125
100	-172	3842.9375
100	-170	3843.59375
100	-168	3843.5
100	-166	3843.765625
100	-164	3844.484375
100	-162	3844.953125
100	-160	3844.75
100	-158	3845.171875
100	-156	3845.65625
100	-154	3845.796875
100	-152	3846.25
100	-150	3846.921875
100	-148	3846.28125
100	-146	3846.546875
100	-144	3847
100	-142	3847.703125
100	-140	3847.34375
100	-138	3847.765625
100	-136	3847.953125
100	-134	3848.390625
100	-132	3848.578125
100	-130	3848.359375
100	-128	3848.96875
100	-126	3849.25
100	-124	3849.5
100	-122	3849.828125
100	-120	3850.078125
100	-118	3850.140625
100	-116	3850.734375
100	-114	3850.78125
100	-112	3850.453125
100	-110	3850.71875
100	-108	3851.4375
100	-106	3851.078125
100	-104	3851.171875
100	-102	3851.921875
100	-100	3851.84375
100	-98	3851.96875
100	-96	3852.09375
100	-94	3852.21875
100	-92	3852.515625
100	-90	3852.625
100	-88	3853.078125
100	-86	3852.9375
100	-84	3853.140625
100	-82	3853.078125
100	-80	3853.3125
100	-78	3853.609375
100	-76	3853.265625
100	-74	3853.578125
100	-72	3853.453125
100	-70	3854.078125
100	-68	3854.3125
100	-66	3853.984375
100	-64	3854.28125
100	-62	3854.5
100	-60	3855
100	-58	3854.734375
100	-56	3854.75
100	-54	3854.859375
100	-52	3855.265625
100	-50	3855.40625
100	-48	3855.65625
100	-46	3855.15625
100	-44	3855.265625
100	-42	3855.859375
100	-40	3855.765625
100	-38	3855.953125
100	-36	3856.1875
100	-34	3855.703125
100	-32	3855.953125
100	-30	3856.703125
100	-28	3856.234375
100	-26	3855.953125
100	-24	3856.34375
100	-22	3856.3125
100	-20	3856.609375
100	-18	3856.40625
100	-16	3856.8125
100	-14	3856.546875
100	-12	3856.609375
100	-10	3857
100	-8	3857.21875
100	-6	3857.625
100	-4	3856.984375
100	-2	3857.3125
100	0	3857.21875
100	2	3857.109375
100	4	3857.203125
100	6	3857.3125
100	8	3857.3125
100	10	3857.203125
100	12	3856.953125
100	14	3857.375
100	16	3857.953125
100	18	3857.234375
100	20	3857.734375
100	22	3857.375
100	24	3857.65625
100	26	3857.9375
100	28	3857.203125
100	30	3857.484375
100	32	3857.46875
100	34	3857.34375
100	36	3857.6875
100	38	3856.953125
100	40	3857.234375
100	42	3857.78125
100	44	3857.484375
100	46	3857.09375
100	48	3856.828125
100	50	3857.09375
100	52	3857.234375
100	54	3856.84375
100	56	3857.296875
100	58	3856.875
100	60	3857.484375
100	62	3856.828125
100	64	3856.828125
100	66	3857.09375
100	68	3857.296875
100	70	3856.609375
100	72	3857.046875
100	74	3856.96875
100	76	3857.015625
100	78	3856.765625
100	80	3856.953125
100	82	3856.90625
100	84	3856.921875
100	86	3856.46875
100	88	3856.53125
100	90	3856.765625
100	92	3856.15625
100	94	3856.375
100	96	3856.25
100	98	3855.84375
104	-290	3792.0625
104	-288	3794.171875
104	-286	3795.34375
104	-284	3797.0625
104	-282	3798.34375
104	-280	3799.46875
104	-278	3801.078125
104	-276	3801.96875
104	-274	3803.578125
104	-272	3804.84375
104	-270	3806.171875
104	-268	3807.078125
104	-266	3808.234375
104	-264	3809.21875
104	-262	3809.734375
104	-260	3810.640625
104	-258	3811.4375
104	-256	3812.359375
104	-254	3812.984375
104	-252	3814.046875
104	-250	3814.75
104	-248	3816.234375
104	-246	3817.0625
104	-244	3818
104	-242	3818.515625
104	-240	3819.71875
104	-238	3820.1875
104	-236	3820.25
104	-234	3821.03125
104	-232	3821.5625
104	-230	3822.59375
104	-228	3824
104	-226	3824.40625
104	-224	3823.609375
104	-222	3824.359375
104	-220	3824.734375
104	-218	3825.34375
104	-216	3826.25
104	-214	3826.640625
104	-212	3827.546875
104	-210	3828.65625
104	-208	3828.984375
104	-206	3829.84375
104	-204	3829.859375
104	-202	3830.59375
104	-200	3831.21875
104	-198	3831.296875
104	-196	3831.71875
104	-194	3832.421875
104	-192	3832.9375
104	-190	3832.71875
104	-188	3833.234375
104	-186	3834.359375
104	-184	3834.671875
104	-182	3834.453125
104	-180	3835.125
104	-178	3835.109375
104	-176	3835.234375
104	-174	3836.234375
104	-172	3836.25
104	-170	3836.703125
104	-168	3837.203125
104	-166	3837.71875
104	-164	3837.671875
104	-162	3837.6875
104	-160	3837.96875
104	-158	3838.328125
104	-156	3838.453125
104	-154	3838.9375
104	-152	3839
104	-150	3839.296875
104	-148	3839.78125
104	-146	3839.890625
104	-144	3840.71875
104	-142	3840.15625
104	-140	3840.3125
104	-138	3840.84375
104	-136	3841.09375
104	-134	3841.328125
104	-132	3841.71875
104	-130	3842.140625
104	-128	3842.359375
104	-126	3842.546875
104	-124	3842.515625
104	-122	3842.5625
104	-120	3842.875
104	-118	3843.609375
104	-116	3843.515625
104	-114	3844
104	-112	3843.3125
104	-110	3843.953125
104	-108	3844.359375
104	-106	3844.234375
104	-104	3845.359375
104	-102	3845
104	-100	3845.328125
104	-98	3845.265625
104	-96	3845.375
104	-94	3846.21875
104	-92	3845.796875
104	-90	3846.078125
104	-88	3846.375
104	-86	3846.484375
104	-84	3846.75
104	-82	3847.0625
104	-80	3847.34375
104	-78	3848.1875
104	-76	3847.21875
104	-74	3847.421875
104	-72	3848.265625
104	-70	3847.9375
104	-68	3847.84375
104	-66	3848.0625
104	-64	3847.640625
104	-62	3848.15625
104	-60	3848.15625
104	-58	3848.828125
104	-56	3848.96875
104	-54	3848.9375
104	-52	3849.09375
104	-50	3849.28125
104	-48	3849.375
104	-46	3849.578125
104	-44	3849.453125
104	-42	3849.921875
104	-40	3849.640625
104	-38	3849.5
104	-36	3849.703125
104	-34	3849.859375
104	-32	3849.703125
104	-30	3849.859375
104	-28	3849.8125
104	-26	3849.9375
104	-24	3849.75
104	-22	3849.515625
104	-20	3850.640625
104	-18	3850.734375
104	-16	3850.84375
104	-14	3850.5625
104	-12	3850.625
104	-10	3850.4375
104	-8	3850.34375
104	-6	3850.4375
104	-4	3850.859375
104	-2	3850.5625
104	0	3850.546875
104	2	3850.171875
104	4	3850.609375
104	6	3850.5
104	8	3850.484375
104	10	3849.90625
104	12	3850.46875
104	14	3850.75
104	16	3850.5
104	18	3850.984375
104	20	3850.703125
104	22	3850.953125
104	24	3850.71875
104	26	3851.3125
104	28	3851.328125
104	30	3850.859375
104	32	3851.234375
104	34	3850.5
104	36	3850.859375
104	38	3850.828125
104	40	3850.4375
104	42	3850.984375
104	44	3850.859375
104	46	3850.90625
104	48	3850.84375
104	50	3850.390625
104	52	3850.6875
104	54	3850.90625
104	56	3850.375
104	58	3850.9375
104	60	3850.625
104	62	3850.25
104	64	3850.546875
104	66	3850.0625
104	68	3849.703125
104	70	3850.40625
104	72	3850.78125
104	74	3849.796875
104	76	3849.75
104	78	3850.328125
104	80	3850.34375
104	82	3850.34375
104	84	3850.21875
104	86	3850.171875
104	88	3850.65625
104	90	3849.78125
104	92	3849.765625
104	94	3849.625
104	96	3849.3125
104	98	3848.59375
108	-290	3791.3125
108	-288	3792.65625
108	-286	3794.375
108	-284	3795.65625
108	-282	3796.65625
108	-280	3798.46875
108	-278	3799.421875
108	-276	3800.4375
108	-274	3800.671875
108	-272	3801.578125
108	-270	3802.640625
108	-268	3803.0625
108	-266	3805.078125
108	-264	3805.5
108	-262	3806.765625
108	-260	3807.734375
108	-258	3809.59375
108	-256	3809.4375
108	-254	3810.453125
108	-252	3811.15625
108	-250	3811.96875
108	-248	3811.96875
108	-246	3812.28125
108	-244	3812.9375
108	-242	3813.375
108	-240	3814.46875
108	-238	3814.609375
108	-236	3815.328125
108	-234	3815.75
108	-232	3816.34375
108	-230	3817.125
108	-228	3817.40625
108	-226	3818.328125
108	-224	3818.734375
108	-222	3819.34375
108	-220	3820.125
108	-218	3820.578125
108	-216	3821.21875
108	-214	3822.09375
108	-212	3822.609375
108	-210	3822.671875
108	-208	3822.859375
108	-206	3823.75
108	-204	3824.015625
108	-202	3824.46875
108	-200	3824.53125
108	-198	3825.921875
108	-196	3824.671875
108	-194	3825.9375
108	-192	3826.3125
108	-190	3826.234375
108	-188	3827.109375
108	-186	3827.75
108	-184	3827.21875
108	-182	3828.515625
108	-180	3828.640625
108	-178	3828.8125
108	-176	3829.84375
108	-174	3829.34375
108	-172	3829.9375
108	-170	3830.4375
108	-168	3830.015625
108	-166	3830.390625
108	-164	3831.0625
108	-162	3831.140625
108	-160	3831.96875
108	-158	3831.5
108	-156	3832.984375
108	-154	3832.84375
108	-152	3832.515625
108	-150	3832.984375
108	-148	3833.578125
108	-146	3833.578125
108	-144	3833.9375
108	-142	3833.9375
108	-140	3834.28125
108	-138	3834.40625
108	-136	3834.140625
108	-134	3834.546875
108	-132	3835.0625
108	-130	3835.65625
108	-128	3835.515625
108	-126	3835.625
108	-124	3835.171875
108	-122	3836.546875
108	-120	3836.296875
108	-118	3836.453125
108	-116	3836.890625
108	-114	3836.59375
108	-112	3837.0625
108	-110	3837.40625
108	-108	3837.484375
108	-106	3837.859375
108	-104	3838.265625
108	-102	3838.078125
108	-100	3838.046875
108	-98	3838.25
108	-96	3838.90625
108	-94	3838.640625
108	-92	3838.65625
108	-90	3839.28125
108	-88	3839.203125
108	-86	3839.296875
108	-84	3839.09375
108	-82	3840.046875
108	-80	3839.6875
108	-78	3840.03125
108	-76	3839.578125
108	-74	3840.0625
108	-72	3840.125
108	-70	3839.28125
108	-68	3840.015625
108	-66	3840.4375
108	-64	3840.375
108	-62	3840.8125
108	-60	3840.65625
108	-58	3840.46875
108	-56	3841.234375
108	-54	3841.15625
108	-52	3840.859375
108	-50	3841.015625
108	-48	3840.78125
108	-46	3840.6875
108	-44	3840.625
108	-42	3840.546875
108	-40	3840.84375
108	-38	3841.25
108	-36	3841.328125
108	-34	3841.09375
108	-32	3841.515625
108	-30	3841.453125
108	-28	3840.984375
108	-26	3841.890625
108	-24	3841.890625
108	-22	3841.78125
108	-20	3842.046875
108	-18	3842.6875
108	-16	3842.703125
108	-14	3842.03125
108	-12	3842.75
108	-10	3842.03125
108	-8	3842.046875
108	-6	3842.546875
108	-4	3842.1875
108	-2	3842.25
108	0	3841.875
108	2	3842.5
108	4	3842.015625
108	6	3842.703125
108	8	3842.65625
108	10	3842.671875
108	12	3841.453125
108	14	3841.828125
108	16	3841.8125
108	18	3842.015625
108	20	3841.875
108	22	3841.75
108	24	3841.640625
108	26	3842.0625
108	28	3841.609375
108	30	3842.53125
108	32	3841.9375
108	34	3842.828125
108	36	3841.9375
108	38	3841.921875
108	40	3842.328125
108	42	3842.453125
108	44	3841.40625
108	46	3841.390625
108	48	3841.59375
108	50	3841.3125
108	52	3841.5625
108	54	3841.703125
108	56	3841.5
108	58	3841.625
108	60	3841.484375
108	62	3841.625
108	64	3841.296875
108	66	3841.046875
108	68	3841.1875
108	70	3840.875
108	72	3841.953125
108	74	3841.25
108	76	3841.484375
108	78	3841.828125
108	80	3841.78125
108	82	3841.015625
108	84	3841.484375
108	86	3840.875
108	88	3841.09375
108	90	3841.34375
108	92	3840.796875
108	94	3841.1875
108	96	3840.78125
108	98	3841.609375
112	-290	3789.703125
112	-288	3790.328125
112	-286	3791.203125
112	-284	3792.5625
112	-282	3793.5625
112	-280	3794.125
112	-278	3794.40625
112	-276	3796.25
112	-274	3797.421875
112	-272	3798.03125
112	-270	3798.875
112	-268	3798.71875
112	-266	3799.21875
112	-264	3800.203125
112	-262	3800.640625
112	-260	3801.375
112	-258	3802.546875
112	-256	3802.640625
112	-254	3803.109375
112	-252	3804.15625
112	-250	3804.46875
112	-248	3805.484375
112	-246	3807.28125
112	-244	3807.984375
112	-242	3808.1875
112	-240	3808.9375
112	-238	3808.75
112	-236	3809.5625
112	-234	3809.828125
112	-232	3810.234375
112	-230	3810.8125
112	-228	3810.71875
112	-226	3811.3125
112	-224	3811.984375
112	-222	3812.09375
112	-220	3813.34375
112	-218	3815.203125
112	-216	3813.984375
112	-214	3815.03125
112	-212	3815.40625
112	-210	3815.71875
112	-208	3816.046875
112	-206	3815.796875
112	-204	3816.609375
112	-202	3816.234375
112	-200	3817.234375
112	-198	3817.28125
112	-196	3817.234375
112	-194	3818.0625
112	-192	3818.328125
112	-190	3818.3125
112	-188	3818.453125
112	-186	3818.84375
112	-184	3819.921875
112	-182	3819.890625
112	-180	3820.03125
112	-178	3820.28125
112	-176	3821.546875
112	-174	3821.265625
112	-172	3822.265625
112	-170	3821.984375
112	-168	3822.296875
112	-166	3822.5
112	-164	3823.171875
112	-162	3823.25
112	-160	3823.359375
112	-158	3824.21875
112	-156	3824.234375
112	-154	3824.515625
112	-152	3825.375
112	-150	3824.75
112	-148	3825.5625
112	-146	3825.625
112	-144	3825.75
112	-142	3825.90625
112	-140	3825.65625
112	-138	3826.625
112	-136	3826.40625
112	-134	3827.3125
112	-132	3827.46875
112	-130	3827.234375
112	-128	3827.65625
112	-126	3828.125
112	-124	3828.265625
112	-122	3828.328125
112	-120	3828.21875
112	-118	3829
112	-116	3828.9375
112	-114	3829.328125
112	-112	3829.6875
112	-110	3829.71875
112	-108	3829.65625
112	-106	3829.875
112	-104	3829.46875
112	-102	3830.78125
112	-100	3830.546875
112	-98	3829.53125
112	-96	3830.78125
112	-94	3830.765625
112	-92	3830.796875
112	-90	3830.578125
112	-88	3830.71875
112	-86	3830.5625
112	-84	3830.78125
112	-82	3830.96875
112	-80	3831.1875
112	-78	3831.6875
112	-76	3831.921875
112	-74	3831.8125
112	-72	3831.578125
112	-70	3832.15625
112	-68	3832.71875
112	-66	3831.625
112	-64	3831.859375
112	-62	3832.578125
112	-60	3832.234375
112	-58	3832.828125
112	-56	3832.390625
112	-54	3833.03125
112	-52	3832.234375
112	-50	3832.40625
112	-48	3832.953125
112	-46	3832.109375
112	-44	3832.5625
112	-42	3833.09375
112	-40	3833.390625
112	-38	3833.015625
112	-36	3832.796875
112	-34	3833.171875
112	-32	3833.59375
112	-30	3833.390625
112	-28	3833.78125
112	-26	3833.515625
112	-24	3834.359375
112	-22	3834.84375
112	-20	3834.6875
112	-18	3835
112	-16	3835.28125
112	-14	3834.28125
112	-12	3835.09375
112	-10	3834.390625
112	-8	3834.625
112	-6	3835.1875
112	-4	3834.609375
112	-2	3834.609375
112	0	3835.34375
112	2	3834.890625
112	4	3834.203125
112	6	3834.765625
112	8	3836.21875
112	10	3835.078125
112	12	3835.1875
112	14	3834.828125
112	16	3835.046875
112	18	3834.671875
112	20	3835.484375
112	22	3835.375
112	24	3834.765625
112	26	3834.875
112	28	3835.328125
112	30	3835.515625
112	32	3835.609375
112	34	3834.8125
112	36	3834.90625
112	38	3834.984375
112	40	3834.9375
112	42	3834.859375
112	44	3834.59375
112	46	3834.3125
112	48	3835.109375
112	50	3835.078125
112	52	3835.21875
112	54	3834.421875
112	56	3833.921875
112	58	3835.15625
112	60	3834.453125
112	62	3834.953125
112	64	3834.953125
112	66	3834.109375
112	68	3834.484375
112	70	3835.265625
112	72	3834.765625
112	74	3834.859375
112	76	3834.25
112	78	3834.484375
112	80	3835
112	82	3833.828125
112	84	3833.90625
112	86	3833.84375
112	88	3833.703125
112	90	3834.40625
112	92	3833.765625
112	94	3834.15625
112	96	3833.890625
112	98	3833.921875
116	-290	3779.4375
116	-288	3782.859375
116	-286	3781.890625
116	-284	3783.375
116	-282	3783.4375
116	-280	3784.6875
116	-278	3785.5
116	-276	3786.5
116	-274	3786.96875
116	-272	3787.328125
116	-270	3788.21875
116	-268	3789
116	-266	3790.171875
116	-264	3790.15625
116	-262	3791.1875
116	-260	3792.078125
116	-258	3793.796875
116	-256	3793.765625
116	-254	3794.390625
116	-252	3795.203125
116	-250	3795.71875
116	-248	3796.171875
116	-246	3796.03125
116	-244	3796.609375
116	-242	3797.46875
116	-240	3798.421875
116	-238	3798.203125
116	-236	3798.546875
116	-234	3798.90625
116	-232	3799.78125
116	-230	3800.078125
116	-228	3800.1875
116	-226	3802
116	-224	3801.734375
116	-222	3801.765625
116	-220	3802.96875
116	-218	3802.546875
116	-216	3802.6875
116	-214	3802.75
116	-212	3803.296875
116	-210	3804.53125
116	-208	3804.953125
116	-206	3805.46875
116	-204	3805.421875
116	-202	3805.453125
116	-200	3806.046875
116	-198	3806.921875
116	-196	3805.875
116	-194	3806.71875
116	-192	3806.734375
116	-190	3807.21875
116	-188	3808
116	-186	3808.453125
116	-184	3808.796875
116	-182	3809.171875
116	-180	3809.6875
116	-178	3809.546875
116	-176	3809.59375
116	-174	3810.53125
116	-172	3810.5625
116	-170	3810.453125
116	-168	3810.921875
116	-166	3811.328125
116	-164	3811.78125
116	-162	3811.484375
116	-160	3811.84375
116	-158	3812.078125
116	-156	3812.03125
116	-154	3812.859375
116	-152	3812.703125
116	-150	3812.015625
116	-148	3813.265625
116	-146	3812.703125
116	-144	3812.5
116	-142	3813.9375
116	-140	3813.984375
116	-138	3813.4375
116	-136	3814.765625
116	-134	3814.890625
116	-132	3814.796875
116	-130	3814.96875
116	-128	3815.515625
116	-126	3815.1875
116	-124	3816.296875
116	-122	3815.1875
116	-120	3815.6875
116	-118	3816.125
116	-116	3816.25
116	-114	3817.203125
116	-112	3816.46875
116	-110	3817.46875
116	-108	3817.6875
116	-106	3817.953125
116	-104	3817.9375
116	-102	3818.859375
116	-100	3818.140625
116	-98	3818.09375
116	-96	3818.71875
116	-94	3819.546875
116	-92	3818.984375
116	-90	3819.578125
116	-88	3819.8125
116	-86	3819.671875
116	-84	3820.21875
116	-82	3820.703125
116	-80	3819.75
116	-78	3819.703125
116	-76	3819.953125
116	-74	3820.296875
116	-72	3819.65625
116	-70	3819.734375
116	-68	3820.328125
116	-66	3820.828125
116	-64	3821.21875
116	-62	3819.96875
116	-60	3821.109375
116	-58	3819.578125
116	-56	3820.78125
116	-54	3820.65625
116	-52	3820
116	-50	3821.046875
116	-48	3820.796875
116	-46	3820.203125
116	-44	3820.125
116	-42	3820.640625
116	-40	3821.578125
116	-38	3821.3125
116	-36	3820.03125
116	-34	3820.59375
116	-32	3821.390625
116	-30	3820.328125
116	-28	3820.671875
116	-26	3820.984375
116	-24	3820.96875
116	-22	3821.296875
116	-20	3821.78125
116	-18	3822.15625
116	-16	3821.90625
116	-14	3822.78125
116	-12	3822.390625
116	-10	3822.265625
116	-8	3822.3125
116	-6	3821.96875
116	-4	3822.0625
116	-2	3821.671875
116	0	3822.890625
116	2	3822.234375
116	4	3821.109375
116	6	3823.140625
116	8	3822.390625
116	10	3821.96875
116	12	3823
116	14	3823.75
116	16	3822.328125
116	18	3822.4375
116	20	3822.40625
116	22	3822.796875
116	24	3822.53125
116	26	3822.484375
116	28	3822.96875
116	30	3822.5
116	32	3822.203125
116	34	3822.984375
116	36	3822.953125
116	38	3823.140625
116	40	3822.859375
116	42	3822.375
116	44	3823.625
116	46	3823.78125
116	48	3822.875
116	50	3822.984375
116	52	3822.796875
116	54	3822.796875
116	56	3823.125
116	58	3823.25
116	60	3822.140625
116	62	3822.875
116	64	3822.75
116	66	3822.453125
116	68	3821.6875
116	70	3822.484375
116	72	3821.921875
116	74	3822.21875
116	76	3822.390625
116	78	3821.640625
116	80	3822.875
116	82	3822.78125
116	84	3821.640625
116	86	3822.90625
116	88	3822.671875
116	90	3821.8125
116	92	3822.09375
116	94	3822.078125
116	96	3821.53125
116	98	3820.984375
120	-290	3764.59375
120	-288	3765.765625
120	-286	3768.09375
120	-284	3767.015625
120	-282	3768.28125
120	-280	3768.265625
120	-278	3768.78125
120	-276	3769.09375
120	-274	3770.4375
120	-272	3770.28125
120	-270	3771.328125
120	-268	3771.546875
120	-266	3771.578125
120	-264	3773.59375
120	-262	3772.953125
120	-260	3775.078125
120	-258	3775.109375
120	-256	3776.625
120	-254	3776.46875
120	-252	3775.96875
120	-250	3777
120	-248	3777.921875
120	-246	3778.5
120	-244	3778.78125
120	-242	3778.078125
120	-240	3779.09375
120	-238	3780.15625
120	-236	3779.5625
120	-234	3780.25
120	-232	3780.953125
120	-230	3781
120	-228	3781.046875
120	-226	3782.75
120	-224	3782.734375
120	-222	3783.3125
120	-220	3783.8125
120	-218	3783.34375
120	-216	3784.359375
120	-214	3784.28125
120	-212	3784.015625
120	-210	3785.078125
120	-208	3784.4375
120	-206	3785.84375
120	-204	3786.390625
120	-202	3786.625
120	-200	3787.28125
120	-198	3788.015625
120	-196	3788.53125
120	-194	3788.328125
120	-192	3788.40625
120	-190	3788.3125
120	-188	3788
120	-186	3788.90625
120	-184	3790.21875
120	-182	3789.03125
120	-180	3789.125
120	-178	3789.5625
120	-176	3790.078125
120	-174	3789.640625
120	-172	3789.71875
120	-170	3789.546875
120	-168	3791.078125
120	-166	3790.328125
120	-164	3790.171875
120	-162	3790.5
120	-160	3790.8125
120	-158	3791.609375
120	-156	3791.03125
120	-154	3791.84375
120	-152	3791.609375
120	-150	3792.59375
120	-148	3792.8125
120	-146	3792.078125
120	-144	3792.078125
120	-142	3791.890625
120	-140	3792.84375
120	-138	3793.109375
120	-136	3792.96875
120	-134	3794.421875
120	-132	3793.203125
120	-130	3792.578125
120	-128	3793.40625
120	-126	3793.578125
120	-124	3794.15625
120	-122	3793.34375
120	-120	3793.796875
120	-118	3794.171875
120	-116	3793.734375
120	-114	3794.953125
120	-112	3794.046875
120	-110	3794.46875
120	-108	3795.6875
120	-106	3794.640625
120	-104	3795.171875
120	-102	3795.640625
120	-100	3794.5
120	-98	3794.9375
120	-96	3796.109375
120	-94	3795.5625
120	-92	3795.46875
120	-90	3795.765625
120	-88	3795.8125
120	-86	3796.1875
120	-84	3795.84375
120	-82	3795.828125
120	-80	3795.953125
120	-78	3796.75
120	-76	3795.140625
120	-74	3796.328125
120	-72	3796.421875
120	-70	3795.71875
120	-68	3797.09375
120	-66	3796.875
120	-64	3795.84375
120	-62	3798
120	-60	3797.265625
120	-58	3797.15625
120	-56	3797.609375
120	-54	3798.28125
120	-52	3798.328125
120	-50	3798.0625
120	-48	3797.53125
120	-46	3798.25
120	-44	3797.5
120	-42	3798.8125
120	-40	3797.703125
120	-38	3799.0625
120	-36	3798.453125
120	-34	3798.03125
120	-32	3798.171875
120	-30	3798.140625
120	-28	3797.96875
120	-26	3798.984375
120	-24	3798.265625
120	-22	3798.484375
120	-20	3798.09375
120	-18	3798
120	-16	3798.8125
120	-14	3798.71875
120	-12	3798.84375
120	-10	3798.8125
120	-8	3799.046875
120	-6	3798.953125
120	-4	3799.34375
120	-2	3799.015625
120	0	3798.78125
120	2	3798.984375
120	4	3798.609375
120	6	3798.734375
120	8	3799.765625
120	10	3798.265625
120	12	3798.703125
120	14	3799.34375
120	16	3799.4375
120	18	3798.140625
120	20	3798.40625
120	22	3799.484375
120	24	3799.203125
120	26	3799.171875
120	28	3799.609375
120	30	3797.828125
120	32	3798.28125
120	34	3798.4375
120	36	3798.875
120	38	3798.25
120	40	3799
120	42	3799.140625
120	44	3798.71875
120	46	3798.265625
120	48	3798.453125
120	50	3798.265625
120	52	3798.703125
120	54	3798.796875
120	56	3799.421875
120	58	3798.390625
120	60	3798.109375
120	62	3798.40625
120	64	3799.09375
120	66	3798.984375
120	68	3798.109375
120	70	3798.25
120	72	3798.34375
120	74	3798.28125
120	76	3798.34375
120	78	3797.875
120	80	3797.890625
120	82	3797.390625
120	84	3797.796875
120	86	3797.734375
120	88	3798.390625
120	90	3798.125
120	92	3797.5625
120	94	3796.96875
120	96	3796.484375
120	98	3796.71875
