64	-290	3850.1591796875
64	-288	3852.2216796875
64	-286	3854.01171875
64	-284	3856.048828125
64	-282	3858.0078125
64	-280	3859.9189453125
64	-278	3861.58984375
64	-276	3863.177734375
64	-274	3864.921875
64	-272	3866.701171875
64	-270	3868.21875
64	-268	3869.91015625
64	-266	3871.8115234375
64	-264	3873.6806640625
64	-262	3875.4931640625
64	-260	3877.28125
64	-258	3879
64	-256	3880.6728515625
64	-254	3882.4423828125
64	-252	3883.96484375
64	-250	3885.6328125
64	-248	3887.25
64	-246	3888.7294921875
64	-244	3890.4130859375
64	-242	3892.1513671875
64	-240	3893.68359375
64	-238	3895.166015625
64	-236	3896.6689453125
64	-234	3898.1787109375
64	-232	3899.7099609375
64	-230	3901.1318359375
64	-228	3902.5458984375
64	-226	3904.06640625
64	-224	3905.5673828125
64	-222	3906.970703125
64	-220	3908.4013671875
64	-218	3909.78125
64	-216	3911.044921875
64	-214	3912.2470703125
64	-212	3913.458984375
64	-210	3914.69921875
64	-208	3916.0771484375
64	-206	3917.16015625
64	-204	3918.21484375
64	-202	3919.369140625
64	-200	3920.5703125
64	-198	3921.7763671875
64	-196	3922.8525390625
64	-194	3923.7734375
64	-192	3924.65234375
64	-190	3925.6630859375
64	-188	3926.6103515625
64	-186	3927.615234375
64	-184	3928.3603515625
64	-182	3929.220703125
64	-180	3930.08203125
64	-178	3930.8896484375
64	-176	3931.58203125
64	-174	3932.3125
64	-172	3933.18359375
64	-170	3933.806640625
64	-168	3934.4140625
64	-166	3935.0234375
64	-164	3935.7060546875
64	-162	3936.298828125
64	-160	3936.91015625
64	-158	3937.5087890625
64	-156	3938.0576171875
64	-154	3938.6318359375
64	-152	3939.1513671875
64	-150	3939.4814453125
64	-148	3940.0166015625
64	-146	3940.5751953125
64	-144	3941.0927734375
64	-142	3941.49609375
64	-140	3941.9072265625
64	-138	3942.3076171875
64	-136	3942.7607421875
64	-134	3943.2138671875
64	-132	3943.5439453125
64	-130	3943.8935546875
64	-128	3944.232421875
64	-126	3944.5458984375
64	-124	3944.99609375
64	-122	3945.3701171875
64	-120	3945.734375
64	-118	3946.0205078125
64	-116	3946.310546875
64	-114	3946.529296875
64	-112	3946.875
64	-110	3947.18359375
64	-108	3947.439453125
64	-106	3947.7080078125
64	-104	3947.9375
64	-102	3948.12109375
64	-100	3948.4638671875
64	-98	3948.7431640625
64	-96	3948.94921875
64	-94	3949.1806640625
64	-92	3949.494140625
64	-90	3949.6328125
64	-88	3949.8095703125
64	-86	3950.0224609375
64	-84	3950.2177734375
64	-82	3950.48046875
64	-80	3950.59375
64	-78	3950.7919921875
64	-76	3950.9072265625
64	-74	3951.130859375
64	-72	3951.33203125
64	-70	3951.578125
64	-68	3951.6337890625
64	-66	3951.8125
64	-64	3951.958984375
64	-62	3952.091796875
64	-60	3952.130859375
64	-58	3952.2958984375
64	-56	3952.5048828125
64	-54	3952.623046875
64	-52	3952.6923828125
64	-50	3952.8076171875
64	-48	3953.013671875
64	-46	3953.1171875
64	-44	3953.220703125
64	-42	3953.3203125
64	-40	3953.3623046875
64	-38	3953.4736328125
64	-36	3953.580078125
64	-34	3953.62890625
64	-32	3953.6376953125
64	-30	3953.7060546875
64	-28	3953.783203125
64	-26	3953.8701171875
64	-24	3953.9775390625
64	-22	3954.001953125
64	-20	3954.1240234375
64	-18	3954.125
64	-16	3954.2099609375
64	-14	3954.24609375
64	-12	3954.2841796875
64	-10	3954.263671875
64	-8	3954.32421875
64	-6	3954.341796875
64	-4	3954.3408203125
64	-2	3954.3359375
64	0	3954.3935546875
64	2	3954.447265625
64	4	3954.4130859375
64	6	3954.5009765625
64	8	3954.4580078125
64	10	3954.5263671875
64	12	3954.5517578125
64	14	3954.474609375
64	16	3954.423828125
64	18	3954.4794921875
64	20	3954.46484375
64	22	3954.4306640625
64	24	3954.4404296875
64	26	3954.490234375
64	28	3954.5009765625
64	30	3954.3974609375
64	32	3954.41015625
64	34	3954.341796875
64	36	3954.3603515625
64	38	3954.353515625
64	40	3954.2998046875
64	42	3954.2509765625
64	44	3954.15625
64	46	3954.1640625
64	48	3954.15625
64	50	3954.0908203125
64	52	3954.099609375
64	54	3954.0146484375
64	56	3953.970703125
64	58	3953.9658203125
64	60	3953.8984375
64	62	3953.8671875
64	64	3953.7490234375
64	66	3953.7001953125
64	68	3953.6708984375
64	70	3953.5810546875
64	72	3953.419921875
64	74	3953.431640625
64	76	3953.3662109375
64	78	3953.2763671875
64	80	3953.2890625
64	82	3953.1728515625
64	84	3953.078125
64	86	3953.0087890625
64	88	3952.8720703125
64	90	3952.765625
64	92	3952.6923828125
64	94	3952.6201171875
64	96	3952.3974609375
64	98	3952.2822265625
68	-290	3850.591796875
68	-288	3852.5576171875
68	-286	3854.4189453125
68	-284	3856.38671875
68	-282	3858.3056640625
68	-280	3860.3779296875
68	-278	3861.955078125
68	-276	3863.404296875
68	-274	3865.3193359375
68	-272	3866.970703125
68	-270	3868.646484375
68	-268	3870.4970703125
68	-266	3872.080078125
68	-264	3873.810546875
68	-262	3875.66015625
68	-260	3877.4208984375
68	-258	3879.0517578125
68	-256	3880.87890625
68	-254	3882.4912109375
68	-252	3884.044921875
68	-250	3885.873046875
68	-248	3887.396484375
68	-246	3888.9697265625
68	-244	3890.564453125
68	-242	3892.2783203125
68	-240	3893.759765625
68	-238	3895.3310546875
68	-236	3896.8720703125
68	-234	3898.265625
68	-232	3899.75
68	-230	3901.08203125
68	-228	3902.6474609375
68	-226	3904.0087890625
68	-224	3905.3134765625
68	-222	3906.755859375
68	-220	3908.1767578125
68	-218	3909.5439453125
68	-216	3910.826171875
68	-214	3912.068359375
68	-212	3913.4384765625
68	-210	3914.6630859375
68	-208	3915.8056640625
68	-206	3917.0517578125
68	-204	3918.2197265625
68	-202	3919.2373046875
68	-200	3920.375
68	-198	3921.2548828125
68	-196	3922.3642578125
68	-194	3923.294921875
68	-192	3924.2724609375
68	-190	3925.2041015625
68	-188	3926.109375
68	-186	3926.982421875
68	-184	3927.87109375
68	-182	3928.6572265625
68	-180	3929.537109375
68	-178	3930.2255859375
68	-176	3931.0068359375
68	-174	3931.75390625
68	-172	3932.375
68	-170	3933.0791015625
68	-168	3933.6787109375
68	-166	3934.392578125
68	-164	3935.0400390625
68	-162	3935.619140625
68	-160	3936.10546875
68	-158	3936.662109375
68	-156	3937.1279296875
68	-154	3937.73828125
68	-152	3938.1650390625
68	-150	3938.76953125
68	-148	3939.1884765625
68	-146	3939.796875
68	-144	3940.2275390625
68	-142	3940.6728515625
68	-140	3941.1025390625
68	-138	3941.564453125
68	-136	3941.9814453125
68	-134	3942.390625
68	-132	3942.79296875
68	-130	3943.076171875
68	-128	3943.4697265625
68	-126	3943.8701171875
68	-124	3944.21484375
68	-122	3944.52734375
68	-120	3944.744140625
68	-118	3945.1005859375
68	-116	3945.3271484375
68	-114	3945.6640625
68	-112	3945.94921875
68	-110	3946.19140625
68	-108	3946.486328125
68	-106	3946.697265625
68	-104	3946.9599609375
68	-102	3947.1884765625
68	-100	3947.447265625
68	-98	3947.7109375
68	-96	3947.9501953125
68	-94	3948.1552734375
68	-92	3948.341796875
68	-90	3948.54296875
68	-88	3948.830078125
68	-86	3949.0361328125
68	-84	3949.2314453125
68	-82	3949.3662109375
68	-80	3949.5859375
68	-78	3949.7568359375
68	-76	3949.9443359375
68	-74	3950.1162109375
68	-72	3950.271484375
68	-70	3950.3623046875
68	-68	3950.4619140625
68	-66	3950.677734375
68	-64	3950.830078125
68	-62	3950.955078125
68	-60	3951.041015625
68	-58	3951.2529296875
68	-56	3951.349609375
68	-54	3951.419921875
68	-52	3951.580078125
68	-50	3951.66796875
68	-48	3951.744140625
68	-46	3951.884765625
68	-44	3952.0380859375
68	-42	3952.0947265625
68	-40	3952.1591796875
68	-38	3952.267578125
68	-36	3952.37109375
68	-34	3952.4658203125
68	-32	3952.447265625
68	-30	3952.5810546875
68	-28	3952.705078125
68	-26	3952.7666015625
68	-24	3952.8662109375
68	-22	3952.892578125
68	-20	3952.939453125
68	-18	3952.9873046875
68	-16	3953.001953125
68	-14	3953.0693359375
68	-12	3953.1376953125
68	-10	3953.1533203125
68	-8	3953.2333984375
68	-6	3953.236328125
68	-4	3953.2177734375
68	-2	3953.263671875
68	0	3953.2861328125
68	2	3953.3154296875
68	4	3953.353515625
68	6	3953.333984375
68	8	3953.390625
68	10	3953.3447265625
68	12	3953.4013671875
68	14	3953.423828125
68	16	3953.34375
68	18	3953.333984375
68	20	3953.3935546875
68	22	3953.3359375
68	24	3953.328125
68	26	3953.3046875
68	28	3953.3037109375
68	30	3953.2568359375
68	32	3953.26171875
68	34	3953.205078125
68	36	3953.1435546875
68	38	3953.15625
68	40	3953.1630859375
68	42	3953.1591796875
68	44	3953.0576171875
68	46	3953.0634765625
68	48	3953.0205078125
68	50	3952.9755859375
68	52	3952.890625
68	54	3952.865234375
68	56	3952.8701171875
68	58	3952.783203125
68	60	3952.751953125
68	62	3952.740234375
68	64	3952.646484375
68	66	3952.541015625
68	68	3952.546875
68	70	3952.4833984375
68	72	3952.431640625
68	74	3952.349609375
68	76	3952.3662109375
68	78	3952.2626953125
68	80	3952.2099609375
68	82	3952.1357421875
68	84	3952.0927734375
68	86	3951.94140625
68	88	3951.919921875
68	90	3951.8115234375
68	92	3951.716796875
68	94	3951.5390625
68	96	3951.34375
68	98	3951.1435546875
72	-290	3851.48046875
72	-288	3853.2607421875
72	-286	3855.0478515625
72	-284	3856.984375
72	-282	3858.923828125
72	-280	3860.7041015625
72	-278	3862.3583984375
72	-276	3864.07421875
72	-274	3865.7802734375
72	-272	3867.544921875
72	-270	3869.3388671875
72	-268	3870.890625
72	-266	3872.724609375
72	-264	3874.505859375
72	-262	3876.154296875
72	-260	3877.767578125
72	-258	3879.5439453125
72	-256	3881.1123046875
72	-254	3882.8583984375
72	-252	3884.318359375
72	-250	3886.1474609375
72	-248	3887.6376953125
72	-246	3889.287109375
72	-244	3890.8251953125
72	-242	3892.4609375
72	-240	3893.8544921875
72	-238	3895.40234375
72	-236	3896.81640625
72	-234	3898.357421875
72	-232	3899.765625
72	-230	3901.19921875
72	-228	3902.6484375
72	-226	3903.9609375
72	-224	3905.4091796875
72	-222	3906.7255859375
72	-220	3908.2021484375
72	-218	3909.5166015625
72	-216	3910.810546875
72	-214	3912.0859375
72	-212	3913.318359375
72	-210	3914.509765625
72	-208	3915.58203125
72	-206	3916.5869140625
72	-204	3917.7822265625
72	-202	3918.830078125
72	-200	3919.8916015625
72	-198	3920.8125
72	-196	3921.810546875
72	-194	3922.703125
72	-192	3923.6767578125
72	-190	3924.5078125
72	-188	3925.4892578125
72	-186	3926.22265625
72	-184	3926.9853515625
72	-182	3927.828125
72	-180	3928.6708984375
72	-178	3929.53515625
72	-176	3930.2734375
72	-174	3930.9033203125
72	-172	3931.66015625
72	-170	3932.361328125
72	-168	3932.9169921875
72	-166	3933.576171875
72	-164	3934.2158203125
72	-162	3934.6806640625
72	-160	3935.21484375
72	-158	3935.697265625
72	-156	3936.19921875
72	-154	3936.650390625
72	-152	3937.1416015625
72	-150	3937.626953125
72	-148	3938.0625
72	-146	3938.552734375
72	-144	3939.0166015625
72	-142	3939.390625
72	-140	3939.8544921875
72	-138	3940.298828125
72	-136	3940.6640625
72	-134	3940.96484375
72	-132	3941.353515625
72	-130	3941.7900390625
72	-128	3942.046875
72	-126	3942.3955078125
72	-124	3942.7099609375
72	-122	3942.99609375
72	-120	3943.3134765625
72	-118	3943.6611328125
72	-116	3944.0244140625
72	-114	3944.322265625
72	-112	3944.4716796875
72	-110	3944.7529296875
72	-108	3945.11328125
72	-106	3945.37109375
72	-104	3945.578125
72	-102	3945.8818359375
72	-100	3946.060546875
72	-98	3946.3154296875
72	-96	3946.5068359375
72	-94	3946.7783203125
72	-92	3946.953125
72	-90	3947.1728515625
72	-88	3947.4638671875
72	-86	3947.564453125
72	-84	3947.7587890625
72	-82	3947.94921875
72	-80	3948.1337890625
72	-78	3948.3232421875
72	-76	3948.4677734375
72	-74	3948.65625
72	-72	3948.8017578125
72	-70	3948.9599609375
72	-68	3949.1328125
72	-66	3949.240234375
72	-64	3949.373046875
72	-62	3949.5546875
72	-60	3949.623046875
72	-58	3949.6923828125
72	-56	3949.791015625
72	-54	3950.0029296875
72	-52	3950.10546875
72	-50	3950.234375
72	-48	3950.3544921875
72	-46	3950.3896484375
72	-44	3950.52734375
72	-42	3950.62890625
72	-40	3950.6611328125
72	-38	3950.7353515625
72	-36	3950.7890625
72	-34	3950.9052734375
72	-32	3950.9462890625
72	-30	3951.060546875
72	-28	3951.1298828125
72	-26	3951.12109375
72	-24	3951.1923828125
72	-22	3951.2314453125
72	-20	3951.265625
72	-18	3951.349609375
72	-16	3951.421875
72	-14	3951.4375
72	-12	3951.474609375
72	-10	3951.5673828125
72	-8	3951.5341796875
72	-6	3951.615234375
72	-4	3951.6494140625
72	-2	3951.6875
72	0	3951.7041015625
72	2	3951.6806640625
72	4	3951.7255859375
72	6	3951.732421875
72	8	3951.783203125
72	10	3951.7666015625
72	12	3951.70703125
72	14	3951.7275390625
72	16	3951.8212890625
72	18	3951.8173828125
72	20	3951.8232421875
72	22	3951.8154296875
72	24	3951.8173828125
72	26	3951.78515625
72	28	3951.775390625
72	30	3951.8330078125
72	32	3951.80078125
72	34	3951.71484375
72	36	3951.7119140625
72	38	3951.6669921875
72	40	3951.5693359375
72	42	3951.583984375
72	44	3951.533203125
72	46	3951.5732421875
72	48	3951.5498046875
72	50	3951.533203125
72	52	3951.4248046875
72	54	3951.4150390625
72	56	3951.3623046875
72	58	3951.3037109375
72	60	3951.2939453125
72	62	3951.201171875
72	64	3951.1982421875
72	66	3951.1611328125
72	68	3951.1044921875
72	70	3951.076171875
72	72	3950.9638671875
72	74	3950.9404296875
72	76	3950.8583984375
72	78	3950.7470703125
72	80	3950.720703125
72	82	3950.673828125
72	84	3950.5673828125
72	86	3950.4814453125
72	88	3950.462890625
72	90	3950.3232421875
72	92	3950.154296875
72	94	3950.0576171875
72	96	3949.8857421875
72	98	3949.7177734375
76	-290	3852.0576171875
76	-288	3854.021484375
76	-286	3855.978515625
76	-284	3857.8994140625
76	-282	3859.658203125
76	-280	3861.4521484375
76	-278	3863.07421875
76	-276	3864.7958984375
76	-274	3866.6103515625
76	-272	3868.4638671875
76	-270	3870.1533203125
76	-268	3871.818359375
76	-266	3873.6005859375
76	-264	3875.212890625
76	-262	3876.87109375
76	-260	3878.50390625
76	-258	3880.37109375
76	-256	3881.794921875
76	-254	3883.3359375
76	-252	3885.0390625
76	-250	3886.56640625
76	-248	3888.2900390625
76	-246	3889.87890625
76	-244	3891.2578125
76	-242	3892.9453125
76	-240	3894.2783203125
76	-238	3895.7265625
76	-236	3897.220703125
76	-234	3898.609375
76	-232	3899.8134765625
76	-230	3901.21484375
76	-228	3902.5732421875
76	-226	3903.9365234375
76	-224	3905.255859375
76	-222	3906.50390625
76	-220	3907.9296875
76	-218	3909.185546875
76	-216	3910.5400390625
76	-214	3911.857421875
76	-212	3912.9453125
76	-210	3914.107421875
76	-208	3915.3134765625
76	-206	3916.44140625
76	-204	3917.33984375
76	-202	3918.3349609375
76	-200	3919.34375
76	-198	3920.2763671875
76	-196	3921.1171875
76	-194	3921.96484375
76	-192	3922.77734375
76	-190	3923.7578125
76	-188	3924.6015625
76	-186	3925.400390625
76	-184	3926.111328125
76	-182	3926.8818359375
76	-180	3927.501953125
76	-178	3928.2294921875
76	-176	3928.9140625
76	-174	3929.5830078125
76	-172	3930.3125
76	-170	3930.8505859375
76	-168	3931.453125
76	-166	3932.0341796875
76	-164	3932.576171875
76	-162	3933.04296875
76	-160	3933.6103515625
76	-158	3934.0859375
76	-156	3934.650390625
76	-154	3935.0947265625
76	-152	3935.5625
76	-150	3936.0400390625
76	-148	3936.533203125
76	-146	3936.9658203125
76	-144	3937.3974609375
76	-142	3937.8076171875
76	-140	3938.1474609375
76	-138	3938.560546875
76	-136	3938.8828125
76	-134	3939.2841796875
76	-132	3939.63671875
76	-130	3940
76	-128	3940.3056640625
76	-126	3940.564453125
76	-124	3940.8984375
76	-122	3941.26171875
76	-120	3941.4677734375
76	-118	3941.833984375
76	-116	3942.107421875
76	-114	3942.39453125
76	-112	3942.7001953125
76	-110	3942.9072265625
76	-108	3943.109375
76	-106	3943.4931640625
76	-104	3943.677734375
76	-102	3943.943359375
76	-100	3944.1220703125
76	-98	3944.376953125
76	-96	3944.580078125
76	-94	3944.728515625
76	-92	3944.9609375
76	-90	3945.19140625
76	-88	3945.34765625
76	-86	3945.55078125
76	-84	3945.701171875
76	-82	3945.9306640625
76	-80	3946.0390625
76	-78	3946.2939453125
76	-76	3946.47265625
76	-74	3946.5810546875
76	-72	3946.689453125
76	-70	3946.8564453125
76	-68	3947.1064453125
76	-66	3947.232421875
76	-64	3947.3017578125
76	-62	3947.50390625
76	-60	3947.5419921875
76	-58	3947.66796875
76	-56	3947.7744140625
76	-54	3947.916015625
76	-52	3948.11328125
76	-50	3948.181640625
76	-48	3948.375
76	-46	3948.3935546875
76	-44	3948.4931640625
76	-42	3948.5458984375
76	-40	3948.583984375
76	-38	3948.6533203125
76	-36	3948.7568359375
76	-34	3948.8408203125
76	-32	3948.87109375
76	-30	3949.0146484375
76	-28	3949.0966796875
76	-26	3949.1357421875
76	-24	3949.0888671875
76	-22	3949.16796875
76	-20	3949.19921875
76	-18	3949.2373046875
76	-16	3949.29296875
76	-14	3949.400390625
76	-12	3949.4716796875
76	-10	3949.4609375
76	-8	3949.568359375
76	-6	3949.623046875
76	-4	3949.5625
76	-2	3949.5859375
76	0	3949.5732421875
76	2	3949.623046875
76	4	3949.71484375
76	6	3949.677734375
76	8	3949.677734375
76	10	3949.6884765625
76	12	3949.6796875
76	14	3949.654296875
76	16	3949.677734375
76	18	3949.634765625
76	20	3949.59765625
76	22	3949.6474609375
76	24	3949.6318359375
76	26	3949.6357421875
76	28	3949.6748046875
76	30	3949.732421875
76	32	3949.72265625
76	34	3949.6416015625
76	36	3949.587890625
76	38	3949.5302734375
76	40	3949.6298828125
76	42	3949.517578125
76	44	3949.529296875
76	46	3949.546875
76	48	3949.4736328125
76	50	3949.4716796875
76	52	3949.4716796875
76	54	3949.2978515625
76	56	3949.36328125
76	58	3949.265625
76	60	3949.3291015625
76	62	3949.228515625
76	64	3949.181640625
76	66	3949.0458984375
76	68	3949.0927734375
76	70	3948.935546875
76	72	3948.8837890625
76	74	3948.8056640625
76	76	3948.7021484375
76	78	3948.6982421875
76	80	3948.634765625
76	82	3948.623046875
76	84	3948.482421875
76	86	3948.3720703125
76	88	3948.2783203125
76	90	3948.224609375
76	92	3948.080078125
76	94	3948.021484375
76	96	3947.921875
76	98	3947.7099609375
80	-290	3853.4111328125
80	-288	3855.380859375
80	-286	3857.462890625
80	-284	3859.1044921875
80	-282	3860.7724609375
80	-280	3862.583984375
80	-278	3864.2109375
80	-276	3866.1220703125
80	-274	3867.91015625
80	-272	3869.48828125
80	-270	3871.1123046875
80	-268	3872.7197265625
80	-266	3874.4404296875
80	-264	3876.2158203125
80	-262	3877.9814453125
80	-260	3879.6005859375
80	-258	3881.2578125
80	-256	3882.9140625
80	-254	3884.388671875
80	-252	3885.798828125
80	-250	3887.4736328125
80	-248	3888.9619140625
80	-246	3890.341796875
80	-244	3891.7138671875
80	-242	3893.2822265625
80	-240	3894.5712890625
80	-238	3895.990234375
80	-236	3897.3544921875
80	-234	3898.7900390625
80	-232	3900.2431640625
80	-230	3901.6572265625
80	-228	3902.892578125
80	-226	3904.107421875
80	-224	3905.6640625
80	-222	3906.7568359375
80	-220	3907.9775390625
80	-218	3909.1943359375
80	-216	3910.232421875
80	-214	3911.390625
80	-212	3912.470703125
80	-210	3913.4814453125
80	-208	3914.537109375
80	-206	3915.4296875
80	-204	3916.64453125
80	-202	3917.51953125
80	-200	3918.42578125
80	-198	3919.349609375
80	-196	3920.0693359375
80	-194	3920.9345703125
80	-192	3921.732421875
80	-190	3922.45703125
80	-188	3923.1513671875
80	-186	3923.802734375
80	-184	3924.6865234375
80	-182	3925.2587890625
80	-180	3925.8740234375
80	-178	3926.466796875
80	-176	3927.0810546875
80	-174	3927.64453125
80	-172	3928.3330078125
80	-170	3928.8076171875
80	-168	3929.392578125
80	-166	3929.9912109375
80	-164	3930.4814453125
80	-162	3931.0126953125
80	-160	3931.5
80	-158	3932.03125
80	-156	3932.51171875
80	-154	3932.9853515625
80	-152	3933.423828125
80	-150	3933.859375
80	-148	3934.30859375
80	-146	3934.6875
80	-144	3935.1279296875
80	-142	3935.4951171875
80	-140	3935.91015625
80	-138	3936.265625
80	-136	3936.6279296875
80	-134	3936.9111328125
80	-132	3937.3095703125
80	-130	3937.5771484375
80	-128	3938.0009765625
80	-126	3938.2001953125
80	-124	3938.5146484375
80	-122	3938.744140625
80	-120	3939.0849609375
80	-118	3939.3779296875
80	-116	3939.673828125
80	-114	3940.0341796875
80	-112	3940.2294921875
80	-110	3940.466796875
80	-108	3940.6962890625
80	-106	3940.9697265625
80	-104	3941.0966796875
80	-102	3941.3896484375
80	-100	3941.60546875
80	-98	3941.833984375
80	-96	3942.1435546875
80	-94	3942.3291015625
80	-92	3942.47265625
80	-90	3942.7138671875
80	-88	3942.853515625
80	-86	3943.0390625
80	-84	3943.2080078125
80	-82	3943.4033203125
80	-80	3943.552734375
80	-78	3943.7373046875
80	-76	3943.8759765625
80	-74	3943.9765625
80	-72	3944.1669921875
80	-70	3944.2578125
80	-68	3944.3671875
80	-66	3944.564453125
80	-64	3944.7431640625
80	-62	3944.8359375
80	-60	3945.017578125
80	-58	3945.083984375
80	-56	3945.2890625
80	-54	3945.38671875
80	-52	3945.4697265625
80	-50	3945.580078125
80	-48	3945.6484375
80	-46	3945.7783203125
80	-44	3945.87109375
80	-42	3945.865234375
80	-40	3945.9892578125
80	-38	3946.11328125
80	-36	3946.0986328125
80	-34	3946.255859375
80	-32	3946.3701171875
80	-30	3946.4072265625
80	-28	3946.443359375
80	-26	3946.5029296875
80	-24	3946.5625
80	-22	3946.615234375
80	-20	3946.6259765625
80	-18	3946.716796875
80	-16	3946.7841796875
80	-14	3946.80859375
80	-12	3946.8193359375
80	-10	3946.861328125
80	-8	3946.865234375
80	-6	3946.9140625
80	-4	3947.017578125
80	-2	3947.013671875
80	0	3947.001953125
80	2	3947.0166015625
80	4	3947.0341796875
80	6	3947.0048828125
80	8	3947.0078125
80	10	3947.05859375
80	12	3947.0341796875
80	14	3947.015625
80	16	3947.0205078125
80	18	3947.0576171875
80	20	3947.0517578125
80	22	3947.072265625
80	24	3947.0546875
80	26	3947.02734375
80	28	3947.0302734375
80	30	3947.01171875
80	32	3946.974609375
80	34	3946.970703125
80	36	3946.97265625
80	38	3946.9677734375
80	40	3946.88671875
80	42	3946.978515625
80	44	3946.8876953125
80	46	3946.8662109375
80	48	3946.771484375
80	50	3946.79296875
80	52	3946.7392578125
80	54	3946.716796875
80	56	3946.720703125
80	58	3946.5849609375
80	60	3946.611328125
80	62	3946.5537109375
80	64	3946.5302734375
80	66	3946.5029296875
80	68	3946.4033203125
80	70	3946.310546875
80	72	3946.287109375
80	74	3946.2783203125
80	76	3946.19140625
80	78	3946.13671875
80	80	3946.0478515625
80	82	3946
80	84	3945.8037109375
80	86	3945.830078125
80	88	3945.716796875
80	90	3945.623046875
80	92	3945.5078125
80	94	3945.3427734375
80	96	3945.296875
80	98	3944.9609375
84	-290	3854.734375
84	-288	3856.5380859375
84	-286	3858.2734375
84	-284	3860.09765625
84	-282	3861.73046875
84	-280	3863.556640625
84	-278	3865.4013671875
84	-276	3866.9189453125
84	-274	3868.6787109375
84	-272	3870.4716796875
84	-270	3872.060546875
84	-268	3873.654296875
84	-266	3875.4345703125
84	-264	3877.310546875
84	-262	3878.9296875
84	-260	3880.37109375
84	-258	3881.90625
84	-256	3883.435546875
84	-254	3885.0751953125
84	-252	3886.501953125
84	-250	3888
84	-248	3889.4638671875
84	-246	3890.9775390625
84	-244	3892.361328125
84	-242	3893.67578125
84	-240	3894.888671875
84	-238	3896.4521484375
84	-236	3897.708984375
84	-234	3899.1533203125
84	-232	3900.5078125
84	-230	3901.818359375
84	-228	3903.0048828125
84	-226	3904.2177734375
84	-224	3905.3603515625
84	-222	3906.2958984375
84	-220	3907.451171875
84	-218	3908.4736328125
84	-216	3909.5
84	-214	3910.490234375
84	-212	3911.53125
84	-210	3912.3720703125
84	-208	3913.1904296875
84	-206	3914.13671875
84	-204	3915.03515625
84	-202	3915.8173828125
84	-200	3916.7177734375
84	-198	3917.6806640625
84	-196	3918.43359375
84	-194	3919.1875
84	-192	3919.7822265625
84	-190	3920.646484375
84	-188	3921.376953125
84	-186	3922.0458984375
84	-184	3922.658203125
84	-182	3923.322265625
84	-180	3923.7626953125
84	-178	3924.37109375
84	-176	3924.9833984375
84	-174	3925.5244140625
84	-172	3926.0908203125
84	-170	3926.671875
84	-168	3927.2646484375
84	-166	3927.70703125
84	-164	3928.23828125
84	-162	3928.6796875
84	-160	3929.0703125
84	-158	3929.5791015625
84	-156	3930.0224609375
84	-154	3930.4384765625
84	-152	3930.771484375
84	-150	3931.154296875
84	-148	3931.5869140625
84	-146	3931.9814453125
84	-144	3932.3466796875
84	-142	3932.736328125
84	-140	3933.0576171875
84	-138	3933.376953125
84	-136	3933.7470703125
84	-134	3934.0400390625
84	-132	3934.3115234375
84	-130	3934.609375
84	-128	3934.990234375
84	-126	3935.2373046875
84	-124	3935.548828125
84	-122	3935.8017578125
84	-120	3936.154296875
84	-118	3936.298828125
84	-116	3936.5078125
84	-114	3936.796875
84	-112	3937.14453125
84	-110	3937.3203125
84	-108	3937.4326171875
84	-106	3937.7451171875
84	-104	3937.986328125
84	-102	3938.1259765625
84	-100	3938.330078125
84	-98	3938.5224609375
84	-96	3938.7255859375
84	-94	3938.9345703125
84	-92	3939.1328125
84	-90	3939.3330078125
84	-88	3939.5
84	-86	3939.650390625
84	-84	3939.91796875
84	-82	3940.1474609375
84	-80	3940.2451171875
84	-78	3940.3984375
84	-76	3940.6162109375
84	-74	3940.75390625
84	-72	3940.95703125
84	-70	3941.072265625
84	-68	3941.1806640625
84	-66	3941.2373046875
84	-64	3941.3271484375
84	-62	3941.455078125
84	-60	3941.587890625
84	-58	3941.73828125
84	-56	3941.83984375
84	-54	3942.05859375
84	-52	3942.1376953125
84	-50	3942.234375
84	-48	3942.3115234375
84	-46	3942.4716796875
84	-44	3942.5439453125
84	-42	3942.6728515625
84	-40	3942.7255859375
84	-38	3942.7890625
84	-36	3942.865234375
84	-34	3942.80859375
84	-32	3942.9365234375
84	-30	3943.0048828125
84	-28	3943.1455078125
84	-26	3943.1484375
84	-24	3943.216796875
84	-22	3943.244140625
84	-20	3943.2333984375
84	-18	3943.369140625
84	-16	3943.4423828125
84	-14	3943.3359375
84	-12	3943.4580078125
84	-10	3943.4248046875
84	-8	3943.505859375
84	-6	3943.5419921875
84	-4	3943.591796875
84	-2	3943.62890625
84	0	3943.6943359375
84	2	3943.673828125
84	4	3943.7001953125
84	6	3943.7099609375
84	8	3943.7783203125
84	10	3943.6796875
84	12	3943.69140625
84	14	3943.7861328125
84	16	3943.7236328125
84	18	3943.71484375
84	20	3943.681640625
84	22	3943.6953125
84	24	3943.7001953125
84	26	3943.6875
84	28	3943.6484375
84	30	3943.6484375
84	32	3943.634765625
84	34	3943.638671875
84	36	3943.6767578125
84	38	3943.5927734375
84	40	3943.5712890625
84	42	3943.525390625
84	44	3943.4853515625
84	46	3943.3896484375
84	48	3943.4697265625
84	50	3943.3740234375
84	52	3943.3486328125
84	54	3943.4169921875
84	56	3943.380859375
84	58	3943.2548828125
84	60	3943.2607421875
84	62	3943.2451171875
84	64	3943.1533203125
84	66	3943.046875
84	68	3943.013671875
84	70	3943.0068359375
84	72	3942.9248046875
84	74	3942.90234375
84	76	3942.865234375
84	78	3942.72265625
84	80	3942.6865234375
84	82	3942.5771484375
84	84	3942.4287109375
84	86	3942.458984375
84	88	3942.3134765625
84	90	3942.2568359375
84	92	3942.2509765625
84	94	3942.0498046875
84	96	3941.8583984375
84	98	3941.6318359375
88	-290	3856.498046875
88	-288	3858.2626953125
88	-286	3859.9453125
88	-284	3861.580078125
88	-282	3863.220703125
88	-280	3865.009765625
88	-278	3866.607421875
88	-276	3868.3056640625
88	-274	3870.0029296875
88	-272	3871.78125
88	-270	3873.3154296875
88	-268	3874.8681640625
88	-266	3876.576171875
88	-264	3878.2802734375
88	-262	3879.8935546875
88	-260	3881.48046875
88	-258	3882.9541015625
88	-256	3884.341796875
88	-254	3885.703125
88	-252	3887.1318359375
88	-250	3888.75390625
88	-248	3890.2080078125
88	-246	3891.5087890625
88	-244	3892.787109375
88	-242	3894.18359375
88	-240	3895.330078125
88	-238	3896.5830078125
88	-236	3897.8212890625
88	-234	3898.990234375
88	-232	3900.125
88	-230	3901.2412109375
88	-228	3902.2109375
88	-226	3903.3271484375
88	-224	3904.400390625
88	-222	3905.494140625
88	-220	3906.474609375
88	-218	3907.2685546875
88	-216	3908.2822265625
88	-214	3909.11328125
88	-212	3910.1328125
88	-210	3910.90234375
88	-208	3911.7685546875
88	-206	3912.51171875
88	-204	3913.279296875
88	-202	3913.9755859375
88	-200	3914.8515625
88	-198	3915.4033203125
88	-196	3916.0498046875
88	-194	3916.849609375
88	-192	3917.4375
88	-190	3918.1142578125
88	-188	3918.583984375
88	-186	3919.376953125
88	-184	3919.8544921875
88	-182	3920.5390625
88	-180	3921.0322265625
88	-178	3921.44140625
88	-176	3922.1728515625
88	-174	3922.626953125
88	-172	3923.1279296875
88	-170	3923.64453125
88	-168	3924.23046875
88	-166	3924.6201171875
88	-164	3925.0390625
88	-162	3925.4521484375
88	-160	3925.87890625
88	-158	3926.3427734375
88	-156	3926.810546875
88	-154	3927.0654296875
88	-152	3927.4619140625
88	-150	3927.93359375
88	-148	3928.298828125
88	-146	3928.65625
88	-144	3928.974609375
88	-142	3929.28515625
88	-140	3929.451171875
88	-138	3929.8466796875
88	-136	3930.1591796875
88	-134	3930.4765625
88	-132	3930.7919921875
88	-130	3931.01953125
88	-128	3931.3349609375
88	-126	3931.59375
88	-124	3931.8115234375
88	-122	3932.1396484375
88	-120	3932.3408203125
88	-118	3932.671875
88	-116	3932.947265625
88	-114	3933.10546875
88	-112	3933.3193359375
88	-110	3933.544921875
88	-108	3933.7685546875
88	-106	3933.94140625
88	-104	3934.1845703125
88	-102	3934.546875
88	-100	3934.7666015625
88	-98	3934.9150390625
88	-96	3935.0576171875
88	-94	3935.30859375
88	-92	3935.5791015625
88	-90	3935.7041015625
88	-88	3935.89453125
88	-86	3935.958984375
88	-84	3936.162109375
88	-82	3936.23828125
88	-80	3936.462890625
88	-78	3936.6552734375
88	-76	3936.7333984375
88	-74	3936.8291015625
88	-72	3936.943359375
88	-70	3937.017578125
88	-68	3937.228515625
88	-66	3937.373046875
88	-64	3937.5107421875
88	-62	3937.568359375
88	-60	3937.7041015625
88	-58	3937.8662109375
88	-56	3937.8564453125
88	-54	3938.05078125
88	-52	3938.1162109375
88	-50	3938.3232421875
88	-48	3938.3271484375
88	-46	3938.4501953125
88	-44	3938.58984375
88	-42	3938.6279296875
88	-40	3938.7822265625
88	-38	3938.779296875
88	-36	3938.8369140625
88	-34	3938.923828125
88	-32	3938.982421875
88	-30	3939.1044921875
88	-28	3939
88	-26	3939.1201171875
88	-24	3939.0947265625
88	-22	3939.185546875
88	-20	3939.2607421875
88	-18	3939.357421875
88	-16	3939.3828125
88	-14	3939.392578125
88	-12	3939.4951171875
88	-10	3939.5126953125
88	-8	3939.55859375
88	-6	3939.607421875
88	-4	3939.6201171875
88	-2	3939.5947265625
88	0	3939.697265625
88	2	3939.7265625
88	4	3939.76171875
88	6	3939.716796875
88	8	3939.732421875
88	10	3939.7626953125
88	12	3939.7958984375
88	14	3939.7099609375
88	16	3939.697265625
88	18	3939.833984375
88	20	3939.75390625
88	22	3939.7734375
88	24	3939.7685546875
88	26	3939.759765625
88	28	3939.7666015625
88	30	3939.7138671875
88	32	3939.7626953125
88	34	3939.8310546875
88	36	3939.740234375
88	38	3939.74609375
88	40	3939.6904296875
88	42	3939.6181640625
88	44	3939.6337890625
88	46	3939.5087890625
88	48	3939.5166015625
88	50	3939.5869140625
88	52	3939.5244140625
88	54	3939.42578125
88	56	3939.404296875
88	58	3939.3154296875
88	60	3939.314453125
88	62	3939.2353515625
88	64	3939.2294921875
88	66	3939.15625
88	68	3939.0380859375
88	70	3939.109375
88	72	3939.060546875
88	74	3938.90625
88	76	3938.8779296875
88	78	3938.90234375
88	80	3938.8486328125
88	82	3938.78125
88	84	3938.6552734375
88	86	3938.583984375
88	88	3938.5244140625
88	90	3938.359375
88	92	3938.3251953125
88	94	3938.158203125
88	96	3937.99609375
88	98	3937.8515625
92	-290	3858.087890625
92	-288	3859.826171875
92	-286	3861.423828125
92	-284	3862.97265625
92	-282	3864.7412109375
92	-280	3866.4560546875
92	-278	3868.185546875
92	-276	3869.94140625
92	-274	3871.533203125
92	-272	3873.2216796875
92	-270	3874.8154296875
92	-268	3876.259765625
92	-266	3877.6572265625
92	-264	3879.2880859375
92	-262	3880.8681640625
92	-260	3882.1494140625
92	-258	3883.5390625
92	-256	3884.947265625
92	-254	3886.166015625
92	-252	3887.4169921875
92	-250	3888.69140625
92	-248	3890.14453125
92	-246	3891.4306640625
92	-244	3892.525390625
92	-242	3893.671875
92	-240	3894.8232421875
92	-238	3895.9033203125
92	-236	3896.935546875
92	-234	3897.9775390625
92	-232	3899.068359375
92	-230	3900.0517578125
92	-228	3901.0380859375
92	-226	3901.8203125
92	-224	3902.75
92	-222	3903.6533203125
92	-220	3904.4921875
92	-218	3905.416015625
92	-216	3906.11328125
92	-214	3906.978515625
92	-212	3907.6748046875
92	-210	3908.443359375
92	-208	3909.1328125
92	-206	3909.748046875
92	-204	3910.626953125
92	-202	3911.30859375
92	-200	3911.9541015625
92	-198	3912.7060546875
92	-196	3913.205078125
92	-194	3913.7607421875
92	-192	3914.4228515625
92	-190	3914.9609375
92	-188	3915.4638671875
92	-186	3916.0263671875
92	-184	3916.541015625
92	-182	3917.0361328125
92	-180	3917.6171875
92	-178	3918.0341796875
92	-176	3918.4814453125
92	-174	3918.99609375
92	-172	3919.51953125
92	-170	3919.95703125
92	-168	3920.1767578125
92	-166	3920.5732421875
92	-164	3921.107421875
92	-162	3921.6015625
92	-160	3921.947265625
92	-158	3922.328125
92	-156	3922.7080078125
92	-154	3923.1201171875
92	-152	3923.4814453125
92	-150	3923.748046875
92	-148	3924.2109375
92	-146	3924.3935546875
92	-144	3924.611328125
92	-142	3925.1005859375
92	-140	3925.3115234375
92	-138	3925.6708984375
92	-136	3926.06640625
92	-134	3926.2109375
92	-132	3926.4287109375
92	-130	3926.66796875
92	-128	3927.0888671875
92	-126	3927.2685546875
92	-124	3927.5908203125
92	-122	3927.75390625
92	-120	3928.0537109375
92	-118	3928.330078125
92	-116	3928.517578125
92	-114	3928.7607421875
92	-112	3928.9609375
92	-110	3929.1806640625
92	-108	3929.509765625
92	-106	3929.7919921875
92	-104	3929.9365234375
92	-102	3930.1640625
92	-100	3930.37890625
92	-98	3930.533203125
92	-96	3930.6318359375
92	-94	3930.861328125
92	-92	3930.9443359375
92	-90	3931.30078125
92	-88	3931.263671875
92	-86	3931.4248046875
92	-84	3931.6611328125
92	-82	3931.8388671875
92	-80	3931.98046875
92	-78	3932.11328125
92	-76	3932.251953125
92	-74	3932.4091796875
92	-72	3932.6201171875
92	-70	3932.626953125
92	-68	3932.7138671875
92	-66	3932.755859375
92	-64	3932.9599609375
92	-62	3933.1435546875
92	-60	3933.138671875
92	-58	3933.1953125
92	-56	3933.3701171875
92	-54	3933.4482421875
92	-52	3933.53515625
92	-50	3933.5732421875
92	-48	3933.779296875
92	-46	3933.7373046875
92	-44	3933.8544921875
92	-42	3934.0009765625
92	-40	3933.9765625
92	-38	3934.0439453125
92	-36	3934.1298828125
92	-34	3934.2255859375
92	-32	3934.23046875
92	-30	3934.3916015625
92	-28	3934.3740234375
92	-26	3934.62109375
92	-24	3934.57421875
92	-22	3934.61328125
92	-20	3934.5771484375
92	-18	3934.7138671875
92	-16	3934.7509765625
92	-14	3934.7373046875
92	-12	3934.8046875
92	-10	3934.765625
92	-8	3934.861328125
92	-6	3934.8828125
92	-4	3934.947265625
92	-2	3934.890625
92	0	3934.9501953125
92	2	3934.9248046875
92	4	3934.9794921875
92	6	3934.865234375
92	8	3934.9873046875
92	10	3935.0302734375
92	12	3935.1806640625
92	14	3935.0908203125
92	16	3935.07421875
92	18	3935.1494140625
92	20	3935.2353515625
92	22	3935.1748046875
92	24	3935.1474609375
92	26	3935.130859375
92	28	3935.03515625
92	30	3935.0048828125
92	32	3935.08203125
92	34	3935.041015625
92	36	3935.080078125
92	38	3934.9833984375
92	40	3935.0068359375
92	42	3934.912109375
92	44	3934.8779296875
92	46	3934.796875
92	48	3934.650390625
92	50	3934.6884765625
92	52	3934.662109375
92	54	3934.6025390625
92	56	3934.5703125
92	58	3934.5234375
92	60	3934.5283203125
92	62	3934.607421875
92	64	3934.4248046875
92	66	3934.4638671875
92	68	3934.4287109375
92	70	3934.390625
92	72	3934.369140625
92	74	3934.2783203125
92	76	3934.224609375
92	78	3934.23828125
92	80	3934.1416015625
92	82	3934.0625
92	84	3934.0673828125
92	86	3933.81640625
92	88	3933.8720703125
92	90	3933.7509765625
92	92	3933.6962890625
92	94	3933.677734375
92	96	3933.4912109375
92	98	3933.1669921875
96	-290	3859.97265625
96	-288	3861.5283203125
96	-286	3863.4013671875
96	-284	3864.9189453125
96	-282	3866.44140625
96	-280	3867.9814453125
96	-278	3869.623046875
96	-276	3871.197265625
96	-274	3872.8330078125
96	-272	3874.1640625
96	-270	3875.642578125
96	-268	3877.056640625
96	-266	3878.4521484375
96	-264	3879.880859375
96	-262	3881.1103515625
96	-260	3882.263671875
96	-258	3883.5234375
96	-256	3884.7353515625
96	-254	3885.9833984375
96	-252	3887.1240234375
96	-250	3888.15625
96	-248	3889.28515625
96	-246	3890.5693359375
96	-244	3891.62890625
96	-242	3892.7109375
96	-240	3893.611328125
96	-238	3894.56640625
96	-236	3895.4580078125
96	-234	3896.283203125
96	-232	3897.18359375
96	-230	3897.9736328125
96	-228	3898.8994140625
96	-226	3899.6162109375
96	-224	3900.419921875
96	-222	3901.2626953125
96	-220	3901.958984375
96	-218	3902.5810546875
96	-216	3903.3515625
96	-214	3904.0595703125
96	-212	3904.7275390625
96	-210	3905.2880859375
96	-208	3905.828125
96	-206	3906.4873046875
96	-204	3907.2607421875
96	-202	3907.8466796875
96	-200	3908.4501953125
96	-198	3909.009765625
96	-196	3909.5341796875
96	-194	3910.068359375
96	-192	3910.5322265625
96	-190	3911.0390625
96	-188	3911.513671875
96	-186	3911.98046875
96	-184	3912.52734375
96	-182	3912.8896484375
96	-180	3913.41796875
96	-178	3913.8369140625
96	-176	3914.3310546875
96	-174	3914.548828125
96	-172	3915.11328125
96	-170	3915.51171875
96	-168	3916.021484375
96	-166	3916.314453125
96	-164	3916.650390625
96	-162	3916.9208984375
96	-160	3917.3564453125
96	-158	3917.7255859375
96	-156	3918.1396484375
96	-154	3918.447265625
96	-152	3918.8173828125
96	-150	3919.0390625
96	-148	3919.373046875
96	-146	3919.6533203125
96	-144	3919.94921875
96	-142	3920.244140625
96	-140	3920.5625
96	-138	3920.849609375
96	-136	3921.1787109375
96	-134	3921.521484375
96	-132	3921.73828125
96	-130	3922.015625
96	-128	3922.2470703125
96	-126	3922.5205078125
96	-124	3922.765625
96	-122	3922.9609375
96	-120	3923.1923828125
96	-118	3923.4072265625
96	-116	3923.6689453125
96	-114	3923.8115234375
96	-112	3924.10546875
96	-110	3924.3486328125
96	-108	3924.4453125
96	-106	3924.677734375
96	-104	3924.7548828125
96	-102	3924.91796875
96	-100	3925.1240234375
96	-98	3925.4384765625
96	-96	3925.5263671875
96	-94	3925.8193359375
96	-92	3925.7861328125
96	-90	3925.9794921875
96	-88	3926.162109375
96	-86	3926.427734375
96	-84	3926.4521484375
96	-82	3926.6728515625
96	-80	3926.9013671875
96	-78	3927.0126953125
96	-76	3927.25390625
96	-74	3927.2421875
96	-72	3927.5205078125
96	-70	3927.455078125
96	-68	3927.7197265625
96	-66	3927.802734375
96	-64	3927.833984375
96	-62	3928.072265625
96	-60	3928.05078125
96	-58	3928.1259765625
96	-56	3928.1220703125
96	-54	3928.3466796875
96	-52	3928.2783203125
96	-50	3928.4462890625
96	-48	3928.556640625
96	-46	3928.6171875
96	-44	3928.615234375
96	-42	3928.7666015625
96	-40	3928.84375
96	-38	3928.9892578125
96	-36	3928.92578125
96	-34	3928.9990234375
96	-32	3929.05859375
96	-30	3929.072265625
96	-28	3929.2236328125
96	-26	3929.294921875
96	-24	3929.2607421875
96	-22	3929.2353515625
96	-20	3929.3974609375
96	-18	3929.501953125
96	-16	3929.5146484375
96	-14	3929.470703125
96	-12	3929.533203125
96	-10	3929.6220703125
96	-8	3929.58203125
96	-6	3929.6416015625
96	-4	3929.5673828125
96	-2	3929.5810546875
96	0	3929.537109375
96	2	3929.640625
96	4	3929.7021484375
96	6	3929.6171875
96	8	3929.7548828125
96	10	3929.5888671875
96	12	3929.7451171875
96	14	3929.7373046875
96	16	3929.6435546875
96	18	3929.6640625
96	20	3929.724609375
96	22	3929.611328125
96	24	3929.703125
96	26	3929.7021484375
96	28	3929.685546875
96	30	3929.7412109375
96	32	3929.7236328125
96	34	3929.57421875
96	36	3929.6328125
96	38	3929.619140625
96	40	3929.5771484375
96	42	3929.6513671875
96	44	3929.4560546875
96	46	3929.3671875
96	48	3929.375
96	50	3929.3662109375
96	52	3929.341796875
96	54	3929.4091796875
96	56	3929.26171875
96	58	3929.3828125
96	60	3929.193359375
96	62	3929.23828125
96	64	3929.1787109375
96	66	3929.076171875
96	68	3929.021484375
96	70	3929.103515625
96	72	3929.017578125
96	74	3928.96484375
96	76	3928.7509765625
96	78	3928.7353515625
96	80	3928.7421875
96	82	3928.60546875
96	84	3928.5546875
96	86	3928.5966796875
96	88	3928.4814453125
96	90	3928.359375
96	92	3928.337890625
96	94	3928.2265625
96	96	3928.0830078125
96	98	3927.62109375
100	-290	3861.8759765625
100	-288	3863.208984375
100	-286	3864.6650390625
100	-284	3866.2236328125
100	-282	3867.7939453125
100	-280	3869.37890625
100	-278	3870.7236328125
100	-276	3871.955078125
100	-274	3873.2607421875
100	-272	3874.44921875
100	-270	3875.650390625
100	-268	3876.90234375
100	-266	3877.947265625
100	-264	3879.1611328125
100	-262	3880.2353515625
100	-260	3881.25
100	-258	3882.544921875
100	-256	3883.62890625
100	-254	3884.5634765625
100	-252	3885.60546875
100	-250	3886.6396484375
100	-248	3887.7060546875
100	-246	3888.462890625
100	-244	3889.3857421875
100	-242	3890.322265625
100	-240	3891.017578125
100	-238	3891.9150390625
100	-236	3892.6630859375
100	-234	3893.4736328125
100	-232	3894.203125
100	-230	3894.951171875
100	-228	3895.875
100	-226	3896.5263671875
100	-224	3897.0625
100	-222	3897.779296875
100	-220	3898.1904296875
100	-218	3899.0546875
100	-216	3899.6630859375
100	-214	3900.1318359375
100	-212	3900.740234375
100	-210	3901.33984375
100	-208	3901.7802734375
100	-206	3902.3427734375
100	-204	3903.015625
100	-202	3903.595703125
100	-200	3904.09375
100	-198	3904.7158203125
100	-196	3905.0419921875
100	-194	3905.5712890625
100	-192	3906.2138671875
100	-190	3906.4853515625
100	-188	3906.9404296875
100	-186	3907.48046875
100	-184	3907.8740234375
100	-182	3908.2548828125
100	-180	3908.6826171875
100	-178	3909.1025390625
100	-176	3909.5263671875
100	-174	3909.7265625
100	-172	3910.2490234375
100	-170	3910.548828125
100	-168	3910.8974609375
100	-166	3911.1865234375
100	-164	3911.615234375
100	-162	3911.86328125
100	-160	3912.2548828125
100	-158	3912.6005859375
100	-156	3912.9443359375
100	-154	3913.22265625
100	-152	3913.4580078125
100	-150	3913.7353515625
100	-148	3914.1259765625
100	-146	3914.474609375
100	-144	3914.6767578125
100	-142	3915.02734375
100	-140	3915.275390625
100	-138	3915.5009765625
100	-136	3915.7939453125
100	-134	3916.0224609375
100	-132	3916.208984375
100	-130	3916.4384765625
100	-128	3916.6845703125
100	-126	3917.01171875
100	-124	3917.1982421875
100	-122	3917.44921875
100	-120	3917.4794921875
100	-118	3917.7666015625
100	-116	3917.9638671875
100	-114	3918.119140625
100	-112	3918.3935546875
100	-110	3918.4443359375
100	-108	3918.6650390625
100	-106	3918.8046875
100	-104	3919.017578125
100	-102	3919.0498046875
100	-100	3919.28125
100	-98	3919.4541015625
100	-96	3919.6826171875
100	-94	3919.8388671875
100	-92	3919.9609375
100	-90	3920.1845703125
100	-88	3920.255859375
100	-86	3920.392578125
100	-84	3920.6083984375
100	-82	3920.6396484375
100	-80	3920.95703125
100	-78	3921.08984375
100	-76	3921.0654296875
100	-74	3921.373046875
100	-72	3921.6533203125
100	-70	3921.673828125
100	-68	3921.755859375
100	-66	3921.8740234375
100	-64	3921.8046875
100	-62	3922.046875
100	-60	3922.203125
100	-58	3922.3623046875
100	-56	3922.373046875
100	-54	3922.265625
100	-52	3922.537109375
100	-50	3922.5126953125
100	-48	3922.6240234375
100	-46	3922.6630859375
100	-44	3922.7509765625
100	-42	3922.810546875
100	-40	3922.8857421875
100	-38	3923.005859375
100	-36	3923.025390625
100	-34	3923.072265625
100	-32	3923.1484375
100	-30	3923.2958984375
100	-28	3923.232421875
100	-26	3923.2890625
100	-24	3923.4228515625
100	-22	3923.5087890625
100	-20	3923.466796875
100	-18	3923.439453125
100	-16	3923.6279296875
100	-14	3923.5732421875
100	-12	3923.6484375
100	-10	3923.6357421875
100	-8	3923.6162109375
100	-6	3923.7607421875
100	-4	3923.7294921875
100	-2	3923.8466796875
100	0	3923.732421875
100	2	3923.8017578125
100	4	3923.8232421875
100	6	3923.8759765625
100	8	3923.7763671875
100	10	3923.837890625
100	12	3923.861328125
100	14	3923.8623046875
100	16	3923.90234375
100	18	3923.9365234375
100	20	3923.9375
100	22	3923.99609375
100	24	3923.9453125
100	26	3923.9130859375
100	28	3923.8056640625
100	30	3923.853515625
100	32	3923.72265625
100	34	3923.8876953125
100	36	3923.6455078125
100	38	3923.71484375
100	40	3923.705078125
100	42	3923.765625
100	44	3923.6435546875
100	46	3923.6572265625
100	48	3923.7216796875
100	50	3923.59765625
100	52	3923.5048828125
100	54	3923.40234375
100	56	3923.599609375
100	58	3923.46875
100	60	3923.5244140625
100	62	3923.3701171875
100	64	3923.3232421875
100	66	3923.3525390625
100	68	3923.220703125
100	70	3923.2841796875
100	72	3923.201171875
100	74	3923.18359375
100	76	3923.2490234375
100	78	3923.017578125
100	80	3923.1142578125
100	82	3922.9794921875
100	84	3922.900390625
100	86	3922.8330078125
100	88	3922.869140625
100	90	3922.833984375
100	92	3922.7080078125
100	94	3922.65625
100	96	3922.591796875
100	98	3922.2041015625
104	-290	3862.3349609375
104	-288	3863.9208984375
104	-286	3865.1748046875
104	-284	3866.6865234375
104	-282	3867.9208984375
104	-280	3868.9619140625
104	-278	3870.302734375
104	-276	3871.359375
104	-274	3872.41796875
104	-272	3873.4521484375
104	-270	3874.41015625
104	-268	3875.5048828125
104	-266	3876.4892578125
104	-264	3877.5126953125
104	-262	3878.43359375
104	-260	3879.3671875
104	-258	3880.2646484375
104	-256	3881.0380859375
104	-254	3882.0419921875
104	-252	3882.9423828125
104	-250	3883.8662109375
104	-248	3884.6640625
104	-246	3885.4072265625
104	-244	3886.09375
104	-242	3886.849609375
104	-240	3887.5390625
104	-238	3888.283203125
104	-236	3888.853515625
104	-234	3889.48046875
104	-232	3890.25390625
104	-230	3890.8466796875
104	-228	3891.68359375
104	-226	3892.234375
104	-224	3892.7890625
104	-222	3893.4736328125
104	-220	3894.099609375
104	-218	3894.5380859375
104	-216	3895.20703125
104	-214	3895.6806640625
104	-212	3896.3408203125
104	-210	3896.732421875
104	-208	3897.2109375
104	-206	3897.6298828125
104	-204	3898.0546875
104	-202	3898.6787109375
104	-200	3899.1357421875
104	-198	3899.3525390625
104	-196	3899.720703125
104	-194	3900.30078125
104	-192	3900.7255859375
104	-190	3901.1767578125
104	-188	3901.453125
104	-186	3901.9111328125
104	-184	3902.1533203125
104	-182	3902.5185546875
104	-180	3902.875
104	-178	3903.3427734375
104	-176	3903.7119140625
104	-174	3904.125
104	-172	3904.3828125
104	-170	3904.6796875
104	-168	3904.8486328125
104	-166	3905.2041015625
104	-164	3905.568359375
104	-162	3905.8623046875
104	-160	3906.060546875
104	-158	3906.466796875
104	-156	3906.5927734375
104	-154	3907.080078125
104	-152	3907.1982421875
104	-150	3907.5439453125
104	-148	3907.626953125
104	-146	3907.94921875
104	-144	3908.275390625
104	-142	3908.5888671875
104	-140	3908.880859375
104	-138	3909.126953125
104	-136	3909.37109375
104	-134	3909.62890625
104	-132	3909.826171875
104	-130	3909.9658203125
104	-128	3910.2783203125
104	-126	3910.5078125
104	-124	3910.728515625
104	-122	3910.86328125
104	-120	3911.103515625
104	-118	3911.4052734375
104	-116	3911.587890625
104	-114	3911.7119140625
104	-112	3911.8681640625
104	-110	3911.9580078125
104	-108	3912.1875
104	-106	3912.27734375
104	-104	3912.4501953125
104	-102	3912.69921875
104	-100	3912.796875
104	-98	3912.8857421875
104	-96	3913.0205078125
104	-94	3913.2177734375
104	-92	3913.458984375
104	-90	3913.615234375
104	-88	3913.8134765625
104	-86	3913.9501953125
104	-84	3914.1064453125
104	-82	3914.2197265625
104	-80	3914.2783203125
104	-78	3914.439453125
104	-76	3914.4794921875
104	-74	3914.623046875
104	-72	3914.6328125
104	-70	3914.724609375
104	-68	3914.994140625
104	-66	3915.0400390625
104	-64	3915.0703125
104	-62	3915.2666015625
104	-60	3915.33203125
104	-58	3915.48046875
104	-56	3915.37890625
104	-54	3915.556640625
104	-52	3915.7275390625
104	-50	3915.6513671875
104	-48	3915.6552734375
104	-46	3915.90234375
104	-44	3915.9384765625
104	-42	3916.0302734375
104	-40	3916.0478515625
104	-38	3916.1494140625
104	-36	3916.2021484375
104	-34	3916.4228515625
104	-32	3916.2763671875
104	-30	3916.4150390625
104	-28	3916.376953125
104	-26	3916.578125
104	-24	3916.6748046875
104	-22	3916.6591796875
104	-20	3916.712890625
104	-18	3916.787109375
104	-16	3916.8671875
104	-14	3916.7890625
104	-12	3916.94140625
104	-10	3916.904296875
104	-8	3917.0322265625
104	-6	3916.9296875
104	-4	3917.099609375
104	-2	3917.138671875
104	0	3917.232421875
104	2	3917.16796875
104	4	3917.318359375
104	6	3917.1767578125
104	8	3917.12890625
104	10	3917.1337890625
104	12	3917.2177734375
104	14	3917.265625
104	16	3917.3095703125
104	18	3917.291015625
104	20	3917.16015625
104	22	3917.359375
104	24	3917.234375
104	26	3917.4267578125
104	28	3917.3369140625
104	30	3917.275390625
104	32	3917.2470703125
104	34	3917.2099609375
104	36	3917.2802734375
104	38	3917.244140625
104	40	3917.2646484375
104	42	3917.234375
104	44	3917.240234375
104	46	3917.263671875
104	48	3917.1015625
104	50	3917.029296875
104	52	3917.083984375
104	54	3917.08984375
104	56	3916.9609375
104	58	3916.8427734375
104	60	3916.8935546875
104	62	3916.8173828125
104	64	3916.798828125
104	66	3916.720703125
104	68	3916.7626953125
104	70	3916.6865234375
104	72	3916.7353515625
104	74	3916.552734375
104	76	3916.5419921875
104	78	3916.4013671875
104	80	3916.5478515625
104	82	3916.4755859375
104	84	3916.5244140625
104	86	3916.37109375
104	88	3916.28515625
104	90	3916.13671875
104	92	3916.125
104	94	3916.015625
104	96	3915.7763671875
104	98	3915.412109375
108	-290	3861.853515625
108	-288	3862.9765625
108	-286	3864.021484375
108	-284	3864.99609375
108	-282	3866.13671875
108	-280	3867.0966796875
108	-278	3868.193359375
108	-276	3869.3896484375
108	-274	3870.1298828125
108	-272	3871.26953125
108	-270	3872.1806640625
108	-268	3872.9423828125
108	-266	3874.0146484375
108	-264	3874.697265625
108	-262	3875.431640625
108	-260	3876.083984375
108	-258	3876.966796875
108	-256	3877.6669921875
108	-254	3878.30859375
108	-252	3879.166015625
108	-250	3879.87890625
108	-248	3880.5380859375
108	-246	3881.2041015625
108	-244	3881.947265625
108	-242	3882.615234375
108	-240	3883.12890625
108	-238	3883.8623046875
108	-236	3884.3056640625
108	-234	3884.9736328125
108	-232	3885.5078125
108	-230	3886.0244140625
108	-228	3886.4326171875
108	-226	3886.896484375
108	-224	3887.3369140625
108	-222	3887.9794921875
108	-220	3888.4990234375
108	-218	3888.9638671875
108	-216	3889.4736328125
108	-214	3889.8369140625
108	-212	3890.2685546875
108	-210	3890.8095703125
108	-208	3891.134765625
108	-206	3891.654296875
108	-204	3892.2431640625
108	-202	3892.6416015625
108	-200	3892.8203125
108	-198	3893.27734375
108	-196	3893.677734375
108	-194	3894.068359375
108	-192	3894.1640625
108	-190	3894.65625
108	-188	3894.875
108	-186	3895.185546875
108	-184	3895.650390625
108	-182	3895.8525390625
108	-180	3896.31640625
108	-178	3896.6337890625
108	-176	3896.91015625
108	-174	3897.263671875
108	-172	3897.4140625
108	-170	3897.7783203125
108	-168	3898.06640625
108	-166	3898.2998046875
108	-164	3898.580078125
108	-162	3898.9404296875
108	-160	3899.0419921875
108	-158	3899.3251953125
108	-156	3899.5439453125
108	-154	3900.056640625
108	-152	3900.4248046875
108	-150	3900.513671875
108	-148	3900.7783203125
108	-146	3901.232421875
108	-144	3901.2841796875
108	-142	3901.3701171875
108	-140	3901.572265625
108	-138	3901.80859375
108	-136	3902.11328125
108	-134	3902.3037109375
108	-132	3902.4453125
108	-130	3902.7080078125
108	-128	3902.95703125
108	-126	3903.0751953125
108	-124	3903.3076171875
108	-122	3903.4150390625
108	-120	3903.595703125
108	-118	3903.779296875
108	-116	3903.9521484375
108	-114	3904.1171875
108	-112	3904.3779296875
108	-110	3904.646484375
108	-108	3904.685546875
108	-106	3904.8271484375
108	-104	3904.9296875
108	-102	3904.9951171875
108	-100	3905.2158203125
108	-98	3905.2802734375
108	-96	3905.66015625
108	-94	3905.673828125
108	-92	3905.708984375
108	-90	3905.7373046875
108	-88	3905.9765625
108	-86	3906.12890625
108	-84	3906.150390625
108	-82	3906.3369140625
108	-80	3906.498046875
108	-78	3906.529296875
108	-76	3906.7197265625
108	-74	3906.662109375
108	-72	3907.013671875
108	-70	3906.9765625
108	-68	3907.224609375
108	-66	3907.25
108	-64	3907.3193359375
108	-62	3907.4609375
108	-60	3907.5888671875
108	-58	3907.6904296875
108	-56	3907.666015625
108	-54	3907.7578125
108	-52	3907.7958984375
108	-50	3907.9365234375
108	-48	3907.8837890625
108	-46	3908.015625
108	-44	3908.15625
108	-42	3908.2021484375
108	-40	3908.263671875
108	-38	3908.2158203125
108	-36	3908.2822265625
108	-34	3908.431640625
108	-32	3908.46875
108	-30	3908.5
108	-28	3908.607421875
108	-26	3908.6455078125
108	-24	3908.76171875
108	-22	3908.783203125
108	-20	3908.7197265625
108	-18	3908.701171875
108	-16	3908.8671875
108	-14	3908.900390625
108	-12	3908.9375
108	-10	3908.927734375
108	-8	3908.9931640625
108	-6	3909.0546875
108	-4	3909.0029296875
108	-2	3909.1162109375
108	0	3909.1083984375
108	2	3909.3740234375
108	4	3909.2333984375
108	6	3909.3232421875
108	8	3909.1533203125
108	10	3909.330078125
108	12	3909.2255859375
108	14	3909.296875
108	16	3909.2158203125
108	18	3909.29296875
108	20	3909.0615234375
108	22	3909.1826171875
108	24	3909.2890625
108	26	3909.3408203125
108	28	3909.2373046875
108	30	3909.291015625
108	32	3909.4423828125
108	34	3909.380859375
108	36	3909.2041015625
108	38	3909.3046875
108	40	3909.197265625
108	42	3909.220703125
108	44	3909.3984375
108	46	3909.2021484375
108	48	3909.197265625
108	50	3909.09375
108	52	3909.1015625
108	54	3909.0400390625
108	56	3908.9794921875
108	58	3908.9365234375
108	60	3908.916015625
108	62	3908.9892578125
108	64	3908.93359375
108	66	3908.8837890625
108	68	3908.8046875
108	70	3908.76953125
108	72	3908.724609375
108	74	3908.7509765625
108	76	3908.7294921875
108	78	3908.6142578125
108	80	3908.6103515625
108	82	3908.5810546875
108	84	3908.51171875
108	86	3908.455078125
108	88	3908.373046875
108	90	3908.3203125
108	92	3908.33984375
108	94	3908.2060546875
108	96	3908.095703125
108	98	3907.7353515625
112	-290	3859.330078125
112	-288	3860.1396484375
112	-286	3861.2294921875
112	-284	3862.0556640625
112	-282	3862.8935546875
112	-280	3863.7255859375
112	-278	3864.560546875
112	-276	3865.4951171875
112	-274	3866.36328125
112	-272	3866.9189453125
112	-270	3867.7314453125
112	-268	3868.451171875
112	-266	3869.236328125
112	-264	3869.9384765625
112	-262	3870.7177734375
112	-260	3871.2890625
112	-258	3871.8994140625
112	-256	3872.58984375
112	-254	3873.0205078125
112	-252	3873.716796875
112	-250	3874.2763671875
112	-248	3874.755859375
112	-246	3875.3994140625
112	-244	3876.0302734375
112	-242	3876.654296875
112	-240	3876.955078125
112	-238	3877.49609375
112	-236	3878.0087890625
112	-234	3878.3876953125
112	-232	3878.75390625
112	-230	3879.2880859375
112	-228	3879.775390625
112	-226	3880.3212890625
112	-224	3880.841796875
112	-222	3881.091796875
112	-220	3881.388671875
112	-218	3881.859375
112	-216	3882.494140625
112	-214	3882.8359375
112	-212	3883.1640625
112	-210	3883.4609375
112	-208	3883.884765625
112	-206	3884.3427734375
112	-204	3884.6171875
112	-202	3885.0859375
112	-200	3885.365234375
112	-198	3885.759765625
112	-196	3886.1064453125
112	-194	3886.5478515625
112	-192	3886.615234375
112	-190	3886.8193359375
112	-188	3887.2626953125
112	-186	3887.7216796875
112	-184	3888.05078125
112	-182	3888.166015625
112	-180	3888.64453125
112	-178	3888.7529296875
112	-176	3889.1533203125
112	-174	3889.42578125
112	-172	3889.6806640625
112	-170	3889.90234375
112	-168	3890.142578125
112	-166	3890.4765625
112	-164	3890.6298828125
112	-162	3890.9052734375
112	-160	3891.08203125
112	-158	3891.3271484375
112	-156	3891.6943359375
112	-154	3891.97265625
112	-152	3892.1953125
112	-150	3892.34765625
112	-148	3892.5546875
112	-146	3892.681640625
112	-144	3892.89453125
112	-142	3893.3115234375
112	-140	3893.4384765625
112	-138	3893.728515625
112	-136	3893.7919921875
112	-134	3893.9736328125
112	-132	3894.1279296875
112	-130	3894.43359375
112	-128	3894.45703125
112	-126	3894.6181640625
112	-124	3894.802734375
112	-122	3895.05078125
112	-120	3895.1552734375
112	-118	3895.279296875
112	-116	3895.705078125
112	-114	3895.8583984375
112	-112	3896.0986328125
112	-110	3896.166015625
112	-108	3896.1357421875
112	-106	3896.3125
112	-104	3896.5087890625
112	-102	3896.623046875
112	-100	3896.7509765625
112	-98	3896.8671875
112	-96	3897.2041015625
112	-94	3897.283203125
112	-92	3897.3193359375
112	-90	3897.3837890625
112	-88	3897.53125
112	-86	3897.666015625
112	-84	3897.5556640625
112	-82	3897.7841796875
112	-80	3897.9697265625
112	-78	3898.0771484375
112	-76	3898.203125
112	-74	3898.3017578125
112	-72	3898.275390625
112	-70	3898.50390625
112	-68	3898.5390625
112	-66	3898.6962890625
112	-64	3898.861328125
112	-62	3898.9765625
112	-60	3899.076171875
112	-58	3899.1083984375
112	-56	3899.375
112	-54	3899.240234375
112	-52	3899.49609375
112	-50	3899.5595703125
112	-48	3899.4921875
112	-46	3899.484375
112	-44	3899.6689453125
112	-42	3899.669921875
112	-40	3899.9873046875
112	-38	3900.03515625
112	-36	3899.921875
112	-34	3900.2431640625
112	-32	3900.083984375
112	-30	3900.0908203125
112	-28	3900.244140625
112	-26	3900.220703125
112	-24	3900.193359375
112	-22	3900.392578125
112	-20	3900.2216796875
112	-18	3900.3212890625
112	-16	3900.4423828125
112	-14	3900.3525390625
112	-12	3900.4462890625
112	-10	3900.3466796875
112	-8	3900.4228515625
112	-6	3900.701171875
112	-4	3900.4951171875
112	-2	3900.5673828125
112	0	3900.6962890625
112	2	3900.7177734375
112	4	3900.927734375
112	6	3900.8154296875
112	8	3900.7275390625
112	10	3900.7421875
112	12	3900.8525390625
112	14	3900.751953125
112	16	3900.7890625
112	18	3900.8359375
112	20	3900.826171875
112	22	3900.849609375
112	24	3900.8662109375
112	26	3900.7919921875
112	28	3900.6767578125
112	30	3900.802734375
112	32	3900.6396484375
112	34	3900.7451171875
112	36	3900.56640625
112	38	3900.5986328125
112	40	3900.9189453125
112	42	3900.6025390625
112	44	3900.8623046875
112	46	3900.67578125
112	48	3900.75390625
112	50	3900.634765625
112	52	3900.5634765625
112	54	3900.55859375
112	56	3900.580078125
112	58	3900.7451171875
112	60	3900.5625
112	62	3900.583984375
112	64	3900.431640625
112	66	3900.42578125
112	68	3900.380859375
112	70	3900.3203125
112	72	3900.23828125
112	74	3900.2958984375
112	76	3900.31640625
112	78	3900.2294921875
112	80	3900.2099609375
112	82	3900.2724609375
112	84	3900.1845703125
112	86	3900.080078125
112	88	3900.0205078125
112	90	3900.0205078125
112	92	3899.9052734375
112	94	3899.841796875
112	96	3899.6572265625
112	98	3899.3505859375
116	-290	3854.87890625
116	-288	3855.326171875
116	-286	3856.2392578125
116	-284	3856.8984375
116	-282	3857.6025390625
116	-280	3858.5400390625
116	-278	3859.013671875
116	-276	3859.6513671875
116	-274	3860.3271484375
116	-272	3860.9580078125
116	-270	3861.5419921875
116	-268	3862.1162109375
116	-266	3862.56640625
116	-264	3863.2216796875
116	-262	3863.9794921875
116	-260	3864.5947265625
116	-258	3864.94140625
116	-256	3865.630859375
116	-254	3866.1943359375
116	-252	3866.455078125
116	-250	3866.9716796875
116	-248	3867.505859375
116	-246	3868.087890625
116	-244	3868.44921875
116	-242	3868.8837890625
116	-240	3869.14453125
116	-238	3869.7099609375
116	-236	3870.0849609375
116	-234	3870.4921875
116	-232	3871.08984375
116	-230	3871.47265625
116	-228	3871.75
116	-226	3872.171875
116	-224	3872.654296875
116	-222	3872.9111328125
116	-220	3873.2490234375
116	-218	3873.5400390625
116	-216	3874.1357421875
116	-214	3874.2333984375
116	-212	3874.6181640625
116	-210	3875.033203125
116	-208	3875.3798828125
116	-206	3875.8037109375
116	-204	3875.919921875
116	-202	3876.2177734375
116	-200	3876.49609375
116	-198	3876.9697265625
116	-196	3876.947265625
116	-194	3877.470703125
116	-192	3877.7119140625
116	-190	3878.08203125
116	-188	3878.2958984375
116	-186	3878.70703125
116	-184	3878.861328125
116	-182	3879.1142578125
116	-180	3879.3046875
116	-178	3879.6015625
116	-176	3879.880859375
116	-174	3880.2392578125
116	-172	3880.5771484375
116	-170	3880.8115234375
116	-168	3881.0009765625
116	-166	3881.3603515625
116	-164	3881.4150390625
116	-162	3881.59375
116	-160	3881.6591796875
116	-158	3881.9423828125
116	-156	3882.2841796875
116	-154	3882.298828125
116	-152	3882.658203125
116	-150	3882.6484375
116	-148	3882.955078125
116	-146	3882.8896484375
116	-144	3883.099609375
116	-142	3883.3203125
116	-140	3883.6337890625
116	-138	3883.75390625
116	-136	3883.7548828125
116	-134	3884.2216796875
116	-132	3884.123046875
116	-130	3884.4130859375
116	-128	3884.6044921875
116	-126	3884.794921875
116	-124	3884.8271484375
116	-122	3885.0869140625
116	-120	3885.2294921875
116	-118	3885.3330078125
116	-116	3885.6513671875
116	-114	3885.6650390625
116	-112	3885.7919921875
116	-110	3885.8271484375
116	-108	3886.208984375
116	-106	3886.2578125
116	-104	3886.48828125
116	-102	3886.544921875
116	-100	3886.693359375
116	-98	3886.9052734375
116	-96	3886.916015625
116	-94	3887.1455078125
116	-92	3887.3232421875
116	-90	3887.3115234375
116	-88	3887.39453125
116	-86	3887.5361328125
116	-84	3887.6123046875
116	-82	3887.6708984375
116	-80	3887.904296875
116	-78	3888.0302734375
116	-76	3888.130859375
116	-74	3888.2265625
116	-72	3888.265625
116	-70	3888.5615234375
116	-68	3888.42578125
116	-66	3888.5810546875
116	-64	3888.7392578125
116	-62	3888.744140625
116	-60	3888.7841796875
116	-58	3889.0625
116	-56	3889.212890625
116	-54	3889.2783203125
116	-52	3889.1591796875
116	-50	3889.369140625
116	-48	3889.3935546875
116	-46	3889.57421875
116	-44	3889.57421875
116	-42	3889.5986328125
116	-40	3889.7294921875
116	-38	3889.583984375
116	-36	3889.650390625
116	-34	3889.857421875
116	-32	3889.8671875
116	-30	3889.892578125
116	-28	3889.9833984375
116	-26	3890.2060546875
116	-24	3890.0615234375
116	-22	3890.1806640625
116	-20	3890.1279296875
116	-18	3890.134765625
116	-16	3890.2685546875
116	-14	3890.408203125
116	-12	3890.185546875
116	-10	3890.4296875
116	-8	3890.322265625
116	-6	3890.4814453125
116	-4	3890.6005859375
116	-2	3890.51953125
116	0	3890.4228515625
116	2	3890.6220703125
116	4	3890.705078125
116	6	3890.8583984375
116	8	3890.650390625
116	10	3890.91796875
116	12	3890.7763671875
116	14	3890.6923828125
116	16	3890.6005859375
116	18	3890.740234375
116	20	3890.5888671875
116	22	3890.6904296875
116	24	3890.5615234375
116	26	3890.7431640625
116	28	3890.6025390625
116	30	3890.638671875
116	32	3890.5283203125
116	34	3890.5361328125
116	36	3890.6162109375
116	38	3890.4091796875
116	40	3890.490234375
116	42	3890.5029296875
116	44	3890.48046875
116	46	3890.458984375
116	48	3890.46875
116	50	3890.337890625
116	52	3890.3876953125
116	54	3890.3408203125
116	56	3890.2724609375
116	58	3890.396484375
116	60	3890.255859375
116	62	3890.4169921875
116	64	3890.18359375
116	66	3890.1787109375
116	68	3890.345703125
116	70	3890.3408203125
116	72	3890.5146484375
116	74	3890.18359375
116	76	3890.09765625
116	78	3890.0966796875
116	80	3890.17578125
116	82	3889.9990234375
116	84	3890.0244140625
116	86	3889.9638671875
116	88	3889.908203125
116	90	3889.8046875
116	92	3889.7783203125
116	94	3889.630859375
116	96	3889.591796875
116	98	3889.1875
120	-290	3847.7802734375
120	-288	3848.3681640625
120	-286	3849.20703125
120	-284	3849.658203125
120	-282	3850.2451171875
120	-280	3850.8671875
120	-278	3851.345703125
120	-276	3852.0166015625
120	-274	3852.3056640625
120	-272	3852.96875
120	-270	3853.5009765625
120	-268	3853.828125
120	-266	3854.5224609375
120	-264	3854.7568359375
120	-262	3855.2373046875
120	-260	3855.96875
120	-258	3856.330078125
120	-256	3856.7158203125
120	-254	3857.033203125
120	-252	3857.455078125
120	-250	3857.9677734375
120	-248	3858.27734375
120	-246	3858.677734375
120	-244	3859.36328125
120	-242	3859.7236328125
120	-240	3859.87109375
120	-238	3860.330078125
120	-236	3860.5615234375
120	-234	3860.78125
120	-232	3861.4345703125
120	-230	3861.5087890625
120	-228	3862.0224609375
120	-226	3862.3505859375
120	-224	3862.578125
120	-222	3863.0498046875
120	-220	3863.125
120	-218	3863.6083984375
120	-216	3864.0205078125
120	-214	3864.3037109375
120	-212	3864.6962890625
120	-210	3865.048828125
120	-208	3865.1142578125
120	-206	3865.484375
120	-204	3865.8701171875
120	-202	3865.978515625
120	-200	3866.1767578125
120	-198	3866.517578125
120	-196	3866.634765625
120	-194	3867.01953125
120	-192	3867.4375
120	-190	3867.5244140625
120	-188	3867.96484375
120	-186	3868.142578125
120	-184	3868.392578125
120	-182	3868.4130859375
120	-180	3868.671875
120	-178	3869.068359375
120	-176	3869.2060546875
120	-174	3869.7265625
120	-172	3869.7890625
120	-170	3869.91015625
120	-168	3870.18359375
120	-166	3870.12890625
120	-164	3870.6455078125
120	-162	3870.7744140625
120	-160	3870.8037109375
120	-158	3870.8447265625
120	-156	3871.427734375
120	-154	3871.525390625
120	-152	3871.673828125
120	-150	3871.826171875
120	-148	3872.0078125
120	-146	3872.181640625
120	-144	3872.3701171875
120	-142	3872.982421875
120	-140	3872.966796875
120	-138	3873.087890625
120	-136	3873.2314453125
120	-134	3873.2451171875
120	-132	3873.5830078125
120	-130	3873.8720703125
120	-128	3874.1044921875
120	-126	3874.0556640625
120	-124	3874.259765625
120	-122	3874.2978515625
120	-120	3874.4365234375
120	-118	3874.69140625
120	-116	3874.880859375
120	-114	3874.919921875
120	-112	3875.041015625
120	-110	3875.234375
120	-108	3875.3642578125
120	-106	3875.5966796875
120	-104	3875.6923828125
120	-102	3875.837890625
120	-100	3875.859375
120	-98	3876.005859375
120	-96	3876.0400390625
120	-94	3876.158203125
120	-92	3876.3486328125
120	-90	3876.4130859375
120	-88	3876.744140625
120	-86	3876.6669921875
120	-84	3876.8115234375
120	-82	3876.96484375
120	-80	3876.99609375
120	-78	3877.3125
120	-76	3877.146484375
120	-74	3877.4111328125
120	-72	3877.3544921875
120	-70	3877.5791015625
120	-68	3877.5888671875
120	-66	3877.568359375
120	-64	3877.884765625
120	-62	3878.0458984375
120	-60	3878.0439453125
120	-58	3877.89453125
120	-56	3878.0732421875
120	-54	3878.2001953125
120	-52	3878.513671875
120	-50	3878.2333984375
120	-48	3878.4521484375
120	-46	3878.2900390625
120	-44	3878.404296875
120	-42	3878.76171875
120	-40	3878.6123046875
120	-38	3878.771484375
120	-36	3878.669921875
120	-34	3878.7900390625
120	-32	3878.6435546875
120	-30	3878.9287109375
120	-28	3878.69921875
120	-26	3878.8955078125
120	-24	3878.9404296875
120	-22	3878.9189453125
120	-20	3879.056640625
120	-18	3879.0009765625
120	-16	3879.2958984375
120	-14	3879.138671875
120	-12	3879.107421875
120	-10	3879.2255859375
120	-8	3879.1572265625
120	-6	3879.4482421875
120	-4	3879.5458984375
120	-2	3879.3662109375
120	0	3879.4609375
120	2	3879.416015625
120	4	3879.4228515625
120	6	3879.57421875
120	8	3879.322265625
120	10	3879.556640625
120	12	3879.6220703125
120	14	3879.5
120	16	3879.5791015625
120	18	3879.62890625
120	20	3879.658203125
120	22	3879.3984375
120	24	3879.45703125
120	26	3879.3994140625
120	28	3879.5654296875
120	30	3879.4267578125
120	32	3879.646484375
120	34	3879.701171875
120	36	3879.6923828125
120	38	3879.5517578125
120	40	3879.591796875
120	42	3879.6220703125
120	44	3879.69140625
120	46	3879.462890625
120	48	3879.544921875
120	50	3879.380859375
120	52	3879.2783203125
120	54	3879.41796875
120	56	3879.2119140625
120	58	3879.3193359375
120	60	3879.21875
120	62	3879.41015625
120	64	3879.4052734375
120	66	3879.283203125
120	68	3879.2138671875
120	70	3879.2431640625
120	72	3879.2119140625
120	74	3879.2373046875
120	76	3879.0810546875
120	78	3878.9990234375
120	80	3879.09375
120	82	3878.8251953125
120	84	3878.884765625
120	86	3878.732421875
120	88	3878.7138671875
120	90	3878.87109375
120	92	3878.791015625
120	94	3878.80859375
120	96	3878.2890625
120	98	3878.0087890625
