64	-290	3834.296875
64	-288	3836.27734375
64	-286	3838.1328125
64	-284	3839.953125
64	-282	3842.12109375
64	-280	3843.87890625
64	-278	3845.84375
64	-276	3847.609375
64	-274	3849.296875
64	-272	3851.36328125
64	-270	3852.59765625
64	-268	3854.453125
64	-266	3856.25390625
64	-264	3858.42578125
64	-262	3860.3125
64	-260	3861.76953125
64	-258	3863.7265625
64	-256	3865.640625
64	-254	3867.44921875
64	-252	3869.109375
64	-250	3870.55859375
64	-248	3872.09375
64	-246	3873.85546875
64	-244	3875.34375
64	-242	3877.18359375
64	-240	3878.8359375
64	-238	3880.4453125
64	-236	3882.05078125
64	-234	3882.9375
64	-232	3884.7890625
64	-230	3886.359375
64	-228	3887.73828125
64	-226	3888.71484375
64	-224	3890.76953125
64	-222	3892.203125
64	-220	3893.8828125
64	-218	3895.23828125
64	-216	3896.5390625
64	-214	3897.63671875
64	-212	3899.04296875
64	-210	3899.96484375
64	-208	3900.97265625
64	-206	3902.125
64	-204	3903.35546875
64	-202	3904.67578125
64	-200	3905.56640625
64	-198	3906.5
64	-196	3907.46875
64	-194	3908.38671875
64	-192	3909.51171875
64	-190	3910.72265625
64	-188	3911.3828125
64	-186	3912.54296875
64	-184	3913.41015625
64	-182	3914.234375
64	-180	3915.17578125
64	-178	3915.8203125
64	-176	3916.61328125
64	-174	3917.546875
64	-172	3918.06640625
64	-170	3918.8515625
64	-168	3919.359375
64	-166	3920.0625
64	-164	3920.7109375
64	-162	3921.41796875
64	-160	3921.87890625
64	-158	3922.58984375
64	-156	3923.05859375
64	-154	3923.59765625
64	-152	3924.1953125
64	-150	3924.55859375
64	-148	3925.03125
64	-146	3925.8671875
64	-144	3926.29296875
64	-142	3926.7734375
64	-140	3927.2578125
64	-138	3927.625
64	-136	3928.01171875
64	-134	3928.390625
64	-132	3928.6953125
64	-130	3928.98046875
64	-128	3929.4609375
64	-126	3929.95703125
64	-124	3930.1953125
64	-122	3930.62890625
64	-120	3931.203125
64	-118	3931.33203125
64	-116	3931.6796875
64	-114	3931.96875
64	-112	3932.20703125
64	-110	3932.53515625
64	-108	3932.828125
64	-106	3933.0546875
64	-104	3933.5
64	-102	3933.6640625
64	-100	3933.90625
64	-98	3934.1484375
64	-96	3934.36328125
64	-94	3934.54296875
64	-92	3934.7890625
64	-90	3934.91796875
64	-88	3935.109375
64	-86	3935.328125
64	-84	3935.4921875
64	-82	3935.70703125
64	-80	3935.80078125
64	-78	3935.96875
64	-76	3936.24609375
64	-74	3936.40625
64	-72	3936.6875
64	-70	3936.734375
64	-68	3937.015625
64	-66	3937.08203125
64	-64	3937.32421875
64	-62	3937.546875
64	-60	3937.61328125
64	-58	3937.6875
64	-56	3937.73046875
64	-54	3937.9453125
64	-52	3938.01171875
64	-50	3938.04296875
64	-48	3938.1796875
64	-46	3938.27734375
64	-44	3938.4140625
64	-42	3938.5390625
64	-40	3938.61328125
64	-38	3938.8203125
64	-36	3938.9921875
64	-34	3938.8984375
64	-32	3939.0703125
64	-30	3939.0859375
64	-28	3939.0546875
64	-26	3939.28515625
64	-24	3939.4140625
64	-22	3939.3125
64	-20	3939.3984375
64	-18	3939.53515625
64	-16	3939.625
64	-14	3939.4921875
64	-12	3939.7734375
64	-10	3939.74609375
64	-8	3939.76953125
64	-6	3939.81640625
64	-4	3939.625
64	-2	3939.734375
64	0	3939.796875
64	2	3939.76953125
64	4	3939.73828125
64	6	3939.72265625
64	8	3939.9609375
64	10	3939.88671875
64	12	3939.890625
64	14	3939.90234375
64	16	3939.8671875
64	18	3939.84765625
64	20	3939.9140625
64	22	3939.84765625
64	24	3939.88671875
64	26	3939.91015625
64	28	3939.8203125
64	30	3939.80078125
64	32	3939.87109375
64	34	3939.80859375
64	36	3939.69140625
64	38	3939.703125
64	40	3939.73046875
64	42	3939.64453125
64	44	3939.56640625
64	46	3939.60546875
64	48	3939.6640625
64	50	3939.49609375
64	52	3939.5546875
64	54	3939.36328125
64	56	3939.3203125
64	58	3939.296875
64	60	3939.25390625
64	62	3939.29296875
64	64	3939.16796875
64	66	3939.2421875
64	68	3939.08203125
64	70	3938.96875
64	72	3939.02734375
64	74	3938.984375
64	76	3938.890625
64	78	3938.89453125
64	80	3938.7734375
64	82	3938.6328125
64	84	3938.6015625
64	86	3938.48828125
64	88	3938.5
64	90	3938.31640625
64	92	3938.33984375
64	94	3938.015625
64	96	3937.859375
64	98	3937.609375
68	-290	3834.75
68	-288	3836.2734375
68	-286	3838.44140625
68	-284	3839.97265625
68	-282	3841.890625
68	-280	3843.8203125
68	-278	3845.4375
68	-276	3847.15625
68	-274	3848.65625
68	-272	3851.12109375
68	-270	3852.9609375
68	-268	3854.50390625
68	-266	3856.9296875
68	-264	3858.48828125
68	-262	3860.31640625
68	-260	3862.08203125
68	-258	3863.5546875
68	-256	3865.36328125
68	-254	3867.5234375
68	-252	3868.890625
68	-250	3870.59375
68	-248	3872.46875
68	-246	3874.2890625
68	-244	3875.6640625
68	-242	3877.2109375
68	-240	3878.84765625
68	-238	3880.5
68	-236	3881.734375
68	-234	3883.49609375
68	-232	3885.10546875
68	-230	3886.53515625
68	-228	3887.8125
68	-226	3889.11328125
68	-224	3890.2265625
68	-222	3891.66796875
68	-220	3893.0703125
68	-218	3894.36328125
68	-216	3895.8984375
68	-214	3897.0625
68	-212	3898.23828125
68	-210	3899.3203125
68	-208	3900.3125
68	-206	3901.5546875
68	-204	3902.53125
68	-202	3903.64453125
68	-200	3904.59765625
68	-198	3905.53125
68	-196	3906.67578125
68	-194	3907.87109375
68	-192	3908.70703125
68	-190	3910.015625
68	-188	3911.13671875
68	-186	3911.984375
68	-184	3912.98046875
68	-182	3913.6953125
68	-180	3914.5234375
68	-178	3915.421875
68	-176	3916.2578125
68	-174	3916.9609375
68	-172	3917.546875
68	-170	3918.3671875
68	-168	3918.7578125
68	-166	3919.34765625
68	-164	3920.0234375
68	-162	3920.54296875
68	-160	3920.92578125
68	-158	3921.734375
68	-156	3922.31640625
68	-154	3922.79296875
68	-152	3923.4140625
68	-150	3923.75390625
68	-148	3924.328125
68	-146	3925.01953125
68	-144	3925.296875
68	-142	3925.7890625
68	-140	3926.19921875
68	-138	3926.671875
68	-136	3927.0546875
68	-134	3927.35546875
68	-132	3927.87890625
68	-130	3928.234375
68	-128	3928.4765625
68	-126	3929.01171875
68	-124	3929.43359375
68	-122	3929.63671875
68	-120	3929.9375
68	-118	3930.22265625
68	-116	3930.71875
68	-114	3930.87890625
68	-112	3931.30859375
68	-110	3931.60546875
68	-108	3931.79296875
68	-106	3932.16796875
68	-104	3932.640625
68	-102	3932.7890625
68	-100	3932.83984375
68	-98	3933.1640625
68	-96	3933.32421875
68	-94	3933.48828125
68	-92	3933.7578125
68	-90	3934.078125
68	-88	3934.37890625
68	-86	3934.5703125
68	-84	3934.64453125
68	-82	3934.875
68	-80	3934.81640625
68	-78	3935.125
68	-76	3935.3515625
68	-74	3935.4296875
68	-72	3935.609375
68	-70	3935.8515625
68	-68	3935.984375
68	-66	3936.2578125
68	-64	3936.3125
68	-62	3936.296875
68	-60	3936.35546875
68	-58	3936.578125
68	-56	3936.6796875
68	-54	3936.86328125
68	-52	3937.015625
68	-50	3937.0859375
68	-48	3937.10546875
68	-46	3937.3046875
68	-44	3937.23046875
68	-42	3937.3828125
68	-40	3937.5859375
68	-38	3937.51171875
68	-36	3937.68359375
68	-34	3937.7265625
68	-32	3937.8828125
68	-30	3938.0546875
68	-28	3937.9609375
68	-26	3938.13671875
68	-24	3938.1875
68	-22	3938.2265625
68	-20	3938.16796875
68	-18	3938.37890625
68	-16	3938.37890625
68	-14	3938.41796875
68	-12	3938.49609375
68	-10	3938.5078125
68	-8	3938.60546875
68	-6	3938.40234375
68	-4	3938.6484375
68	-2	3938.67578125
68	0	3938.48828125
68	2	3938.703125
68	4	3938.8046875
68	6	3938.515625
68	8	3938.65234375
68	10	3938.76171875
68	12	3938.8125
68	14	3938.66796875
68	16	3938.65234375
68	18	3938.68359375
68	20	3938.625
68	22	3938.6171875
68	24	3938.67578125
68	26	3938.78125
68	28	3938.7265625
68	30	3938.671875
68	32	3938.73046875
68	34	3938.625
68	36	3938.66015625
68	38	3938.609375
68	40	3938.66015625
68	42	3938.5625
68	44	3938.5078125
68	46	3938.36328125
68	48	3938.48046875
68	50	3938.34375
68	52	3938.3046875
68	54	3938.2109375
68	56	3938.1875
68	58	3938.14453125
68	60	3938.07421875
68	62	3938.1015625
68	64	3937.9921875
68	66	3937.9296875
68	68	3937.8203125
68	70	3937.875
68	72	3937.80859375
68	74	3937.7578125
68	76	3937.7265625
68	78	3937.58203125
68	80	3937.5078125
68	82	3937.50390625
68	84	3937.48046875
68	86	3937.30859375
68	88	3937.1953125
68	90	3937.140625
68	92	3937.03125
68	94	3936.98046875
68	96	3936.7421875
68	98	3936.515625
72	-290	3834.02734375
72	-288	3835.91796875
72	-286	3837.8359375
72	-284	3839.8828125
72	-282	3842.2890625
72	-280	3844.10546875
72	-278	3846.13671875
72	-276	3847.76953125
72	-274	3849.41796875
72	-272	3851.6328125
72	-270	3853.06640625
72	-268	3854.828125
72	-266	3856.7578125
72	-264	3858.40234375
72	-262	3860.796875
72	-260	3862.34375
72	-258	3863.921875
72	-256	3865.71875
72	-254	3867.484375
72	-252	3869.2890625
72	-250	3871.10546875
72	-248	3872.53515625
72	-246	3873.96875
72	-244	3875.87890625
72	-242	3877.109375
72	-240	3878.31640625
72	-238	3880.125
72	-236	3881.84375
72	-234	3883.1640625
72	-232	3884.72265625
72	-230	3886.2890625
72	-228	3887.7265625
72	-226	3889.09375
72	-224	3890.62890625
72	-222	3891.77734375
72	-220	3892.84765625
72	-218	3894.2734375
72	-216	3895.48828125
72	-214	3896.76171875
72	-212	3897.9296875
72	-210	3899.2109375
72	-208	3900.5234375
72	-206	3901.33203125
72	-204	3902.4453125
72	-202	3903.6875
72	-200	3904.75
72	-198	3905.72265625
72	-196	3906.72265625
72	-194	3907.51953125
72	-192	3908.4296875
72	-190	3909.4921875
72	-188	3910.2578125
72	-186	3911.1171875
72	-184	3912.26171875
72	-182	3913.23046875
72	-180	3913.96484375
72	-178	3914.71875
72	-176	3915.57421875
72	-174	3916.02734375
72	-172	3916.47265625
72	-170	3917.1875
72	-168	3917.95703125
72	-166	3918.62109375
72	-164	3919.296875
72	-162	3920.0234375
72	-160	3920.53515625
72	-158	3920.953125
72	-156	3921.171875
72	-154	3921.65625
72	-152	3922.01953125
72	-150	3922.5859375
72	-148	3923.01953125
72	-146	3923.73046875
72	-144	3923.94140625
72	-142	3924.23046875
72	-140	3924.671875
72	-138	3925.15625
72	-136	3925.69921875
72	-134	3926.1171875
72	-132	3926.53515625
72	-130	3926.8515625
72	-128	3927.3203125
72	-126	3927.54296875
72	-124	3928.0078125
72	-122	3928.453125
72	-120	3928.6796875
72	-118	3928.99609375
72	-116	3929.37109375
72	-114	3929.71484375
72	-112	3929.9609375
72	-110	3930.171875
72	-108	3930.3828125
72	-106	3930.640625
72	-104	3930.99609375
72	-102	3931.27734375
72	-100	3931.4453125
72	-98	3931.671875
72	-96	3932.02734375
72	-94	3932.01171875
72	-92	3932.21875
72	-90	3932.421875
72	-88	3932.421875
72	-86	3932.77734375
72	-84	3932.9453125
72	-82	3933.21484375
72	-80	3933.3125
72	-78	3933.4375
72	-76	3933.65234375
72	-74	3933.953125
72	-72	3934.07421875
72	-70	3934.31640625
72	-68	3934.35546875
72	-66	3934.390625
72	-64	3934.421875
72	-62	3934.79296875
72	-60	3934.88671875
72	-58	3935.0859375
72	-56	3935.1484375
72	-54	3935.1484375
72	-52	3935.19140625
72	-50	3935.3984375
72	-48	3935.5859375
72	-46	3935.6328125
72	-44	3935.69921875
72	-42	3935.81640625
72	-40	3935.91015625
72	-38	3936.1015625
72	-36	3936.2890625
72	-34	3936.21875
72	-32	3936.359375
72	-30	3936.56640625
72	-28	3936.46484375
72	-26	3936.72265625
72	-24	3936.7265625
72	-22	3936.7578125
72	-20	3936.73046875
72	-18	3936.7265625
72	-16	3936.75390625
72	-14	3936.84375
72	-12	3937.046875
72	-10	3937.1015625
72	-8	3937.1171875
72	-6	3937.03125
72	-4	3937.08984375
72	-2	3937.125
72	0	3937.15625
72	2	3937.2421875
72	4	3937.171875
72	6	3937.0390625
72	8	3937.21875
72	10	3937.265625
72	12	3937.31640625
72	14	3937.33203125
72	16	3937.296875
72	18	3937.34375
72	20	3937.33203125
72	22	3937.265625
72	24	3937.2109375
72	26	3937.1484375
72	28	3937.1484375
72	30	3937.125
72	32	3937.0703125
72	34	3937.1484375
72	36	3937.15234375
72	38	3937.19921875
72	40	3937.0625
72	42	3936.95703125
72	44	3937.03125
72	46	3937
72	48	3936.89453125
72	50	3936.87890625
72	52	3936.8671875
72	54	3936.75390625
72	56	3936.7578125
72	58	3936.70703125
72	60	3936.72265625
72	62	3936.74609375
72	64	3936.6640625
72	66	3936.57421875
72	68	3936.52734375
72	70	3936.57421875
72	72	3936.44140625
72	74	3936.41015625
72	76	3936.2421875
72	78	3936.234375
72	80	3936.14453125
72	82	3935.984375
72	84	3935.953125
72	86	3935.86328125
72	88	3935.6953125
72	90	3935.62890625
72	92	3935.57421875
72	94	3935.484375
72	96	3935.328125
72	98	3934.92578125
76	-290	3835.38671875
76	-288	3837.484375
76	-286	3838.9375
76	-284	3840.9296875
76	-282	3842.94921875
76	-280	3845.140625
76	-278	3847.2890625
76	-276	3849.2890625
76	-274	3850.4140625
76	-272	3852.546875
76	-270	3854.265625
76	-268	3856.59375
76	-266	3858.01953125
76	-264	3859.74609375
76	-262	3861.67578125
76	-260	3863.47265625
76	-258	3865.0234375
76	-256	3866.2890625
76	-254	3868.27734375
76	-252	3869.63671875
76	-250	3871.34765625
76	-248	3872.87890625
76	-246	3874.53125
76	-244	3876.22265625
76	-242	3877.83984375
76	-240	3879.3984375
76	-238	3880.9765625
76	-236	3882.1640625
76	-234	3883.609375
76	-232	3885.09375
76	-230	3886.83203125
76	-228	3887.7734375
76	-226	3889.12890625
76	-224	3890.44140625
76	-222	3891.48828125
76	-220	3893.12890625
76	-218	3894.140625
76	-216	3895.1796875
76	-214	3896.4765625
76	-212	3897.375
76	-210	3898.82421875
76	-208	3899.9296875
76	-206	3900.94921875
76	-204	3901.90234375
76	-202	3903.08203125
76	-200	3903.87109375
76	-198	3904.640625
76	-196	3905.546875
76	-194	3906.49609375
76	-192	3907.3671875
76	-190	3908.04296875
76	-188	3908.85546875
76	-186	3910.09765625
76	-184	3910.9140625
76	-182	3911.66796875
76	-180	3912.65625
76	-178	3913.4140625
76	-176	3914.25
76	-174	3914.98046875
76	-172	3915.52734375
76	-170	3916.0234375
76	-168	3916.59375
76	-166	3916.90625
76	-164	3917.57421875
76	-162	3918.125
76	-160	3918.71484375
76	-158	3919.2578125
76	-156	3919.65625
76	-154	3920.25390625
76	-152	3920.67578125
76	-150	3921.02734375
76	-148	3921.46484375
76	-146	3921.75
76	-144	3922.21484375
76	-142	3922.609375
76	-140	3922.8671875
76	-138	3923.5390625
76	-136	3923.953125
76	-134	3924.09375
76	-132	3924.4453125
76	-130	3924.87109375
76	-128	3925.234375
76	-126	3925.55859375
76	-124	3925.97265625
76	-122	3926.18359375
76	-120	3926.5546875
76	-118	3926.94921875
76	-116	3927.30078125
76	-114	3927.62109375
76	-112	3927.90234375
76	-110	3928.05859375
76	-108	3928.2265625
76	-106	3928.578125
76	-104	3928.7734375
76	-102	3929.15234375
76	-100	3929.2109375
76	-98	3929.515625
76	-96	3929.5859375
76	-94	3929.828125
76	-92	3930.09375
76	-90	3930.375
76	-88	3930.4296875
76	-86	3930.69140625
76	-84	3930.94140625
76	-82	3930.99609375
76	-80	3931.1640625
76	-78	3931.2890625
76	-76	3931.4375
76	-74	3931.6875
76	-72	3931.875
76	-70	3931.921875
76	-68	3932.16015625
76	-66	3932.28125
76	-64	3932.671875
76	-62	3932.6875
76	-60	3932.66015625
76	-58	3932.734375
76	-56	3932.98828125
76	-54	3933.1640625
76	-52	3933.14453125
76	-50	3933.15234375
76	-48	3933.34765625
76	-46	3933.6015625
76	-44	3933.71484375
76	-42	3933.70703125
76	-40	3933.8125
76	-38	3934.0078125
76	-36	3934.04296875
76	-34	3934.17578125
76	-32	3934.06640625
76	-30	3934.140625
76	-28	3934.23828125
76	-26	3934.2890625
76	-24	3934.26953125
76	-22	3934.28125
76	-20	3934.5234375
76	-18	3934.52734375
76	-16	3934.57421875
76	-14	3934.60546875
76	-12	3934.71875
76	-10	3934.671875
76	-8	3934.66796875
76	-6	3934.79296875
76	-4	3934.8984375
76	-2	3934.88671875
76	0	3934.90234375
76	2	3934.94140625
76	4	3934.90625
76	6	3934.93359375
76	8	3935.18359375
76	10	3935.03515625
76	12	3934.98828125
76	14	3935.08203125
76	16	3935.03125
76	18	3935.11328125
76	20	3935.109375
76	22	3934.875
76	24	3935.140625
76	26	3935.1796875
76	28	3934.984375
76	30	3935.05859375
76	32	3935.02734375
76	34	3935.09765625
76	36	3935.04296875
76	38	3935.1015625
76	40	3935.02734375
76	42	3934.9140625
76	44	3934.69921875
76	46	3934.8671875
76	48	3934.6875
76	50	3934.78125
76	52	3934.7890625
76	54	3934.88671875
76	56	3934.6875
76	58	3934.75
76	60	3934.5390625
76	62	3934.45703125
76	64	3934.45703125
76	66	3934.375
76	68	3934.14453125
76	70	3934.18359375
76	72	3934.15625
76	74	3934.25
76	76	3933.93359375
76	78	3934.015625
76	80	3933.90234375
76	82	3933.66796875
76	84	3933.76171875
76	86	3933.7890625
76	88	3933.48828125
76	90	3933.578125
76	92	3933.453125
76	94	3933.29296875
76	96	3933.04296875
76	98	3932.84765625
80	-290	3836.8125
80	-288	3838.78515625
80	-286	3840.59375
80	-284	3842.96875
80	-282	3844.8515625
80	-280	3846.87109375
80	-278	3848.61328125
80	-276	3850.109375
80	-274	3852.34375
80	-272	3853.94921875
80	-270	3855.9453125
80	-268	3857.34765625
80	-266	3859.1328125
80	-264	3860.58203125
80	-262	3862.41015625
80	-260	3863.85546875
80	-258	3865.4296875
80	-256	3867.7890625
80	-254	3869.19140625
80	-252	3870.76953125
80	-250	3872.56640625
80	-248	3874.3125
80	-246	3875.7421875
80	-244	3877.265625
80	-242	3878.4765625
80	-240	3879.8125
80	-238	3881.0390625
80	-236	3882.37890625
80	-234	3883.94921875
80	-232	3885.125
80	-230	3886.3984375
80	-228	3887.25
80	-226	3888.51171875
80	-224	3889.71484375
80	-222	3891
80	-220	3892.5234375
80	-218	3893.88671875
80	-216	3895.08984375
80	-214	3896.37109375
80	-212	3897.04296875
80	-210	3898.08203125
80	-208	3898.99609375
80	-206	3900.1640625
80	-204	3901.15234375
80	-202	3902.16796875
80	-200	3902.90625
80	-198	3903.76171875
80	-196	3904.4375
80	-194	3905.21484375
80	-192	3906.35546875
80	-190	3907.3046875
80	-188	3908.02734375
80	-186	3908.83203125
80	-184	3909.41015625
80	-182	3910.17578125
80	-180	3910.89453125
80	-178	3911.640625
80	-176	3912.203125
80	-174	3912.7890625
80	-172	3913.2421875
80	-170	3914.00390625
80	-168	3914.5390625
80	-166	3915.07421875
80	-164	3915.4453125
80	-162	3915.98046875
80	-160	3916.43359375
80	-158	3917.01171875
80	-156	3917.28125
80	-154	3918.0390625
80	-152	3918.546875
80	-150	3918.97265625
80	-148	3919.30859375
80	-146	3919.6015625
80	-144	3919.94140625
80	-142	3920.25390625
80	-140	3920.6171875
80	-138	3921.140625
80	-136	3921.61328125
80	-134	3922.05078125
80	-132	3922.28125
80	-130	3922.609375
80	-128	3922.9765625
80	-126	3923.44140625
80	-124	3923.6796875
80	-122	3923.96484375
80	-120	3924.1484375
80	-118	3924.47265625
80	-116	3924.83984375
80	-114	3924.9921875
80	-112	3925.38671875
80	-110	3925.62109375
80	-108	3925.96484375
80	-106	3926.27734375
80	-104	3926.36328125
80	-102	3926.5859375
80	-100	3926.94140625
80	-98	3926.94140625
80	-96	3927.27734375
80	-94	3927.40625
80	-92	3927.6015625
80	-90	3927.625
80	-88	3927.94140625
80	-86	3928.1640625
80	-84	3928.25390625
80	-82	3928.53125
80	-80	3928.54296875
80	-78	3928.6875
80	-76	3928.76953125
80	-74	3929.03515625
80	-72	3929.21875
80	-70	3929.41015625
80	-68	3929.6796875
80	-66	3929.703125
80	-64	3929.734375
80	-62	3929.7578125
80	-60	3930.2734375
80	-58	3930.26953125
80	-56	3930.31640625
80	-54	3930.359375
80	-52	3930.53515625
80	-50	3930.6171875
80	-48	3930.73828125
80	-46	3930.98046875
80	-44	3930.9609375
80	-42	3931.03515625
80	-40	3931.2421875
80	-38	3931.3125
80	-36	3931.19140625
80	-34	3931.25
80	-32	3931.296875
80	-30	3931.5234375
80	-28	3931.58203125
80	-26	3931.59765625
80	-24	3931.703125
80	-22	3931.72265625
80	-20	3931.86328125
80	-18	3931.7734375
80	-16	3931.92578125
80	-14	3932.0390625
80	-12	3931.953125
80	-10	3931.96875
80	-8	3932.125
80	-6	3932.0546875
80	-4	3932.09375
80	-2	3932.18359375
80	0	3932.234375
80	2	3932.1171875
80	4	3932.23828125
80	6	3932.2421875
80	8	3932.19921875
80	10	3932.1484375
80	12	3932.0859375
80	14	3932.1953125
80	16	3932.14453125
80	18	3932.34765625
80	20	3932.375
80	22	3932.1953125
80	24	3932.22265625
80	26	3932.19140625
80	28	3932.37890625
80	30	3932.43359375
80	32	3932.2265625
80	34	3932.13671875
80	36	3932.25390625
80	38	3932.359375
80	40	3932.3125
80	42	3932.22265625
80	44	3932.3046875
80	46	3932.28515625
80	48	3932.0234375
80	50	3932.21484375
80	52	3931.97265625
80	54	3931.99609375
80	56	3931.828125
80	58	3931.9609375
80	60	3931.76953125
80	62	3931.859375
80	64	3931.7421875
80	66	3931.6484375
80	68	3931.57421875
80	70	3931.48046875
80	72	3931.4453125
80	74	3931.43359375
80	76	3931.2109375
80	78	3931.265625
80	80	3931.12890625
80	82	3931.03515625
80	84	3930.86328125
80	86	3931.06640625
80	88	3930.76953125
80	90	3930.75390625
80	92	3930.7890625
80	94	3930.76171875
80	96	3930.56640625
80	98	3930.3203125
84	-290	3839.63671875
84	-288	3841.41015625
84	-286	3843.34765625
84	-284	3844.99609375
84	-282	3847.09375
84	-280	3848.68359375
84	-278	3850.5625
84	-276	3852.15234375
84	-274	3854.046875
84	-272	3855.5390625
84	-270	3857.14453125
84	-268	3858.87890625
84	-266	3860.3828125
84	-264	3862.3671875
84	-262	3863.8125
84	-260	3865.27734375
84	-258	3866.98046875
84	-256	3868.52734375
84	-254	3870.2890625
84	-252	3871.54296875
84	-250	3872.9375
84	-248	3874.5625
84	-246	3876.04296875
84	-244	3877.40234375
84	-242	3878.640625
84	-240	3879.89453125
84	-238	3881.00390625
84	-236	3882.71484375
84	-234	3883.89453125
84	-232	3885.0625
84	-230	3886.5078125
84	-228	3887.54296875
84	-226	3888.8984375
84	-224	3889.91015625
84	-222	3890.94140625
84	-220	3892.34375
84	-218	3892.9453125
84	-216	3894.0859375
84	-214	3895.06640625
84	-212	3896.08203125
84	-210	3897.140625
84	-208	3898.015625
84	-206	3898.92578125
84	-204	3899.72265625
84	-202	3900.66796875
84	-200	3901.53515625
84	-198	3902.2109375
84	-196	3903.0390625
84	-194	3903.62890625
84	-192	3904.51171875
84	-190	3905.19140625
84	-188	3905.9609375
84	-186	3906.73046875
84	-184	3907.34765625
84	-182	3908.0390625
84	-180	3908.51953125
84	-178	3909.1640625
84	-176	3909.796875
84	-174	3910.25
84	-172	3910.81640625
84	-170	3911.32421875
84	-168	3911.99609375
84	-166	3912.7265625
84	-164	3912.90625
84	-162	3913.41796875
84	-160	3913.89453125
84	-158	3914.2265625
84	-156	3914.51953125
84	-154	3915.0625
84	-152	3915.57421875
84	-150	3916.1015625
84	-148	3916.4140625
84	-146	3916.87109375
84	-144	3917.20703125
84	-142	3917.44140625
84	-140	3917.828125
84	-138	3918.41796875
84	-136	3918.578125
84	-134	3918.8125
84	-132	3919.484375
84	-130	3919.609375
84	-128	3919.97265625
84	-126	3920.28125
84	-124	3920.48828125
84	-122	3920.91796875
84	-120	3921.1015625
84	-118	3921.4765625
84	-116	3921.59375
84	-114	3921.8515625
84	-112	3922.046875
84	-110	3922.35546875
84	-108	3922.765625
84	-106	3922.82421875
84	-104	3923.125
84	-102	3923.09765625
84	-100	3923.34375
84	-98	3923.5625
84	-96	3923.9375
84	-94	3924.2890625
84	-92	3924.2890625
84	-90	3924.31640625
84	-88	3924.5234375
84	-86	3924.7734375
84	-84	3924.83984375
84	-82	3925.0703125
84	-80	3925.375
84	-78	3925.3203125
84	-76	3925.48046875
84	-74	3925.80859375
84	-72	3925.91015625
84	-70	3925.9140625
84	-68	3926.015625
84	-66	3926.18359375
84	-64	3926.66015625
84	-62	3926.62109375
84	-60	3926.51171875
84	-58	3926.8203125
84	-56	3926.91015625
84	-54	3927.00390625
84	-52	3927.09765625
84	-50	3927.19921875
84	-48	3927.3671875
84	-46	3927.50390625
84	-44	3927.4609375
84	-42	3927.72265625
84	-40	3927.70703125
84	-38	3927.8125
84	-36	3927.875
84	-34	3928.05078125
84	-32	3928.01953125
84	-30	3928.109375
84	-28	3928.19921875
84	-26	3928.22265625
84	-24	3928.21875
84	-22	3928.23828125
84	-20	3928.421875
84	-18	3928.29296875
84	-16	3928.2265625
84	-14	3928.33203125
84	-12	3928.4296875
84	-10	3928.48046875
84	-8	3928.484375
84	-6	3928.578125
84	-4	3928.39453125
84	-2	3928.62109375
84	0	3928.51171875
84	2	3928.8203125
84	4	3928.58984375
84	6	3928.44921875
84	8	3928.66015625
84	10	3928.6875
84	12	3928.8359375
84	14	3928.8671875
84	16	3928.86328125
84	18	3928.8359375
84	20	3928.953125
84	22	3929.0390625
84	24	3928.80859375
84	26	3928.98046875
84	28	3929.03515625
84	30	3929.203125
84	32	3928.88671875
84	34	3928.9140625
84	36	3929.0078125
84	38	3928.90234375
84	40	3928.93359375
84	42	3928.99609375
84	44	3928.68359375
84	46	3928.8125
84	48	3928.6875
84	50	3928.671875
84	52	3928.75
84	54	3928.6875
84	56	3928.67578125
84	58	3928.35546875
84	60	3928.62109375
84	62	3928.5078125
84	64	3928.4296875
84	66	3928.36328125
84	68	3928.3671875
84	70	3928.2109375
84	72	3928.27734375
84	74	3928.05859375
84	76	3928.12890625
84	78	3928.078125
84	80	3928.0859375
84	82	3927.78515625
84	84	3927.84375
84	86	3927.91015625
84	88	3927.8203125
84	90	3927.796875
84	92	3927.66796875
84	94	3927.55859375
84	96	3927.41015625
84	98	3926.94140625
88	-290	3842.390625
88	-288	3844.265625
88	-286	3845.6484375
88	-284	3847.015625
88	-282	3848.87109375
88	-280	3850.42578125
88	-278	3852.05078125
88	-276	3853.87890625
88	-274	3855.68359375
88	-272	3857.26171875
88	-270	3858.46484375
88	-268	3860.16796875
88	-266	3861.65625
88	-264	3863.1953125
88	-262	3864.9375
88	-260	3866.52734375
88	-258	3867.9453125
88	-256	3869.2265625
88	-254	3871.1328125
88	-252	3872.3359375
88	-250	3873.671875
88	-248	3874.9609375
88	-246	3876.3125
88	-244	3877.40625
88	-242	3878.55078125
88	-240	3879.99609375
88	-238	3881.16015625
88	-236	3882.26171875
88	-234	3883.625
88	-232	3884.62890625
88	-230	3885.93359375
88	-228	3887.00390625
88	-226	3888.13671875
88	-224	3889.0625
88	-222	3890.12890625
88	-220	3891.15625
88	-218	3892.11328125
88	-216	3892.80859375
88	-214	3893.72265625
88	-212	3894.5625
88	-210	3895.2734375
88	-208	3896.1875
88	-206	3897.19921875
88	-204	3897.67578125
88	-202	3898.66015625
88	-200	3899.2421875
88	-198	3899.953125
88	-196	3900.58203125
88	-194	3901.234375
88	-192	3901.83984375
88	-190	3902.60546875
88	-188	3903.3828125
88	-186	3904.140625
88	-184	3904.75390625
88	-182	3905.4921875
88	-180	3905.984375
88	-178	3906.58984375
88	-176	3906.984375
88	-174	3907.38671875
88	-172	3908.01953125
88	-170	3908.40625
88	-168	3908.8984375
88	-166	3909.28515625
88	-164	3909.6484375
88	-162	3910.19921875
88	-160	3910.66796875
88	-158	3911.1015625
88	-156	3911.66015625
88	-154	3912.06640625
88	-152	3912.62890625
88	-150	3912.890625
88	-148	3913.16796875
88	-146	3913.625
88	-144	3913.79296875
88	-142	3913.984375
88	-140	3914.4375
88	-138	3915.0625
88	-136	3915.27734375
88	-134	3915.40234375
88	-132	3915.69140625
88	-130	3915.99609375
88	-128	3916.45703125
88	-126	3916.57421875
88	-124	3916.6484375
88	-122	3916.99609375
88	-120	3917.26171875
88	-118	3917.73046875
88	-116	3918.015625
88	-114	3918.09375
88	-112	3918.46875
88	-110	3918.7578125
88	-108	3919.02734375
88	-106	3919.078125
88	-104	3919.453125
88	-102	3919.71484375
88	-100	3919.91015625
88	-98	3920.11328125
88	-96	3920.140625
88	-94	3920.33203125
88	-92	3920.48828125
88	-90	3920.55078125
88	-88	3920.78515625
88	-86	3920.93359375
88	-84	3921.03515625
88	-82	3921.359375
88	-80	3921.6015625
88	-78	3921.625
88	-76	3921.83203125
88	-74	3921.71484375
88	-72	3922.0703125
88	-70	3922.3125
88	-68	3922.2890625
88	-66	3922.375
88	-64	3922.44921875
88	-62	3922.625
88	-60	3922.7890625
88	-58	3922.78125
88	-56	3922.91796875
88	-54	3923.11328125
88	-52	3923.140625
88	-50	3923.3125
88	-48	3923.44140625
88	-46	3923.55078125
88	-44	3923.5546875
88	-42	3923.80078125
88	-40	3923.8515625
88	-38	3923.78125
88	-36	3924.0390625
88	-34	3924.0390625
88	-32	3924.19921875
88	-30	3924.14453125
88	-28	3924.171875
88	-26	3924.2734375
88	-24	3924.26171875
88	-22	3924.60546875
88	-20	3924.3203125
88	-18	3924.52734375
88	-16	3924.57421875
88	-14	3924.63671875
88	-12	3924.5703125
88	-10	3924.74609375
88	-8	3924.62109375
88	-6	3924.8203125
88	-4	3924.7265625
88	-2	3924.72265625
88	0	3924.8203125
88	2	3924.75390625
88	4	3924.75
88	6	3924.58984375
88	8	3924.79296875
88	10	3924.828125
88	12	3924.88671875
88	14	3924.8828125
88	16	3924.875
88	18	3924.7109375
88	20	3924.91796875
88	22	3925.015625
88	24	3924.9765625
88	26	3924.93359375
88	28	3924.8125
88	30	3924.9921875
88	32	3924.8046875
88	34	3924.9453125
88	36	3924.9453125
88	38	3924.92578125
88	40	3924.71875
88	42	3924.70703125
88	44	3924.9453125
88	46	3924.9296875
88	48	3924.79296875
88	50	3924.66015625
88	52	3924.6953125
88	54	3924.8046875
88	56	3924.58203125
88	58	3924.60546875
88	60	3924.5078125
88	62	3924.546875
88	64	3924.46875
88	66	3924.484375
88	68	3924.39453125
88	70	3924.4375
88	72	3924.171875
88	74	3924.28515625
88	76	3924.0703125
88	78	3924.1171875
88	80	3924.0390625
88	82	3924.09765625
88	84	3923.65625
88	86	3923.65625
88	88	3923.6484375
88	90	3923.55078125
88	92	3923.5234375
88	94	3923.28515625
88	96	3923.2265625
88	98	3922.98046875
92	-290	3844.703125
92	-288	3846.1015625
92	-286	3847.6171875
92	-284	3849.37890625
92	-282	3851.15234375
92	-280	3852.8828125
92	-278	3854.4375
92	-276	3855.78515625
92	-274	3857.07421875
92	-272	3858.1875
92	-270	3859.890625
92	-268	3861.578125
92	-266	3862.984375
92	-264	3864.59765625
92	-262	3865.890625
92	-260	3867.375
92	-258	3868.55859375
92	-256	3869.9140625
92	-254	3871.25
92	-252	3872.57421875
92	-250	3873.7421875
92	-248	3874.62109375
92	-246	3875.8125
92	-244	3877.43359375
92	-242	3878.484375
92	-240	3879.49609375
92	-238	3880.48828125
92	-236	3881.4453125
92	-234	3882.359375
92	-232	3883.5703125
92	-230	3884.31640625
92	-228	3885.41015625
92	-226	3886.4296875
92	-224	3887.51953125
92	-222	3888.36328125
92	-220	3888.8984375
92	-218	3889.9453125
92	-216	3890.65625
92	-214	3891.6484375
92	-212	3892.2734375
92	-210	3892.9765625
92	-208	3893.6875
92	-206	3894.55078125
92	-204	3895.265625
92	-202	3895.9140625
92	-200	3896.7734375
92	-198	3897.2734375
92	-196	3897.90625
92	-194	3898.3984375
92	-192	3899.1953125
92	-190	3899.86328125
92	-188	3900.38671875
92	-186	3901.19140625
92	-184	3901.66015625
92	-182	3902.171875
92	-180	3902.79296875
92	-178	3903.1328125
92	-176	3903.71875
92	-174	3904.12109375
92	-172	3904.69140625
92	-170	3905.1796875
92	-168	3905.77734375
92	-166	3906.03125
92	-164	3906.57421875
92	-162	3907.04296875
92	-160	3907.484375
92	-158	3907.69140625
92	-156	3907.8046875
92	-154	3908.58203125
92	-152	3908.875
92	-150	3909.2109375
92	-148	3909.60546875
92	-146	3910.22265625
92	-144	3910.36328125
92	-142	3910.6796875
92	-140	3910.9921875
92	-138	3911.234375
92	-136	3911.453125
92	-134	3911.96875
92	-132	3912.25
92	-130	3912.453125
92	-128	3912.6796875
92	-126	3912.85546875
92	-124	3913.046875
92	-122	3913.30078125
92	-120	3913.41796875
92	-118	3913.67578125
92	-116	3913.828125
92	-114	3913.87890625
92	-112	3914.17578125
92	-110	3914.33984375
92	-108	3914.6640625
92	-106	3914.72265625
92	-104	3914.9453125
92	-102	3915.24609375
92	-100	3915.3515625
92	-98	3915.47265625
92	-96	3915.60546875
92	-94	3915.87109375
92	-92	3916.05078125
92	-90	3916.1328125
92	-88	3916.21484375
92	-86	3916.5
92	-84	3916.703125
92	-82	3916.921875
92	-80	3917.03515625
92	-78	3917.3671875
92	-76	3917.33203125
92	-74	3917.76171875
92	-72	3917.81640625
92	-70	3918.01953125
92	-68	3917.9296875
92	-66	3918.19921875
92	-64	3918.24609375
92	-62	3918.51171875
92	-60	3918.375
92	-58	3918.48828125
92	-56	3918.7265625
92	-54	3918.58984375
92	-52	3918.703125
92	-50	3918.6953125
92	-48	3918.84765625
92	-46	3919.078125
92	-44	3919.203125
92	-42	3919.1484375
92	-40	3919.3046875
92	-38	3919.19921875
92	-36	3919.45703125
92	-34	3919.47265625
92	-32	3919.43359375
92	-30	3919.5
92	-28	3919.4609375
92	-26	3919.41796875
92	-24	3919.64453125
92	-22	3919.9296875
92	-20	3919.78515625
92	-18	3919.77734375
92	-16	3919.8125
92	-14	3919.9609375
92	-12	3920.07421875
92	-10	3920.09765625
92	-8	3920.1328125
92	-6	3920.12890625
92	-4	3919.81640625
92	-2	3920.09765625
92	0	3920.203125
92	2	3920.01171875
92	4	3920.2890625
92	6	3920.234375
92	8	3920.40625
92	10	3920.06640625
92	12	3920.08984375
92	14	3920.2578125
92	16	3920.078125
92	18	3920.1796875
92	20	3920.08984375
92	22	3920.1484375
92	24	3919.96484375
92	26	3920.12890625
92	28	3920.24609375
92	30	3920.09765625
92	32	3920.04296875
92	34	3920.12890625
92	36	3920.0390625
92	38	3920.140625
92	40	3920.12109375
92	42	3920.13671875
92	44	3919.9609375
92	46	3920.07421875
92	48	3920.1015625
92	50	3920.0703125
92	52	3920.046875
92	54	3919.90234375
92	56	3920.06640625
92	58	3919.859375
92	60	3919.6640625
92	62	3919.515625
92	64	3919.6171875
92	66	3919.5
92	68	3919.4453125
92	70	3919.28515625
92	72	3919.30859375
92	74	3919.53125
92	76	3919.1015625
92	78	3919.0390625
92	80	3919.0078125
92	82	3918.8671875
92	84	3918.671875
92	86	3918.765625
92	88	3918.609375
92	90	3918.5
92	92	3918.39453125
92	94	3918.27734375
92	96	3918.32421875
92	98	3917.9921875
96	-290	3845.94140625
96	-288	3847.546875
96	-286	3848.9296875
96	-284	3850.74609375
96	-282	3852.01171875
96	-280	3853.15234375
96	-278	3854.87109375
96	-276	3856.33203125
96	-274	3857.671875
96	-272	3859.2578125
96	-270	3860.3046875
96	-268	3861.61328125
96	-266	3863.34765625
96	-264	3864.37890625
96	-262	3865.765625
96	-260	3867.265625
96	-258	3868.33984375
96	-256	3869.3046875
96	-254	3870.5078125
96	-252	3871.890625
96	-250	3872.890625
96	-248	3874.24609375
96	-246	3875.34375
96	-244	3876.359375
96	-242	3877.30859375
96	-240	3878.08984375
96	-238	3879.1953125
96	-236	3880.1328125
96	-234	3881.2421875
96	-232	3882.3359375
96	-230	3883.1484375
96	-228	3883.828125
96	-226	3884.5859375
96	-224	3885.3046875
96	-222	3885.91015625
96	-220	3886.5234375
96	-218	3887.578125
96	-216	3888.16015625
96	-214	3889.015625
96	-212	3889.94140625
96	-210	3890.359375
96	-208	3890.76171875
96	-206	3891.625
96	-204	3892.30859375
96	-202	3893.06640625
96	-200	3893.19921875
96	-198	3893.765625
96	-196	3894.484375
96	-194	3894.9375
96	-192	3895.59765625
96	-190	3896.27734375
96	-188	3896.98046875
96	-186	3897.3984375
96	-184	3898.01953125
96	-182	3898.50390625
96	-180	3898.8046875
96	-178	3899.1953125
96	-176	3899.85546875
96	-174	3900.01171875
96	-172	3900.38671875
96	-170	3900.94140625
96	-168	3901.18359375
96	-166	3901.5703125
96	-164	3901.85546875
96	-162	3902.1953125
96	-160	3902.40234375
96	-158	3902.62109375
96	-156	3903.17578125
96	-154	3903.47265625
96	-152	3903.75
96	-150	3904.16015625
96	-148	3904.52734375
96	-146	3904.484375
96	-144	3904.625
96	-142	3905.15625
96	-140	3905.21484375
96	-138	3905.828125
96	-136	3905.93359375
96	-134	3906.26171875
96	-132	3906.5234375
96	-130	3906.9453125
96	-128	3906.9765625
96	-126	3907.4453125
96	-124	3907.65625
96	-122	3907.8203125
96	-120	3908.16015625
96	-118	3908.4375
96	-116	3908.46484375
96	-114	3908.90234375
96	-112	3909.01953125
96	-110	3909.203125
96	-108	3909.31640625
96	-106	3909.51953125
96	-104	3909.51171875
96	-102	3909.85546875
96	-100	3910.140625
96	-98	3910.16796875
96	-96	3910.56640625
96	-94	3910.74609375
96	-92	3911.078125
96	-90	3911.09375
96	-88	3911.234375
96	-86	3911.53125
96	-84	3911.33203125
96	-82	3911.5234375
96	-80	3911.66796875
96	-78	3911.73828125
96	-76	3912.1015625
96	-74	3912.05078125
96	-72	3912.4453125
96	-70	3912.43359375
96	-68	3912.53515625
96	-66	3912.78515625
96	-64	3912.90625
96	-62	3912.99609375
96	-60	3912.8515625
96	-58	3913.15234375
96	-56	3913.30859375
96	-54	3913.265625
96	-52	3913.36328125
96	-50	3913.38671875
96	-48	3913.36328125
96	-46	3913.47265625
96	-44	3913.64453125
96	-42	3913.48828125
96	-40	3913.68359375
96	-38	3913.875
96	-36	3913.78125
96	-34	3913.87890625
96	-32	3913.859375
96	-30	3913.7109375
96	-28	3914.1640625
96	-26	3914.24609375
96	-24	3914.1796875
96	-22	3914.33203125
96	-20	3914.3125
96	-18	3914.40234375
96	-16	3914.6015625
96	-14	3914.64453125
96	-12	3914.52734375
96	-10	3914.58203125
96	-8	3914.6328125
96	-6	3914.5546875
96	-4	3914.76953125
96	-2	3914.8515625
96	0	3914.68359375
96	2	3914.5078125
96	4	3914.41015625
96	6	3914.76171875
96	8	3914.78125
96	10	3914.84375
96	12	3915.04296875
96	14	3915.015625
96	16	3914.68359375
96	18	3914.7421875
96	20	3914.5390625
96	22	3914.6484375
96	24	3914.80078125
96	26	3914.7890625
96	28	3914.5859375
96	30	3914.47265625
96	32	3914.6640625
96	34	3914.67578125
96	36	3914.58984375
96	38	3914.5078125
96	40	3914.51171875
96	42	3914.421875
96	44	3914.34375
96	46	3914.44921875
96	48	3914.40234375
96	50	3914.34375
96	52	3914.33203125
96	54	3914.40625
96	56	3914.21484375
96	58	3914.1484375
96	60	3914.15625
96	62	3914.15234375
96	64	3914.10546875
96	66	3913.98828125
96	68	3914.125
96	70	3914.00390625
96	72	3913.953125
96	74	3913.93359375
96	76	3913.51953125
96	78	3913.66015625
96	80	3913.47265625
96	82	3913.671875
96	84	3913.56640625
96	86	3913.32421875
96	88	3913.40234375
96	90	3913.1875
96	92	3913.2265625
96	94	3913.06640625
96	96	3912.93359375
96	98	3912.671875
100	-290	3847.05078125
100	-288	3848.42578125
100	-286	3849.71875
100	-284	3851.3359375
100	-282	3852.44921875
100	-280	3853.78515625
100	-278	3855.12109375
100	-276	3856.50390625
100	-274	3857.65234375
100	-272	3859.140625
100	-270	3860.5078125
100	-268	3861.78515625
100	-266	3862.90625
100	-264	3863.7734375
100	-262	3865.09765625
100	-260	3866.078125
100	-258	3867.359375
100	-256	3868.5703125
100	-254	3869.5859375
100	-252	3870.73046875
100	-250	3871.58203125
100	-248	3872.34765625
100	-246	3873.20703125
100	-244	3874.296875
100	-242	3874.91015625
100	-240	3875.9140625
100	-238	3876.8828125
100	-236	3877.67578125
100	-234	3878.734375
100	-232	3879.5
100	-230	3880.1640625
100	-228	3881.0390625
100	-226	3881.78125
100	-224	3882.38671875
100	-222	3883.01953125
100	-220	3883.35546875
100	-218	3884.265625
100	-216	3884.96484375
100	-214	3885.5390625
100	-212	3886.1171875
100	-210	3886.89453125
100	-208	3887.09375
100	-206	3887.72265625
100	-204	3888.03515625
100	-202	3888.3671875
100	-200	3889.046875
100	-198	3889.4375
100	-196	3889.87109375
100	-194	3890.73828125
100	-192	3891.23046875
100	-190	3891.8359375
100	-188	3892.05078125
100	-186	3892.30078125
100	-184	3892.984375
100	-182	3893.46484375
100	-180	3893.66015625
100	-178	3894
100	-176	3894.6015625
100	-174	3894.99609375
100	-172	3895.50390625
100	-170	3895.5703125
100	-168	3895.875
100	-166	3896.140625
100	-164	3896.7734375
100	-162	3896.90234375
100	-160	3897.33984375
100	-158	3897.59375
100	-156	3897.7734375
100	-154	3898.3203125
100	-152	3898.79296875
100	-150	3898.8046875
100	-148	3899.06640625
100	-146	3899.21484375
100	-144	3899.546875
100	-142	3899.828125
100	-140	3900.2421875
100	-138	3900.5390625
100	-136	3900.62890625
100	-134	3900.74609375
100	-132	3901.08984375
100	-130	3901.3046875
100	-128	3901.28125
100	-126	3901.73828125
100	-124	3901.90234375
100	-122	3902.21484375
100	-120	3902.4609375
100	-118	3902.7421875
100	-116	3902.90625
100	-114	3903.0625
100	-112	3903.22265625
100	-110	3903.43359375
100	-108	3903.79296875
100	-106	3904.1953125
100	-104	3904.03125
100	-102	3904.21875
100	-100	3904.3125
100	-98	3904.4453125
100	-96	3904.5546875
100	-94	3904.80078125
100	-92	3904.7265625
100	-90	3905.08984375
100	-88	3905.19921875
100	-86	3905.1171875
100	-84	3905.3203125
100	-82	3905.55859375
100	-80	3905.78515625
100	-78	3905.73828125
100	-76	3905.87890625
100	-74	3906.03515625
100	-72	3906.25390625
100	-70	3906.484375
100	-68	3906.3515625
100	-66	3906.828125
100	-64	3906.4765625
100	-62	3906.90625
100	-60	3906.75390625
100	-58	3906.86328125
100	-56	3906.97265625
100	-54	3907.109375
100	-52	3907.05859375
100	-50	3907.12890625
100	-48	3907.25390625
100	-46	3907.3671875
100	-44	3907.25390625
100	-42	3907.265625
100	-40	3907.421875
100	-38	3907.734375
100	-36	3907.87890625
100	-34	3907.8515625
100	-32	3908.0546875
100	-30	3908.16796875
100	-28	3908.07421875
100	-26	3907.7890625
100	-24	3907.96875
100	-22	3908.09375
100	-20	3907.94921875
100	-18	3908.06640625
100	-16	3908.13671875
100	-14	3908.3671875
100	-12	3908.34375
100	-10	3908.25
100	-8	3908.515625
100	-6	3908.26953125
100	-4	3908.4453125
100	-2	3908.44921875
100	0	3908.6015625
100	2	3908.71484375
100	4	3908.78125
100	6	3908.65234375
100	8	3908.44921875
100	10	3908.56640625
100	12	3908.6171875
100	14	3908.55859375
100	16	3908.609375
100	18	3908.4453125
100	20	3908.48828125
100	22	3908.4375
100	24	3908.3515625
100	26	3908.51171875
100	28	3908.4921875
100	30	3908.54296875
100	32	3908.87109375
100	34	3908.2109375
100	36	3908.58984375
100	38	3908.4921875
100	40	3908.3828125
100	42	3908.8203125
100	44	3908.73046875
100	46	3908.58984375
100	48	3908.5859375
100	50	3908.703125
100	52	3908.43359375
100	54	3908.72265625
100	56	3908.37890625
100	58	3908.54296875
100	60	3908.39453125
100	62	3908.3125
100	64	3908.03125
100	66	3908.16015625
100	68	3908.05078125
100	70	3907.8828125
100	72	3907.91015625
100	74	3907.984375
100	76	3908.1640625
100	78	3907.88671875
100	80	3907.91796875
100	82	3907.71484375
100	84	3907.67578125
100	86	3907.67578125
100	88	3907.5390625
100	90	3907.7890625
100	92	3907.59375
100	94	3907.125
100	96	3907.16796875
100	98	3906.8984375
104	-290	3847.3984375
104	-288	3849.23046875
104	-286	3849.984375
104	-284	3851.26171875
104	-282	3852.2265625
104	-280	3853.359375
104	-278	3854.64453125
104	-276	3855.69140625
104	-274	3857.2109375
104	-272	3858.17578125
104	-270	3859.15625
104	-268	3860.015625
104	-266	3861.1015625
104	-264	3862.08984375
104	-262	3862.98828125
104	-260	3864.25390625
104	-258	3865.06640625
104	-256	3866.28125
104	-254	3866.95703125
104	-252	3867.765625
104	-250	3868.5
104	-248	3869.34375
104	-246	3870.25390625
104	-244	3870.9921875
104	-242	3871.91015625
104	-240	3872.75390625
104	-238	3873.33203125
104	-236	3874.12109375
104	-234	3874.7578125
104	-232	3875.5
104	-230	3876.30078125
104	-228	3877.015625
104	-226	3876.99609375
104	-224	3877.4921875
104	-222	3878.37109375
104	-220	3878.51171875
104	-218	3879.08203125
104	-216	3879.37109375
104	-214	3879.87890625
104	-212	3880.13671875
104	-210	3880.94921875
104	-208	3881.40234375
104	-206	3881.97265625
104	-204	3882.61328125
104	-202	3882.80859375
104	-200	3883.17578125
104	-198	3883.83984375
104	-196	3884.4375
104	-194	3884.921875
104	-192	3885.45703125
104	-190	3885.6328125
104	-188	3886.44921875
104	-186	3886.58984375
104	-184	3886.94140625
104	-182	3887.62109375
104	-180	3887.625
104	-178	3887.92578125
104	-176	3888.328125
104	-174	3888.546875
104	-172	3888.85546875
104	-170	3889.2421875
104	-168	3889.84375
104	-166	3890.0078125
104	-164	3890.15625
104	-162	3890.5234375
104	-160	3890.7421875
104	-158	3891.0625
104	-156	3891.1484375
104	-154	3891.359375
104	-152	3891.82421875
104	-150	3892.04296875
104	-148	3892.06640625
104	-146	3892.55859375
104	-144	3892.78125
104	-142	3892.921875
104	-140	3893.12890625
104	-138	3893.71484375
104	-136	3893.78125
104	-134	3894.0625
104	-132	3894.42578125
104	-130	3894.51953125
104	-128	3894.75
104	-126	3894.83984375
104	-124	3895.015625
104	-122	3895.22265625
104	-120	3895.55078125
104	-118	3895.60546875
104	-116	3895.8671875
104	-114	3895.94921875
104	-112	3896.09765625
104	-110	3896.1015625
104	-108	3896.49609375
104	-106	3896.76953125
104	-104	3896.65625
104	-102	3896.98828125
104	-100	3897.28125
104	-98	3897.54296875
104	-96	3897.69921875
104	-94	3897.59375
104	-92	3898.05859375
104	-90	3898.1953125
104	-88	3898.1640625
104	-86	3898.25390625
104	-84	3898.2734375
104	-82	3898.46484375
104	-80	3898.6953125
104	-78	3898.6796875
104	-76	3898.76171875
104	-74	3898.87890625
104	-72	3898.8671875
104	-70	3899.06640625
104	-68	3898.98828125
104	-66	3899.39453125
104	-64	3899.51953125
104	-62	3899.84765625
104	-60	3899.55078125
104	-58	3899.75
104	-56	3899.75
104	-54	3899.92578125
104	-52	3899.96875
104	-50	3899.890625
104	-48	3900.17578125
104	-46	3900.3671875
104	-44	3900.55859375
104	-42	3900.3671875
104	-40	3900.41015625
104	-38	3900.72265625
104	-36	3900.5234375
104	-34	3900.7109375
104	-32	3900.69921875
104	-30	3900.6328125
104	-28	3900.9609375
104	-26	3900.85546875
104	-24	3901
104	-22	3900.70703125
104	-20	3901.1015625
104	-18	3901.11328125
104	-16	3901.0234375
104	-14	3901.21484375
104	-12	3901.15234375
104	-10	3900.94921875
104	-8	3901.234375
104	-6	3901.265625
104	-4	3901.1484375
104	-2	3901.40625
104	0	3901.24609375
104	2	3901.33203125
104	4	3901.24609375
104	6	3901.29296875
104	8	3901.6015625
104	10	3901.3046875
104	12	3901.50390625
104	14	3901.3125
104	16	3901.26171875
104	18	3901.3671875
104	20	3901.1953125
104	22	3901.4296875
104	24	3901.27734375
104	26	3901.42578125
104	28	3901.51953125
104	30	3901.48046875
104	32	3901.41796875
104	34	3901.27734375
104	36	3901.328125
104	38	3901.421875
104	40	3901.1015625
104	42	3901.3671875
104	44	3901.03125
104	46	3901.30078125
104	48	3901.28125
104	50	3901.46875
104	52	3900.83984375
104	54	3900.99609375
104	56	3901.1953125
104	58	3901.234375
104	60	3901.0625
104	62	3901.07421875
104	64	3901.08984375
104	66	3901.1875
104	68	3901.2109375
104	70	3901.10546875
104	72	3900.8125
104	74	3900.7578125
104	76	3900.90625
104	78	3900.8828125
104	80	3900.859375
104	82	3900.70703125
104	84	3900.8984375
104	86	3900.46484375
104	88	3900.85546875
104	90	3900.44140625
104	92	3900.34375
104	94	3900.51953125
104	96	3900.19921875
104	98	3899.8125
108	-290	3846.5625
108	-288	3847.9921875
108	-286	3849.08203125
108	-284	3850.04296875
108	-282	3850.859375
108	-280	3851.9453125
108	-278	3852.85546875
108	-276	3853.79296875
108	-274	3854.59765625
108	-272	3855.33203125
108	-270	3856.265625
108	-268	3857.28125
108	-266	3857.9609375
108	-264	3858.671875
108	-262	3859.41796875
108	-260	3860.17578125
108	-258	3861.23046875
108	-256	3861.6328125
108	-254	3862.98046875
108	-252	3863.59765625
108	-250	3864.37890625
108	-248	3864.875
108	-246	3865.5
108	-244	3866.16796875
108	-242	3866.91796875
108	-240	3867.41796875
108	-238	3867.93359375
108	-236	3868.453125
108	-234	3869.140625
108	-232	3869.9609375
108	-230	3870.39453125
108	-228	3870.90625
108	-226	3871.1171875
108	-224	3871.7265625
108	-222	3872.30859375
108	-220	3872.69140625
108	-218	3873.6015625
108	-216	3874.01953125
108	-214	3874.0390625
108	-212	3874.421875
108	-210	3874.98828125
108	-208	3875.484375
108	-206	3875.5625
108	-204	3875.95703125
108	-202	3876.78515625
108	-200	3876.90625
108	-198	3877.19921875
108	-196	3877.69921875
108	-194	3878.07421875
108	-192	3878.25
108	-190	3878.83984375
108	-188	3879.21484375
108	-186	3879.51953125
108	-184	3879.8203125
108	-182	3880.15625
108	-180	3880.59765625
108	-178	3880.8125
108	-176	3881.0078125
108	-174	3881.11328125
108	-172	3881.30078125
108	-170	3881.73828125
108	-168	3881.99609375
108	-166	3882.34765625
108	-164	3882.43359375
108	-162	3882.82421875
108	-160	3883.171875
108	-158	3883.33984375
108	-156	3883.5625
108	-154	3883.87109375
108	-152	3884.67578125
108	-150	3884.72265625
108	-148	3884.71484375
108	-146	3884.99609375
108	-144	3885.64453125
108	-142	3885.46875
108	-140	3885.98046875
108	-138	3886.07421875
108	-136	3886.14453125
108	-134	3886.4453125
108	-132	3886.6796875
108	-130	3887.16796875
108	-128	3887.0625
108	-126	3887.359375
108	-124	3887.2265625
108	-122	3887.6484375
108	-120	3887.765625
108	-118	3887.80859375
108	-116	3888.04296875
108	-114	3888.5703125
108	-112	3888.50390625
108	-110	3888.48828125
108	-108	3889.01171875
108	-106	3888.9375
108	-104	3889.13671875
108	-102	3889.07421875
108	-100	3889.31640625
108	-98	3889.796875
108	-96	3889.54296875
108	-94	3889.73828125
108	-92	3889.62890625
108	-90	3890.0234375
108	-88	3890.37109375
108	-86	3890.15234375
108	-84	3890.2734375
108	-82	3890.31640625
108	-80	3890.734375
108	-78	3890.6171875
108	-76	3890.86328125
108	-74	3890.890625
108	-72	3890.95703125
108	-70	3891.2109375
108	-68	3891.1328125
108	-66	3891.30859375
108	-64	3891.21875
108	-62	3891.41015625
108	-60	3891.65234375
108	-58	3892.046875
108	-56	3891.88671875
108	-54	3891.83984375
108	-52	3892.125
108	-50	3892.1640625
108	-48	3891.90234375
108	-46	3892.03125
108	-44	3892.1640625
108	-42	3892.15234375
108	-40	3892.2265625
108	-38	3892.30859375
108	-36	3892.10546875
108	-34	3892.609375
108	-32	3892.48046875
108	-30	3892.32421875
108	-28	3892.48828125
108	-26	3892.7890625
108	-24	3892.5859375
108	-22	3892.5078125
108	-20	3892.61328125
108	-18	3892.6640625
108	-16	3892.66015625
108	-14	3893.03125
108	-12	3892.78125
108	-10	3892.9296875
108	-8	3892.83984375
108	-6	3892.8984375
108	-4	3893.05078125
108	-2	3893.12890625
108	0	3892.90234375
108	2	3893.16796875
108	4	3892.93359375
108	6	3892.77734375
108	8	3892.71484375
108	10	3892.859375
108	12	3892.984375
108	14	3892.796875
108	16	3893.171875
108	18	3892.75
108	20	3892.86328125
108	22	3893.05078125
108	24	3893.0703125
108	26	3893.0234375
108	28	3892.86328125
108	30	3893.12109375
108	32	3893.078125
108	34	3893.15625
108	36	3893.58984375
108	38	3893.09765625
108	40	3893.11328125
108	42	3892.90625
108	44	3893.01953125
108	46	3893.18359375
108	48	3893.33203125
108	50	3893.21875
108	52	3893.32421875
108	54	3892.859375
108	56	3892.83203125
108	58	3892.66015625
108	60	3893.0234375
108	62	3892.8046875
108	64	3892.9140625
108	66	3892.7890625
108	68	3892.80859375
108	70	3892.81640625
108	72	3892.62109375
108	74	3892.6328125
108	76	3892.71484375
108	78	3892.50390625
108	80	3892.515625
108	82	3892.41796875
108	84	3892.5390625
108	86	3892.26953125
108	88	3892.1953125
108	90	3892.04296875
108	92	3892.15625
108	94	3892.30078125
108	96	3891.7109375
108	98	3891.51171875
112	-290	3844.078125
112	-288	3844.375
112	-286	3845.45703125
112	-284	3845.875
112	-282	3846.6953125
112	-280	3847.87109375
112	-278	3848.92578125
112	-276	3849.7421875
112	-274	3850.53515625
112	-272	3851.41796875
112	-270	3851.8515625
112	-268	3852.40625
112	-266	3852.9375
112	-264	3853.8125
112	-262	3854.3984375
112	-260	3855.21875
112	-258	3856.0625
112	-256	3856.78125
112	-254	3857.32421875
112	-252	3857.921875
112	-250	3858.50390625
112	-248	3859.1953125
112	-246	3859.62890625
112	-244	3860.28125
112	-242	3860.77734375
112	-240	3861.29296875
112	-238	3862.1640625
112	-236	3862.29296875
112	-234	3862.8828125
112	-232	3863.4375
112	-230	3863.86328125
112	-228	3864.20703125
112	-226	3864.859375
112	-224	3865.27734375
112	-222	3865.52734375
112	-220	3866.0078125
112	-218	3866.1875
112	-216	3866.5703125
112	-214	3867.2890625
112	-212	3867.25390625
112	-210	3867.59765625
112	-208	3867.96484375
112	-206	3868.61328125
112	-204	3868.7578125
112	-202	3869.31640625
112	-200	3869.76171875
112	-198	3869.8515625
112	-196	3870.28125
112	-194	3870.84375
112	-192	3871.38671875
112	-190	3872.109375
112	-188	3872.01953125
112	-186	3872.484375
112	-184	3872.56640625
112	-182	3872.578125
112	-180	3873.17578125
112	-178	3873.42578125
112	-176	3873.625
112	-174	3874.17578125
112	-172	3874.27734375
112	-170	3874.4921875
112	-168	3874.5625
112	-166	3875.27734375
112	-164	3875.38671875
112	-162	3875.75390625
112	-160	3875.75
112	-158	3876.0859375
112	-156	3876.18359375
112	-154	3876.578125
112	-152	3876.515625
112	-150	3876.9140625
112	-148	3877.16015625
112	-146	3877.37890625
112	-144	3877.51953125
112	-142	3877.4921875
112	-140	3878.0546875
112	-138	3878.1484375
112	-136	3878.21875
112	-134	3878.3125
112	-132	3878.7421875
112	-130	3878.85546875
112	-128	3879.09375
112	-126	3878.9921875
112	-124	3879.33203125
112	-122	3879.87109375
112	-120	3880
112	-118	3879.69921875
112	-116	3879.9296875
112	-114	3880.23046875
112	-112	3880.4453125
112	-110	3880.796875
112	-108	3880.8125
112	-106	3880.83203125
112	-104	3881.1171875
112	-102	3881.08203125
112	-100	3881.52734375
112	-98	3881.72265625
112	-96	3881.79296875
112	-94	3882
112	-92	3881.95703125
112	-90	3882.14453125
112	-88	3882.4375
112	-86	3882.21875
112	-84	3882.42578125
112	-82	3882.40625
112	-80	3882.6015625
112	-78	3882.82421875
112	-76	3882.54296875
112	-74	3883.01171875
112	-72	3883.515625
112	-70	3883.140625
112	-68	3883.04296875
112	-66	3883.48828125
112	-64	3883.5390625
112	-62	3883.71484375
112	-60	3884.01953125
112	-58	3883.84375
112	-56	3883.90234375
112	-54	3884.05859375
112	-52	3884.2421875
112	-50	3884.1875
112	-48	3884.25
112	-46	3884.5390625
112	-44	3884.7109375
112	-42	3884.83984375
112	-40	3885.02734375
112	-38	3884.48046875
112	-36	3884.62109375
112	-34	3884.37109375
112	-32	3884.55078125
112	-30	3885
112	-28	3884.73046875
112	-26	3884.83203125
112	-24	3884.65625
112	-22	3884.88671875
112	-20	3885.109375
112	-18	3884.890625
112	-16	3884.90234375
112	-14	3885.02734375
112	-12	3885.64453125
112	-10	3885.5625
112	-8	3885.3984375
112	-6	3885.3203125
112	-4	3885.3671875
112	-2	3885.40234375
112	0	3885.34765625
112	2	3885.3203125
112	4	3885.0703125
112	6	3885.26953125
112	8	3885.29296875
112	10	3885.12109375
112	12	3885.1953125
112	14	3885.703125
112	16	3885.42578125
112	18	3885.42578125
112	20	3885.4375
112	22	3885.953125
112	24	3885.60546875
112	26	3885.76171875
112	28	3885.85546875
112	30	3885.8359375
112	32	3885.90234375
112	34	3885.546875
112	36	3885.5859375
112	38	3885.609375
112	40	3885.6171875
112	42	3885.61328125
112	44	3885.44921875
112	46	3885.4765625
112	48	3885.5234375
112	50	3885.59375
112	52	3885.48046875
112	54	3885.34765625
112	56	3885.484375
112	58	3885.33203125
112	60	3885.515625
112	62	3885.65625
112	64	3885.5625
112	66	3885.55078125
112	68	3885.31640625
112	70	3885.17578125
112	72	3885.18359375
112	74	3885.12109375
112	76	3885.3515625
112	78	3885.125
112	80	3885.09375
112	82	3885.26171875
112	84	3884.8359375
112	86	3884.90234375
112	88	3884.953125
112	90	3885.11328125
112	92	3884.84375
112	94	3884.9765625
112	96	3884.86328125
112	98	3884.421875
116	-290	3836.15234375
116	-288	3836.7578125
116	-286	3837.78125
116	-284	3838.40625
116	-282	3838.9140625
116	-280	3840.1328125
116	-278	3841.39453125
116	-276	3842.17578125
116	-274	3842.96875
116	-272	3842.9375
116	-270	3843.8828125
116	-268	3844.2890625
116	-266	3845.30859375
116	-264	3846.07421875
116	-262	3846.109375
116	-260	3846.98046875
116	-258	3847.99609375
116	-256	3848.58203125
116	-254	3849.34765625
116	-252	3849.609375
116	-250	3850.640625
116	-248	3850.77734375
116	-246	3851.44921875
116	-244	3851.59375
116	-242	3852.171875
116	-240	3852.8828125
116	-238	3852.87109375
116	-236	3853.24609375
116	-234	3853.7265625
116	-232	3854.3984375
116	-230	3854.75
116	-228	3854.7109375
116	-226	3855.578125
116	-224	3855.8125
116	-222	3856.5390625
116	-220	3856.73828125
116	-218	3857.19140625
116	-216	3857.6484375
116	-214	3857.8203125
116	-212	3858.390625
116	-210	3858.4375
116	-208	3858.703125
116	-206	3859.4609375
116	-204	3859.91015625
116	-202	3860.4296875
116	-200	3860.125
116	-198	3860.6953125
116	-196	3860.9375
116	-194	3861.4609375
116	-192	3861.46875
116	-190	3862.19140625
116	-188	3862.7578125
116	-186	3862.609375
116	-184	3862.5859375
116	-182	3863.22265625
116	-180	3863.80859375
116	-178	3863.8828125
116	-176	3864.23046875
116	-174	3864
116	-172	3864.4140625
116	-170	3864.54296875
116	-168	3865.00390625
116	-166	3864.98828125
116	-164	3865.5625
116	-162	3865.89453125
116	-160	3865.8125
116	-158	3866.38671875
116	-156	3866.796875
116	-154	3866.7578125
116	-152	3867.02734375
116	-150	3867.10546875
116	-148	3867.3046875
116	-146	3867.6171875
116	-144	3867.71484375
116	-142	3867.88671875
116	-140	3868.1875
116	-138	3868.55078125
116	-136	3868.53125
116	-134	3868.9296875
116	-132	3869.16796875
116	-130	3869.13671875
116	-128	3869.390625
116	-126	3869.48828125
116	-124	3869.18359375
116	-122	3869.43359375
116	-120	3869.859375
116	-118	3869.64453125
116	-116	3870.234375
116	-114	3870.39453125
116	-112	3870.2421875
116	-110	3870.36328125
116	-108	3870.47265625
116	-106	3870.76171875
116	-104	3870.84375
116	-102	3870.9921875
116	-100	3871.51953125
116	-98	3871.32421875
116	-96	3871.65625
116	-94	3871.37890625
116	-92	3871.80859375
116	-90	3871.765625
116	-88	3871.8828125
116	-86	3871.94140625
116	-84	3871.796875
116	-82	3872.1640625
116	-80	3872.1328125
116	-78	3872.23828125
116	-76	3872.03125
116	-74	3872.60546875
116	-72	3872.49609375
116	-70	3872.59765625
116	-68	3872.7578125
116	-66	3872.7734375
116	-64	3873.08984375
116	-62	3872.9375
116	-60	3873.05859375
116	-58	3872.99609375
116	-56	3873.546875
116	-54	3873.5
116	-52	3873.55078125
116	-50	3873.15625
116	-48	3873.63671875
116	-46	3873.671875
116	-44	3873.91796875
116	-42	3874.5390625
116	-40	3874.12890625
116	-38	3874.01171875
116	-36	3873.92578125
116	-34	3874.01171875
116	-32	3873.78125
116	-30	3874.03125
116	-28	3874.08984375
116	-26	3874.42578125
116	-24	3874.0390625
116	-22	3874.20703125
116	-20	3874.1015625
116	-18	3874.25
116	-16	3874.0390625
116	-14	3874.328125
116	-12	3874.28515625
116	-10	3874.31640625
116	-8	3874.53515625
116	-6	3874.296875
116	-4	3874.265625
116	-2	3874.50390625
116	0	3874.671875
116	2	3874.62890625
116	4	3874.4453125
116	6	3874.3671875
116	8	3874.515625
116	10	3874.67578125
116	12	3874.76171875
116	14	3874.5
116	16	3874.671875
116	18	3874.88671875
116	20	3875.015625
116	22	3874.6875
116	24	3874.828125
116	26	3874.6484375
116	28	3874.59765625
116	30	3874.67578125
116	32	3874.4921875
116	34	3874.9453125
116	36	3874.9296875
116	38	3874.25390625
116	40	3874.62890625
116	42	3874.46484375
116	44	3874.5546875
116	46	3874.46875
116	48	3874.41015625
116	50	3874.703125
116	52	3874.51953125
116	54	3873.9296875
116	56	3874.56640625
116	58	3874.328125
116	60	3874.22265625
116	62	3874.23046875
116	64	3874.125
116	66	3874.45703125
116	68	3873.9375
116	70	3874.2578125
116	72	3874.26953125
116	74	3874.109375
116	76	3874.25390625
116	78	3874.015625
116	80	3874.42578125
116	82	3873.87109375
116	84	3874.00390625
116	86	3873.78515625
116	88	3873.7109375
116	90	3873.65625
116	92	3873.46875
116	94	3873.5546875
116	96	3873.2421875
116	98	3872.90234375
120	-290	3830.90234375
120	-288	3831.421875
120	-286	3831.87109375
120	-284	3832.92578125
120	-282	3833.421875
120	-280	3833.85546875
120	-278	3834.48046875
120	-276	3834.8671875
120	-274	3835.46875
120	-272	3835.546875
120	-270	3836.11328125
120	-268	3836.55078125
120	-266	3836.5703125
120	-264	3837.44140625
120	-262	3837.76953125
120	-260	3838.5703125
120	-258	3838.359375
120	-256	3838.80859375
120	-254	3839.390625
120	-252	3840.43359375
120	-250	3840.7421875
120	-248	3841.53515625
120	-246	3841.52734375
120	-244	3841.78515625
120	-242	3842.5625
120	-240	3842.84765625
120	-238	3843.03515625
120	-236	3843.96484375
120	-234	3844.30078125
120	-232	3844.5078125
120	-230	3844.2109375
120	-228	3845.19921875
120	-226	3845.19140625
120	-224	3845.3828125
120	-222	3845.99609375
120	-220	3847.05859375
120	-218	3847.12109375
120	-216	3846.85546875
120	-214	3847.07421875
120	-212	3847.73828125
120	-210	3847.71875
120	-208	3848.1171875
120	-206	3848.61328125
120	-204	3848.98046875
120	-202	3848.87109375
120	-200	3849.3671875
120	-198	3849.83984375
120	-196	3849.84375
120	-194	3850.34375
120	-192	3850.98046875
120	-190	3851.05859375
120	-188	3851.359375
120	-186	3851.8984375
120	-184	3852.046875
120	-182	3852.22265625
120	-180	3852.87890625
120	-178	3852.671875
120	-176	3852.3671875
120	-174	3852.5859375
120	-172	3852.8828125
120	-170	3853.6171875
120	-168	3853.5390625
120	-166	3853.58984375
120	-164	3853.7578125
120	-162	3854.390625
120	-160	3854.16015625
120	-158	3854.296875
120	-156	3854.67578125
120	-154	3854.47265625
120	-152	3855.015625
120	-150	3855.0234375
120	-148	3855.63671875
120	-146	3855.44921875
120	-144	3855.5625
120	-142	3855.671875
120	-140	3855.88671875
120	-138	3856.25
120	-136	3856.16796875
120	-134	3856.58203125
120	-132	3856.85546875
120	-130	3856.9140625
120	-128	3857.36328125
120	-126	3857.32421875
120	-124	3857.46875
120	-122	3857.37890625
120	-120	3857.7109375
120	-118	3857.6484375
120	-116	3858.06640625
120	-114	3858.1953125
120	-112	3857.92578125
120	-110	3858.078125
120	-108	3858.3125
120	-106	3858.27734375
120	-104	3858.7109375
120	-102	3858.91796875
120	-100	3859.13671875
120	-98	3858.92578125
120	-96	3859.421875
120	-94	3859.28515625
120	-92	3859.703125
120	-90	3859.84375
120	-88	3859.55859375
120	-86	3859.8671875
120	-84	3859.96875
120	-82	3860.1171875
120	-80	3860.44921875
120	-78	3860.640625
120	-76	3860.234375
120	-74	3860.65234375
120	-72	3860.70703125
120	-70	3860.5078125
120	-68	3860.40625
120	-66	3860.94921875
120	-64	3860.81640625
120	-62	3860.70703125
120	-60	3861
120	-58	3861.0703125
120	-56	3861.33203125
120	-54	3860.63671875
120	-52	3861.359375
120	-50	3860.98046875
120	-48	3861.359375
120	-46	3861.5078125
120	-44	3861.34375
120	-42	3861.75
120	-40	3861.640625
120	-38	3861.4765625
120	-36	3862.06640625
120	-34	3862.10546875
120	-32	3861.71875
120	-30	3862.328125
120	-28	3862.14453125
120	-26	3862.13671875
120	-24	3862.125
120	-22	3862.375
120	-20	3861.4921875
120	-18	3861.9921875
120	-16	3862.1171875
120	-14	3862.2890625
120	-12	3862.265625
120	-10	3862.07421875
120	-8	3862.515625
120	-6	3862.1171875
120	-4	3862.1328125
120	-2	3862.109375
120	0	3861.84375
120	2	3861.8828125
120	4	3861.7265625
120	6	3861.80859375
120	8	3861.98046875
120	10	3862.4296875
120	12	3862.15625
120	14	3861.97265625
120	16	3861.78515625
120	18	3862.11328125
120	20	3861.96875
120	22	3861.93359375
120	24	3861.859375
120	26	3862.16015625
120	28	3862.09765625
120	30	3861.4921875
120	32	3861.78515625
120	34	3862.0078125
120	36	3861.30859375
120	38	3861.88671875
120	40	3861.4140625
120	42	3861.48828125
120	44	3861.52734375
120	46	3861.55859375
120	48	3861.1640625
120	50	3861.41015625
120	52	3861.1484375
120	54	3861.28125
120	56	3861.49609375
120	58	3861.2265625
120	60	3861.15234375
120	62	3861.3203125
120	64	3861.1171875
120	66	3860.93359375
120	68	3861.37109375
120	70	3861.01171875
120	72	3861.17578125
120	74	3861.14453125
120	76	3861.08984375
120	78	3860.921875
120	80	3861.25390625
120	82	3860.921875
120	84	3860.81640625
120	86	3860.88671875
120	88	3860.8515625
120	90	3861.1171875
120	92	3860.9375
120	94	3860.734375
120	96	3860.6328125
120	98	3860.3984375
