64	-290	3528.5
64	-288	3532.25
64	-286	3538
64	-284	3541.625
64	-282	3543.125
64	-280	3546.375
64	-278	3548.875
64	-276	3550.25
64	-274	3555.875
64	-272	3559.875
64	-270	3562.75
64	-268	3565.5
64	-266	3566.125
64	-264	3568.625
64	-262	3571.75
64	-260	3575.625
64	-258	3577.875
64	-256	3581.375
64	-254	3583
64	-252	3588.375
64	-250	3589.625
64	-248	3594.25
64	-246	3594.75
64	-244	3595.875
64	-242	3599.25
64	-240	3599.875
64	-238	3602.375
64	-236	3603.125
64	-234	3607.25
64	-232	3610.875
64	-230	3615.625
64	-228	3617.5
64	-226	3617.75
64	-224	3619
64	-222	3626.125
64	-220	3626.75
64	-218	3631.125
64	-216	3631.625
64	-214	3633.5
64	-212	3635.5
64	-210	3635.625
64	-208	3639.375
64	-206	3639.5
64	-204	3642.25
64	-202	3641.625
64	-200	3645.25
64	-198	3646.625
64	-196	3648.25
64	-194	3648.625
64	-192	3648.625
64	-190	3649
64	-188	3651.75
64	-186	3652.125
64	-184	3654.75
64	-182	3657
64	-180	3659.125
64	-178	3659.25
64	-176	3661.5
64	-174	3662.625
64	-172	3663
64	-170	3663.75
64	-168	3663.125
64	-166	3664.375
64	-164	3665.125
64	-162	3667
64	-160	3666.875
64	-158	3667.625
64	-156	3669.5
64	-154	3668.625
64	-152	3670.25
64	-150	3671
64	-148	3670.75
64	-146	3671.125
64	-144	3673.5
64	-142	3673.125
64	-140	3673.75
64	-138	3675.25
64	-136	3675.125
64	-134	3675
64	-132	3675.625
64	-130	3676.25
64	-128	3677.5
64	-126	3678.125
64	-124	3679
64	-122	3678.5
64	-120	3678.625
64	-118	3679.625
64	-116	3680.125
64	-114	3680.25
64	-112	3681
64	-110	3682.625
64	-108	3682.625
64	-106	3682.75
64	-104	3683.5
64	-102	3683.5
64	-100	3683.5
64	-98	3683.875
64	-96	3683.5
64	-94	3684.25
64	-92	3684
64	-90	3684.375
64	-88	3684.5
64	-86	3685.375
64	-84	3685
64	-82	3685.625
64	-80	3686.125
64	-78	3685.625
64	-76	3685.625
64	-74	3686.125
64	-72	3686.875
64	-70	3686.25
64	-68	3686.5
64	-66	3686.625
64	-64	3687.875
64	-62	3687.75
64	-60	3688.125
64	-58	3687.875
64	-56	3688.5
64	-54	3689
64	-52	3689.125
64	-50	3689.75
64	-48	3690.25
64	-46	3690.625
64	-44	3690.5
64	-42	3689.75
64	-40	3690.625
64	-38	3691
64	-36	3691.5
64	-34	3691.5
64	-32	3691.375
64	-30	3692
64	-28	3692.875
64	-26	3692.625
64	-24	3692.75
64	-22	3693.125
64	-20	3692.625
64	-18	3692.5
64	-16	3693.125
64	-14	3693
64	-12	3692.625
64	-10	3693.125
64	-8	3693.125
64	-6	3693.625
64	-4	3692.875
64	-2	3693.5
64	0	3692.625
64	2	3692.875
64	4	3693.75
64	6	3693.5
64	8	3693.25
64	10	3692.25
64	12	3693
64	14	3693
64	16	3692.625
64	18	3693.875
64	20	3694.625
64	22	3694
64	24	3692.875
64	26	3694.125
64	28	3694.375
64	30	3693.875
64	32	3693.625
64	34	3694
64	36	3694.25
64	38	3694
64	40	3694.125
64	42	3694.25
64	44	3694.125
64	46	3693.25
64	48	3693.625
64	50	3693.125
64	52	3693.125
64	54	3693
64	56	3692.25
64	58	3692.875
64	60	3693.375
64	62	3693.625
64	64	3693
64	66	3692.25
64	68	3693.625
64	70	3692.25
64	72	3692.875
64	74	3692.5
64	76	3692.75
64	78	3692.625
64	80	3693.5
64	82	3693.125
64	84	3692.375
64	86	3692.375
64	88	3692.125
64	90	3692
64	92	3691.625
64	94	3691
64	96	3691.375
64	98	3690.25
68	-290	3531.875
68	-288	3534.25
68	-286	3538.625
68	-284	3541.375
68	-282	3542.625
68	-280	3546
68	-278	3549.25
68	-276	3553.25
68	-274	3555.625
68	-272	3557
68	-270	3561.5
68	-268	3561.875
68	-266	3563.75
68	-264	3568.375
68	-262	3569
68	-260	3572.5
68	-258	3580
68	-256	3580.75
68	-254	3583.625
68	-252	3585.125
68	-250	3586.75
68	-248	3589.5
68	-246	3592.25
68	-244	3597.25
68	-242	3601.5
68	-240	3602.5
68	-238	3604.125
68	-236	3608
68	-234	3609.25
68	-232	3612.375
68	-230	3614.5
68	-228	3619.375
68	-226	3619.625
68	-224	3624.125
68	-222	3626.625
68	-220	3627.125
68	-218	3630.125
68	-216	3631
68	-214	3631.375
68	-212	3635.125
68	-210	3636.5
68	-208	3639
68	-206	3639.375
68	-204	3641.625
68	-202	3641.375
68	-200	3642.875
68	-198	3642.625
68	-196	3645.125
68	-194	3646.125
68	-192	3646
68	-190	3650
68	-188	3651.5
68	-186	3652.625
68	-184	3655.375
68	-182	3655.875
68	-180	3656.125
68	-178	3656.125
68	-176	3658.25
68	-174	3658.75
68	-172	3661
68	-170	3661.875
68	-168	3662
68	-166	3662.5
68	-164	3663.625
68	-162	3661.75
68	-160	3664.375
68	-158	3665.875
68	-156	3668.875
68	-154	3669.5
68	-152	3670
68	-150	3670.5
68	-148	3671
68	-146	3671
68	-144	3671.875
68	-142	3673.5
68	-140	3673.125
68	-138	3673.875
68	-136	3675
68	-134	3674.375
68	-132	3675.375
68	-130	3675.625
68	-128	3676.375
68	-126	3676.125
68	-124	3677.5
68	-122	3676.625
68	-120	3678.875
68	-118	3678.5
68	-116	3679.25
68	-114	3679.625
68	-112	3681.5
68	-110	3681.75
68	-108	3681.375
68	-106	3681.75
68	-104	3682.375
68	-102	3682.25
68	-100	3683.375
68	-98	3684
68	-96	3683.875
68	-94	3684
68	-92	3683.625
68	-90	3683.875
68	-88	3684.375
68	-86	3684.625
68	-84	3684.75
68	-82	3684.875
68	-80	3685.875
68	-78	3686.75
68	-76	3686.5
68	-74	3687.125
68	-72	3687
68	-70	3687.125
68	-68	3687.125
68	-66	3687.625
68	-64	3688.125
68	-62	3687.875
68	-60	3689.25
68	-58	3688.375
68	-56	3689.375
68	-54	3688.75
68	-52	3689.5
68	-50	3689.5
68	-48	3690.375
68	-46	3690.625
68	-44	3690.375
68	-42	3690.625
68	-40	3690
68	-38	3691
68	-36	3690.5
68	-34	3690
68	-32	3690.875
68	-30	3690.625
68	-28	3691.125
68	-26	3691.125
68	-24	3690.75
68	-22	3690.125
68	-20	3690.5
68	-18	3691.25
68	-16	3692
68	-14	3692
68	-12	3691
68	-10	3691.625
68	-8	3692
68	-6	3691.625
68	-4	3691.625
68	-2	3692.25
68	0	3692
68	2	3692.125
68	4	3692.125
68	6	3692.5
68	8	3692.75
68	10	3692.5
68	12	3691.875
68	14	3691.625
68	16	3691
68	18	3692.75
68	20	3693.25
68	22	3692
68	24	3692.125
68	26	3691.5
68	28	3692.625
68	30	3692.375
68	32	3691.875
68	34	3691.875
68	36	3691.75
68	38	3691.5
68	40	3693.125
68	42	3692.625
68	44	3692.75
68	46	3692.25
68	48	3692.25
68	50	3693
68	52	3691.5
68	54	3690.875
68	56	3692.375
68	58	3692.125
68	60	3692
68	62	3692
68	64	3691.625
68	66	3692
68	68	3691.875
68	70	3691.25
68	72	3691.875
68	74	3690.875
68	76	3692.625
68	78	3692
68	80	3691.875
68	82	3691.875
68	84	3692
68	86	3691.375
68	88	3691.625
68	90	3691.875
68	92	3691.5
68	94	3691.25
68	96	3692
68	98	3690.875
72	-290	3538.75
72	-288	3541.875
72	-286	3543.375
72	-284	3545
72	-282	3547.125
72	-280	3551.5
72	-278	3553.375
72	-276	3554.125
72	-274	3555.375
72	-272	3555.375
72	-270	3560.25
72	-268	3562.25
72	-266	3567.625
72	-264	3569.375
72	-262	3574.25
72	-260	3576.625
72	-258	3580.125
72	-256	3579.375
72	-254	3583.25
72	-252	3586.25
72	-250	3588.25
72	-248	3590.875
72	-246	3593.375
72	-244	3595.875
72	-242	3597
72	-240	3601
72	-238	3604.125
72	-236	3609.125
72	-234	3611.75
72	-232	3614.375
72	-230	3616.125
72	-228	3618
72	-226	3621.625
72	-224	3623.875
72	-222	3624
72	-220	3628.875
72	-218	3630.875
72	-216	3632.25
72	-214	3633.125
72	-212	3633.625
72	-210	3638
72	-208	3639.625
72	-206	3639.75
72	-204	3644.5
72	-202	3646.125
72	-200	3646
72	-198	3646.5
72	-196	3647.375
72	-194	3647.375
72	-192	3649.25
72	-190	3651.375
72	-188	3652.25
72	-186	3652.875
72	-184	3653.625
72	-182	3654.5
72	-180	3654.75
72	-178	3656.75
72	-176	3659.5
72	-174	3659.75
72	-172	3660.375
72	-170	3661.625
72	-168	3661.625
72	-166	3661.75
72	-164	3662.75
72	-162	3663.25
72	-160	3663.5
72	-158	3663.875
72	-156	3665.875
72	-154	3666.25
72	-152	3666.5
72	-150	3667.125
72	-148	3668.125
72	-146	3668.625
72	-144	3667.75
72	-142	3669
72	-140	3670.625
72	-138	3671.375
72	-136	3672.125
72	-134	3672.875
72	-132	3672.75
72	-130	3674
72	-128	3674.25
72	-126	3675.125
72	-124	3675.25
72	-122	3675.25
72	-120	3676.875
72	-118	3677
72	-116	3677.25
72	-114	3678.125
72	-112	3677.75
72	-110	3678
72	-108	3678.75
72	-106	3678.875
72	-104	3680.125
72	-102	3680.75
72	-100	3680.125
72	-98	3680.5
72	-96	3680.5
72	-94	3681.375
72	-92	3681
72	-90	3681.875
72	-88	3681.875
72	-86	3683.375
72	-84	3684.25
72	-82	3683.875
72	-80	3684.125
72	-78	3683
72	-76	3683.875
72	-74	3684.125
72	-72	3685.5
72	-70	3685.375
72	-68	3685.125
72	-66	3685.375
72	-64	3686.125
72	-62	3686
72	-60	3686.75
72	-58	3687.75
72	-56	3688
72	-54	3687.75
72	-52	3687.375
72	-50	3687.75
72	-48	3687.75
72	-46	3687.75
72	-44	3688.5
72	-42	3687.75
72	-40	3688.625
72	-38	3689
72	-36	3688.125
72	-34	3688.375
72	-32	3688.25
72	-30	3688.75
72	-28	3688.5
72	-26	3688.25
72	-24	3689
72	-22	3689.875
72	-20	3688.875
72	-18	3689
72	-16	3689.25
72	-14	3689.375
72	-12	3689.75
72	-10	3689.125
72	-8	3689.375
72	-6	3688.125
72	-4	3689
72	-2	3689.25
72	0	3690.125
72	2	3689.5
72	4	3690.625
72	6	3690.5
72	8	3690.625
72	10	3690.625
72	12	3691
72	14	3689.625
72	16	3689.125
72	18	3690.375
72	20	3689.375
72	22	3689.375
72	24	3689.75
72	26	3690.125
72	28	3689.75
72	30	3689.375
72	32	3689.375
72	34	3689.625
72	36	3690.125
72	38	3690.75
72	40	3690.5
72	42	3689.375
72	44	3689.125
72	46	3689.625
72	48	3690
72	50	3690.25
72	52	3690.375
72	54	3690
72	56	3689.5
72	58	3690.625
72	60	3690.625
72	62	3689.375
72	64	3689.375
72	66	3689.5
72	68	3689.25
72	70	3688.5
72	72	3689.75
72	74	3689
72	76	3690.125
72	78	3689.875
72	80	3690.125
72	82	3689.5
72	84	3688.625
72	86	3688.5
72	88	3688.375
72	90	3688
72	92	3688.875
72	94	3687.75
72	96	3688.375
72	98	3688
76	-290	3538.625
76	-288	3540.25
76	-286	3543.625
76	-284	3545.875
76	-282	3549.375
76	-280	3552.125
76	-278	3553.375
76	-276	3556
76	-274	3557.875
76	-272	3558.75
76	-270	3560
76	-268	3565.625
76	-266	3573.125
76	-264	3573.375
76	-262	3579.625
76	-260	3581
76	-258	3581.375
76	-256	3585
76	-254	3586.625
76	-252	3591.5
76	-250	3593.75
76	-248	3592.875
76	-246	3595.25
76	-244	3596.5
76	-242	3599
76	-240	3601.625
76	-238	3607.375
76	-236	3615.625
76	-234	3615.375
76	-232	3616
76	-230	3617.5
76	-228	3618.375
76	-226	3620.375
76	-224	3623.375
76	-222	3622.5
76	-220	3626.125
76	-218	3629.375
76	-216	3630.125
76	-214	3629.75
76	-212	3632.75
76	-210	3636.25
76	-208	3637.25
76	-206	3639.375
76	-204	3641.375
76	-202	3643.25
76	-200	3643.5
76	-198	3645
76	-196	3645.75
76	-194	3648.875
76	-192	3649.5
76	-190	3651.125
76	-188	3650.625
76	-186	3651.875
76	-184	3654.125
76	-182	3655.5
76	-180	3655.875
76	-178	3657
76	-176	3657.625
76	-174	3658.375
76	-172	3659.375
76	-170	3660.125
76	-168	3660.625
76	-166	3661.5
76	-164	3661.125
76	-162	3661.5
76	-160	3662.125
76	-158	3662.75
76	-156	3663.875
76	-154	3663.625
76	-152	3665.5
76	-150	3665.625
76	-148	3667.625
76	-146	3667.375
76	-144	3668.5
76	-142	3668.125
76	-140	3669.75
76	-138	3669.75
76	-136	3671.5
76	-134	3671.625
76	-132	3672.625
76	-130	3672.125
76	-128	3672.5
76	-126	3672.25
76	-124	3673
76	-122	3673.75
76	-120	3673.25
76	-118	3675.125
76	-116	3674
76	-114	3674.25
76	-112	3675.375
76	-110	3675.5
76	-108	3676.375
76	-106	3675.875
76	-104	3676.5
76	-102	3676.375
76	-100	3676.75
76	-98	3677.375
76	-96	3677.875
76	-94	3678.125
76	-92	3678.625
76	-90	3678.375
76	-88	3679
76	-86	3679
76	-84	3680
76	-82	3679.875
76	-80	3681.125
76	-78	3681
76	-76	3680.625
76	-74	3681.375
76	-72	3681.125
76	-70	3682
76	-68	3682.375
76	-66	3682.25
76	-64	3683
76	-62	3682.875
76	-60	3684
76	-58	3684
76	-56	3684.5
76	-54	3683.625
76	-52	3685.125
76	-50	3685.25
76	-48	3683.875
76	-46	3685.75
76	-44	3684.625
76	-42	3685.125
76	-40	3685.5
76	-38	3684.875
76	-36	3685.375
76	-34	3685.75
76	-32	3686.125
76	-30	3685.5
76	-28	3685.875
76	-26	3685.625
76	-24	3685.5
76	-22	3686.125
76	-20	3685.25
76	-18	3684.625
76	-16	3686.5
76	-14	3686.125
76	-12	3687.375
76	-10	3685.625
76	-8	3685.625
76	-6	3685.875
76	-4	3685.75
76	-2	3685.625
76	0	3686.5
76	2	3686.75
76	4	3686.625
76	6	3686.75
76	8	3686.125
76	10	3686.875
76	12	3686.625
76	14	3686
76	16	3687.5
76	18	3686.375
76	20	3686.25
76	22	3686.875
76	24	3686.625
76	26	3687.25
76	28	3686.375
76	30	3688.125
76	32	3687.5
76	34	3686.25
76	36	3687.875
76	38	3687.875
76	40	3687.75
76	42	3687.25
76	44	3687.625
76	46	3686.5
76	48	3686.625
76	50	3686.5
76	52	3686.125
76	54	3686.5
76	56	3686.375
76	58	3686.125
76	60	3686.875
76	62	3685.75
76	64	3687.25
76	66	3685.25
76	68	3686.625
76	70	3686.125
76	72	3687
76	74	3685.625
76	76	3686.25
76	78	3686.5
76	80	3685.875
76	82	3686.5
76	84	3685.625
76	86	3686.5
76	88	3686.125
76	90	3685.625
76	92	3685.375
76	94	3685.375
76	96	3685
76	98	3684.875
80	-290	3529.875
80	-288	3536.75
80	-286	3539.875
80	-284	3544.375
80	-282	3548.625
80	-280	3549.75
80	-278	3555.25
80	-276	3559.25
80	-274	3561.75
80	-272	3561.375
80	-270	3564.125
80	-268	3568.875
80	-266	3569.25
80	-264	3574.75
80	-262	3578.625
80	-260	3579.625
80	-258	3582.125
80	-256	3585.875
80	-254	3587
80	-252	3589
80	-250	3590.75
80	-248	3593.875
80	-246	3599.25
80	-244	3604.125
80	-242	3606.375
80	-240	3606.5
80	-238	3608.875
80	-236	3610.875
80	-234	3612
80	-232	3613.125
80	-230	3614.875
80	-228	3617.5
80	-226	3621.625
80	-224	3622.625
80	-222	3624.5
80	-220	3626.875
80	-218	3627.125
80	-216	3627.75
80	-214	3629.75
80	-212	3632.625
80	-210	3632.125
80	-208	3636.625
80	-206	3637.875
80	-204	3637.75
80	-202	3640.75
80	-200	3641.625
80	-198	3642.625
80	-196	3642.875
80	-194	3643.875
80	-192	3644.625
80	-190	3647.125
80	-188	3647.625
80	-186	3651.125
80	-184	3652.375
80	-182	3652
80	-180	3651.5
80	-178	3652.875
80	-176	3655
80	-174	3655.375
80	-172	3656.25
80	-170	3656.5
80	-168	3658
80	-166	3658.875
80	-164	3659.125
80	-162	3659.25
80	-160	3661.625
80	-158	3661.875
80	-156	3662.625
80	-154	3663.375
80	-152	3663.125
80	-150	3663.375
80	-148	3665
80	-146	3665.125
80	-144	3664
80	-142	3665.375
80	-140	3666.125
80	-138	3666.875
80	-136	3666.625
80	-134	3665.875
80	-132	3667.375
80	-130	3667.875
80	-128	3667.625
80	-126	3669.25
80	-124	3668.5
80	-122	3670.75
80	-120	3670.75
80	-118	3671.125
80	-116	3671.125
80	-114	3672.625
80	-112	3672.75
80	-110	3672.875
80	-108	3672.625
80	-106	3673.25
80	-104	3672.75
80	-102	3673.5
80	-100	3674.625
80	-98	3674.625
80	-96	3676
80	-94	3676.5
80	-92	3675.375
80	-90	3678.25
80	-88	3676.375
80	-86	3676.125
80	-84	3677.375
80	-82	3678.375
80	-80	3678.375
80	-78	3678
80	-76	3678.75
80	-74	3679.375
80	-72	3679.5
80	-70	3679.375
80	-68	3679.5
80	-66	3679
80	-64	3678.125
80	-62	3678.75
80	-60	3680
80	-58	3680.375
80	-56	3680.75
80	-54	3680.625
80	-52	3681.125
80	-50	3682.25
80	-48	3681.25
80	-46	3681.875
80	-44	3682.625
80	-42	3682.625
80	-40	3683.125
80	-38	3682.25
80	-36	3682.875
80	-34	3683.375
80	-32	3683.25
80	-30	3683.25
80	-28	3683.875
80	-26	3683.5
80	-24	3683.625
80	-22	3683.25
80	-20	3683.625
80	-18	3682.625
80	-16	3683.125
80	-14	3683.75
80	-12	3684.5
80	-10	3683.875
80	-8	3684.125
80	-6	3683.875
80	-4	3683.875
80	-2	3684.625
80	0	3684
80	2	3683.625
80	4	3684.5
80	6	3682.75
80	8	3683
80	10	3683.625
80	12	3683.625
80	14	3684
80	16	3682.875
80	18	3682.75
80	20	3682.375
80	22	3682
80	24	3682
80	26	3683
80	28	3682.625
80	30	3682.75
80	32	3682.5
80	34	3683.125
80	36	3682.75
80	38	3681.75
80	40	3683.5
80	42	3683.125
80	44	3683.375
80	46	3683.375
80	48	3682.375
80	50	3684
80	52	3683
80	54	3682.75
80	56	3682.375
80	58	3682.375
80	60	3683.5
80	62	3684.25
80	64	3682
80	66	3682.125
80	68	3682.25
80	70	3682
80	72	3682.5
80	74	3682.125
80	76	3682.125
80	78	3682.875
80	80	3681.875
80	82	3682.125
80	84	3681.25
80	86	3682.75
80	88	3682.125
80	90	3681.125
80	92	3681.125
80	94	3681.75
80	96	3681.25
80	98	3681.25
84	-290	3543.25
84	-288	3549.125
84	-286	3550.75
84	-284	3552.375
84	-282	3555.625
84	-280	3559.125
84	-278	3563.125
84	-276	3564.25
84	-274	3567.625
84	-272	3567.5
84	-270	3569.625
84	-268	3570.375
84	-266	3572.875
84	-264	3576.125
84	-262	3583
84	-260	3583.125
84	-258	3586.375
84	-256	3588.25
84	-254	3589.125
84	-252	3592.875
84	-250	3598.5
84	-248	3601.625
84	-246	3601.875
84	-244	3604.5
84	-242	3606.25
84	-240	3608.25
84	-238	3612
84	-236	3612.75
84	-234	3614.875
84	-232	3615.125
84	-230	3617.5
84	-228	3620.75
84	-226	3622.25
84	-224	3626
84	-222	3626.75
84	-220	3627.875
84	-218	3627.875
84	-216	3630
84	-214	3631.5
84	-212	3632.875
84	-210	3633.125
84	-208	3633.5
84	-206	3635.375
84	-204	3639
84	-202	3640.25
84	-200	3641.25
84	-198	3641.375
84	-196	3643.25
84	-194	3643.375
84	-192	3645.125
84	-190	3645.625
84	-188	3646.125
84	-186	3647
84	-184	3646.75
84	-182	3647.125
84	-180	3649.875
84	-178	3651.25
84	-176	3649.5
84	-174	3652.875
84	-172	3652.875
84	-170	3653.5
84	-168	3653.625
84	-166	3654.125
84	-164	3655.125
84	-162	3656.875
84	-160	3657.25
84	-158	3656.875
84	-156	3658.375
84	-154	3658.25
84	-152	3659.75
84	-150	3659.875
84	-148	3660.625
84	-146	3661.25
84	-144	3661.5
84	-142	3662.25
84	-140	3664.125
84	-138	3663.125
84	-136	3662.875
84	-134	3664.125
84	-132	3666.75
84	-130	3665.25
84	-128	3666.25
84	-126	3668.75
84	-124	3667.5
84	-122	3668.125
84	-120	3668.875
84	-118	3668
84	-116	3667.625
84	-114	3668.875
84	-112	3668.375
84	-110	3668.75
84	-108	3669.75
84	-106	3669.125
84	-104	3672
84	-102	3671.875
84	-100	3672.375
84	-98	3672
84	-96	3673.5
84	-94	3673.5
84	-92	3673.25
84	-90	3674.375
84	-88	3673.25
84	-86	3674.125
84	-84	3674.125
84	-82	3673.625
84	-80	3673.75
84	-78	3674.625
84	-76	3675.25
84	-74	3675.125
84	-72	3675.125
84	-70	3674.875
84	-68	3675.375
84	-66	3675.125
84	-64	3675
84	-62	3675.625
84	-60	3676.375
84	-58	3676.625
84	-56	3677.625
84	-54	3677
84	-52	3677
84	-50	3677.75
84	-48	3677.125
84	-46	3678.625
84	-44	3678.375
84	-42	3679.25
84	-40	3679.125
84	-38	3679.25
84	-36	3679.125
84	-34	3679
84	-32	3680.5
84	-30	3679.5
84	-28	3679.75
84	-26	3679.875
84	-24	3679.25
84	-22	3680.25
84	-20	3679.875
84	-18	3680
84	-16	3679.5
84	-14	3680.625
84	-12	3679.625
84	-10	3680.125
84	-8	3681.875
84	-6	3681.25
84	-4	3680.625
84	-2	3680.875
84	0	3680.125
84	2	3680.5
84	4	3681.875
84	6	3680.875
84	8	3681.125
84	10	3681.375
84	12	3681.625
84	14	3681.125
84	16	3680.75
84	18	3680.5
84	20	3680.125
84	22	3679.125
84	24	3679.125
84	26	3678.625
84	28	3678.75
84	30	3679.125
84	32	3678.375
84	34	3679.625
84	36	3679
84	38	3679.75
84	40	3680.125
84	42	3681
84	44	3680.25
84	46	3680.125
84	48	3679
84	50	3680
84	52	3679.875
84	54	3679.25
84	56	3680.125
84	58	3679.75
84	60	3679.75
84	62	3679.75
84	64	3679.875
84	66	3679.625
84	68	3679.875
84	70	3679.75
84	72	3678.625
84	74	3679.5
84	76	3679.875
84	78	3679
84	80	3679.875
84	82	3679.125
84	84	3678.375
84	86	3678.75
84	88	3679.25
84	90	3678
84	92	3679
84	94	3678.375
84	96	3678.75
84	98	3678.125
88	-290	3550.75
88	-288	3549.5
88	-286	3556.625
88	-284	3557.25
88	-282	3558.75
88	-280	3559.5
88	-278	3561.5
88	-276	3564.75
88	-274	3569.25
88	-272	3571.5
88	-270	3574
88	-268	3575.25
88	-266	3577.875
88	-264	3583.625
88	-262	3588.5
88	-260	3589.75
88	-258	3591.625
88	-256	3591.75
88	-254	3594.625
88	-252	3595.375
88	-250	3597.625
88	-248	3599.625
88	-246	3601.125
88	-244	3602.25
88	-242	3606
88	-240	3607.25
88	-238	3612.25
88	-236	3612.5
88	-234	3613.25
88	-232	3615.375
88	-230	3615.875
88	-228	3617.25
88	-226	3618
88	-224	3618.125
88	-222	3618.875
88	-220	3623.75
88	-218	3623.875
88	-216	3628
88	-214	3628
88	-212	3629
88	-210	3629.375
88	-208	3631.25
88	-206	3632.25
88	-204	3632.75
88	-202	3635
88	-200	3636.5
88	-198	3638.25
88	-196	3638.625
88	-194	3639.875
88	-192	3640.875
88	-190	3642.125
88	-188	3643.25
88	-186	3643.375
88	-184	3644.875
88	-182	3645.625
88	-180	3646.25
88	-178	3646.625
88	-176	3648.625
88	-174	3649.5
88	-172	3649.375
88	-170	3650.375
88	-168	3651.5
88	-166	3651.75
88	-164	3652.125
88	-162	3652.125
88	-160	3652.125
88	-158	3653.125
88	-156	3655.5
88	-154	3655.25
88	-152	3656.25
88	-150	3655.875
88	-148	3656.375
88	-146	3656.375
88	-144	3657.125
88	-142	3658
88	-140	3658.125
88	-138	3657.5
88	-136	3659.5
88	-134	3660.125
88	-132	3661.5
88	-130	3662.125
88	-128	3661.375
88	-126	3663
88	-124	3664.125
88	-122	3663.25
88	-120	3663.625
88	-118	3663.75
88	-116	3662.25
88	-114	3663.625
88	-112	3664.75
88	-110	3665
88	-108	3665.875
88	-106	3664.25
88	-104	3664.875
88	-102	3664.875
88	-100	3665.125
88	-98	3667.25
88	-96	3666.375
88	-94	3666
88	-92	3668.5
88	-90	3667.75
88	-88	3668.375
88	-86	3668
88	-84	3667.875
88	-82	3668.25
88	-80	3667.5
88	-78	3669.75
88	-76	3669.25
88	-74	3668.875
88	-72	3669
88	-70	3669.375
88	-68	3669.375
88	-66	3669.375
88	-64	3668.5
88	-62	3669.375
88	-60	3670.875
88	-58	3671
88	-56	3671.375
88	-54	3671.125
88	-52	3671
88	-50	3671.25
88	-48	3671.25
88	-46	3672
88	-44	3672.625
88	-42	3672.125
88	-40	3671.625
88	-38	3671.625
88	-36	3672
88	-34	3672.375
88	-32	3673
88	-30	3672.625
88	-28	3671.25
88	-26	3672.25
88	-24	3673
88	-22	3673.5
88	-20	3673.125
88	-18	3673.5
88	-16	3672.625
88	-14	3673.125
88	-12	3674.125
88	-10	3673.75
88	-8	3673.875
88	-6	3674
88	-4	3672.75
88	-2	3673.5
88	0	3673.875
88	2	3675.625
88	4	3673.125
88	6	3673.875
88	8	3676.375
88	10	3674.875
88	12	3675.125
88	14	3675.875
88	16	3675.125
88	18	3675.875
88	20	3675.375
88	22	3676.875
88	24	3676.375
88	26	3675.375
88	28	3675.375
88	30	3675.5
88	32	3674.875
88	34	3675.5
88	36	3675.75
88	38	3676
88	40	3675.25
88	42	3675.625
88	44	3675.125
88	46	3674.5
88	48	3674.125
88	50	3674.125
88	52	3675.25
88	54	3674
88	56	3676
88	58	3674.75
88	60	3674
88	62	3675.5
88	64	3674.5
88	66	3676.625
88	68	3675.125
88	70	3674.5
88	72	3675.25
88	74	3673.25
88	76	3674.625
88	78	3675.125
88	80	3674.375
88	82	3675.5
88	84	3675.75
88	86	3673.875
88	88	3674.375
88	90	3674.5
88	92	3674.5
88	94	3674.5
88	96	3674
88	98	3673
92	-290	3557.375
92	-288	3557.875
92	-286	3558.625
92	-284	3561.875
92	-282	3561.625
92	-280	3564.625
92	-278	3568
92	-276	3569.25
92	-274	3573.625
92	-272	3575.125
92	-270	3576.375
92	-268	3580.625
92	-266	3581.625
92	-264	3584.75
92	-262	3587.375
92	-260	3587.375
92	-258	3589.875
92	-256	3591.75
92	-254	3593.75
92	-252	3599.5
92	-250	3600.625
92	-248	3602.125
92	-246	3602.25
92	-244	3606.375
92	-242	3607.25
92	-240	3607.75
92	-238	3608.625
92	-236	3609.625
92	-234	3611
92	-232	3612.25
92	-230	3614.75
92	-228	3615.75
92	-226	3616.25
92	-224	3618.25
92	-222	3618.75
92	-220	3619
92	-218	3620
92	-216	3622.25
92	-214	3623.5
92	-212	3623.875
92	-210	3626.375
92	-208	3628.75
92	-206	3629.875
92	-204	3630.875
92	-202	3631.125
92	-200	3632.75
92	-198	3633.625
92	-196	3635.125
92	-194	3637.375
92	-192	3637.625
92	-190	3639.25
92	-188	3639.125
92	-186	3638.25
92	-184	3640.25
92	-182	3641.625
92	-180	3641
92	-178	3642
92	-176	3642.625
92	-174	3643.375
92	-172	3645.375
92	-170	3645.125
92	-168	3645.25
92	-166	3646.5
92	-164	3647.625
92	-162	3647.75
92	-160	3648.5
92	-158	3650.375
92	-156	3650.625
92	-154	3651.375
92	-152	3652.375
92	-150	3653
92	-148	3651.625
92	-146	3651.875
92	-144	3651.75
92	-142	3653.625
92	-140	3652.125
92	-138	3654.375
92	-136	3655
92	-134	3656.125
92	-132	3654.625
92	-130	3655.5
92	-128	3655.375
92	-126	3657.75
92	-124	3657.375
92	-122	3656.25
92	-120	3657.625
92	-118	3657.125
92	-116	3658.375
92	-114	3659.125
92	-112	3658.125
92	-110	3659.375
92	-108	3660.125
92	-106	3660.25
92	-104	3661.5
92	-102	3659.125
92	-100	3660.25
92	-98	3660.875
92	-96	3662
92	-94	3662.5
92	-92	3662.75
92	-90	3662.625
92	-88	3661.375
92	-86	3661.875
92	-84	3662.375
92	-82	3663.625
92	-80	3662.5
92	-78	3663.375
92	-76	3664
92	-74	3664.25
92	-72	3665.125
92	-70	3664.875
92	-68	3664.375
92	-66	3665.375
92	-64	3665.125
92	-62	3665.875
92	-60	3666
92	-58	3667
92	-56	3665.5
92	-54	3667.375
92	-52	3665.75
92	-50	3667.75
92	-48	3665.875
92	-46	3665.875
92	-44	3665.75
92	-42	3665.875
92	-40	3666.375
92	-38	3666.75
92	-36	3666.25
92	-34	3666.625
92	-32	3667.375
92	-30	3668.75
92	-28	3667.75
92	-26	3667.5
92	-24	3667.625
92	-22	3668.25
92	-20	3667.375
92	-18	3666.625
92	-16	3665.875
92	-14	3666.875
92	-12	3666.25
92	-10	3667
92	-8	3666.125
92	-6	3666.75
92	-4	3667
92	-2	3666.75
92	0	3666
92	2	3667
92	4	3666.375
92	6	3667.625
92	8	3666.875
92	10	3665.875
92	12	3665.75
92	14	3666.375
92	16	3666.75
92	18	3667.125
92	20	3668.25
92	22	3667.625
92	24	3669.25
92	26	3668.75
92	28	3670
92	30	3669.5
92	32	3669.375
92	34	3668
92	36	3668.25
92	38	3668.625
92	40	3668
92	42	3669.625
92	44	3670.5
92	46	3668.75
92	48	3672.125
92	50	3668.875
92	52	3667.75
92	54	3667.75
92	56	3667.875
92	58	3668
92	60	3669.125
92	62	3668.375
92	64	3668.25
92	66	3667.125
92	68	3666.625
92	70	3667.125
92	72	3667.25
92	74	3668.375
92	76	3669.375
92	78	3667.125
92	80	3666.625
92	82	3667.75
92	84	3668.5
92	86	3667.5
92	88	3667.375
92	90	3667.5
92	92	3667.25
92	94	3666
92	96	3668.125
92	98	3664.875
96	-290	3555.5
96	-288	3556.75
96	-286	3561.25
96	-284	3562.625
96	-282	3562.5
96	-280	3567
96	-278	3568.125
96	-276	3569.75
96	-274	3572.5
96	-272	3573.5
96	-270	3579.125
96	-268	3582.875
96	-266	3583.375
96	-264	3583.375
96	-262	3582.75
96	-260	3585.625
96	-258	3588
96	-256	3593
96	-254	3593.875
96	-252	3597
96	-250	3598.875
96	-248	3600
96	-246	3602.125
96	-244	3602
96	-242	3604.75
96	-240	3605.625
96	-238	3605.25
96	-236	3608
96	-234	3609.5
96	-232	3611.5
96	-230	3613.75
96	-228	3612.5
96	-226	3613.125
96	-224	3614.5
96	-222	3614.75
96	-220	3616.375
96	-218	3618.5
96	-216	3618.5
96	-214	3621.5
96	-212	3622.75
96	-210	3625
96	-208	3625.125
96	-206	3625.625
96	-204	3626.125
96	-202	3630.375
96	-200	3629.625
96	-198	3629.5
96	-196	3631.125
96	-194	3630.875
96	-192	3634.75
96	-190	3634.625
96	-188	3635.75
96	-186	3637
96	-184	3637.125
96	-182	3638.5
96	-180	3639.375
96	-178	3639.375
96	-176	3639.375
96	-174	3641.25
96	-172	3640.25
96	-170	3641.625
96	-168	3642
96	-166	3642.125
96	-164	3642.25
96	-162	3642.75
96	-160	3642.375
96	-158	3643.875
96	-156	3643.75
96	-154	3646.125
96	-152	3645.125
96	-150	3644.375
96	-148	3644.875
96	-146	3646.625
96	-144	3645.5
96	-142	3648.375
96	-140	3647.5
96	-138	3648.125
96	-136	3650.625
96	-134	3650
96	-132	3647.875
96	-130	3650
96	-128	3649.5
96	-126	3650.5
96	-124	3650
96	-122	3649.25
96	-120	3650.875
96	-118	3651.25
96	-116	3652.25
96	-114	3653
96	-112	3653.625
96	-110	3652.875
96	-108	3653.25
96	-106	3654.25
96	-104	3653.25
96	-102	3653.625
96	-100	3654.875
96	-98	3654.5
96	-96	3653.75
96	-94	3655.5
96	-92	3655.375
96	-90	3655.625
96	-88	3655.75
96	-86	3655.5
96	-84	3655.5
96	-82	3654.625
96	-80	3655.375
96	-78	3656.25
96	-76	3658.125
96	-74	3656.625
96	-72	3656.75
96	-70	3657
96	-68	3656.375
96	-66	3658.375
96	-64	3660.5
96	-62	3658.25
96	-60	3659.375
96	-58	3658.75
96	-56	3660.5
96	-54	3660.375
96	-52	3659.5
96	-50	3661.125
96	-48	3661.25
96	-46	3661.375
96	-44	3660.625
96	-42	3661.5
96	-40	3660.375
96	-38	3660.5
96	-36	3660.25
96	-34	3660.625
96	-32	3662.75
96	-30	3660.125
96	-28	3661.375
96	-26	3661.125
96	-24	3661.5
96	-22	3661.875
96	-20	3662.25
96	-18	3660
96	-16	3660.5
96	-14	3660.875
96	-12	3661.25
96	-10	3661.25
96	-8	3661.5
96	-6	3660
96	-4	3660.875
96	-2	3659.125
96	0	3661.625
96	2	3661.75
96	4	3660.625
96	6	3661.125
96	8	3661
96	10	3661.25
96	12	3661
96	14	3660.375
96	16	3660.75
96	18	3660
96	20	3661.75
96	22	3660.875
96	24	3660.625
96	26	3661.125
96	28	3660
96	30	3660.125
96	32	3659.625
96	34	3659.625
96	36	3660.75
96	38	3660
96	40	3661
96	42	3660
96	44	3659
96	46	3659.625
96	48	3659.75
96	50	3660
96	52	3660.375
96	54	3660.625
96	56	3661.25
96	58	3659.5
96	60	3661.75
96	62	3660
96	64	3661.125
96	66	3661.25
96	68	3661.25
96	70	3660.875
96	72	3661.125
96	74	3660.75
96	76	3660.875
96	78	3660.875
96	80	3659.25
96	82	3659.75
96	84	3660.375
96	86	3660.75
96	88	3662.375
96	90	3660.25
96	92	3661.625
96	94	3661.25
96	96	3660.25
96	98	3659
100	-290	3554.25
100	-288	3559.875
100	-286	3560.5
100	-284	3563.125
100	-282	3565.5
100	-280	3569.375
100	-278	3569.875
100	-276	3574.375
100	-274	3575.75
100	-272	3575.25
100	-270	3579
100	-268	3579.625
100	-266	3583.375
100	-264	3584.125
100	-262	3586
100	-260	3590.625
100	-258	3590.875
100	-256	3592
100	-254	3593.625
100	-252	3595.25
100	-250	3598.125
100	-248	3599.75
100	-246	3601.375
100	-244	3603
100	-242	3604.375
100	-240	3605.5
100	-238	3605.75
100	-236	3608.25
100	-234	3609.375
100	-232	3608.75
100	-230	3608.625
100	-228	3609.5
100	-226	3610
100	-224	3611.5
100	-222	3614.125
100	-220	3615.5
100	-218	3617.125
100	-216	3617.5
100	-214	3617.25
100	-212	3618
100	-210	3620.375
100	-208	3622.375
100	-206	3623.75
100	-204	3624.5
100	-202	3625.5
100	-200	3623.5
100	-198	3625.875
100	-196	3627.625
100	-194	3626.125
100	-192	3628.25
100	-190	3629.125
100	-188	3629.25
100	-186	3630.625
100	-184	3632.25
100	-182	3630.5
100	-180	3630.375
100	-178	3630.875
100	-176	3633.875
100	-174	3632.375
100	-172	3633.75
100	-170	3636.375
100	-168	3635.875
100	-166	3637.375
100	-164	3636.375
100	-162	3638
100	-160	3638.625
100	-158	3639.375
100	-156	3641
100	-154	3640.625
100	-152	3641
100	-150	3641.25
100	-148	3641.375
100	-146	3641.75
100	-144	3640.625
100	-142	3641.375
100	-140	3641.75
100	-138	3642.875
100	-136	3642.75
100	-134	3641.875
100	-132	3643
100	-130	3644.125
100	-128	3643.25
100	-126	3643.125
100	-124	3643.625
100	-122	3643.125
100	-120	3643.625
100	-118	3644.375
100	-116	3646.25
100	-114	3643.625
100	-112	3647.125
100	-110	3645.625
100	-108	3645.75
100	-106	3646.625
100	-104	3647.75
100	-102	3646.75
100	-100	3646.75
100	-98	3647.75
100	-96	3648
100	-94	3648.5
100	-92	3648
100	-90	3648.375
100	-88	3648.375
100	-86	3649.5
100	-84	3649.125
100	-82	3649.875
100	-80	3648.75
100	-78	3650.25
100	-76	3650.375
100	-74	3649.125
100	-72	3651.625
100	-70	3650.75
100	-68	3651
100	-66	3653.125
100	-64	3650.25
100	-62	3650.75
100	-60	3651
100	-58	3649.375
100	-56	3649.5
100	-54	3651.75
100	-52	3651.375
100	-50	3649.625
100	-48	3653.25
100	-46	3651.375
100	-44	3653.375
100	-42	3652.625
100	-40	3652.125
100	-38	3653.625
100	-36	3653.75
100	-34	3653.75
100	-32	3654.25
100	-30	3653
100	-28	3652.875
100	-26	3653.375
100	-24	3653.25
100	-22	3653.125
100	-20	3653.75
100	-18	3656.125
100	-16	3655.5
100	-14	3657.125
100	-12	3653.375
100	-10	3654.5
100	-8	3656
100	-6	3655.75
100	-4	3655.875
100	-2	3655.5
100	0	3653.25
100	2	3653.5
100	4	3654.125
100	6	3653.375
100	8	3655.75
100	10	3653.25
100	12	3653.25
100	14	3653.5
100	16	3653.25
100	18	3654.25
100	20	3652.25
100	22	3652.625
100	24	3653
100	26	3651.5
100	28	3652.5
100	30	3653.375
100	32	3653.375
100	34	3652.125
100	36	3651.125
100	38	3652
100	40	3652.25
100	42	3651.5
100	44	3654.25
100	46	3652.625
100	48	3652.75
100	50	3650.375
100	52	3650.375
100	54	3651.125
100	56	3651.125
100	58	3651.625
100	60	3651.125
100	62	3651.75
100	64	3651.375
100	66	3651
100	68	3651.75
100	70	3650.5
100	72	3650.5
100	74	3651.625
100	76	3651.75
100	78	3651.25
100	80	3649.625
100	82	3651.75
100	84	3650
100	86	3650.5
100	88	3650.75
100	90	3652
100	92	3652.375
100	94	3650.875
100	96	3651.25
100	98	3650.25
104	-290	3555.625
104	-288	3555.625
104	-286	3557.375
104	-284	3559.375
104	-282	3558.875
104	-280	3564.375
104	-278	3565
104	-276	3565.75
104	-274	3567.5
104	-272	3572.75
104	-270	3575.625
104	-268	3577
104	-266	3577.25
104	-264	3579.25
104	-262	3579.75
104	-260	3580.875
104	-258	3583.75
104	-256	3585.375
104	-254	3586.25
104	-252	3586.25
104	-250	3591
104	-248	3596.5
104	-246	3594.5
104	-244	3597.125
104	-242	3600
104	-240	3600
104	-238	3601.75
104	-236	3602.25
104	-234	3605.125
104	-232	3606.875
104	-230	3607
104	-228	3608.875
104	-226	3606.875
104	-224	3609.25
104	-222	3614
104	-220	3612.25
104	-218	3612
104	-216	3614.5
104	-214	3615.75
104	-212	3617.875
104	-210	3617.25
104	-208	3617.125
104	-206	3617.25
104	-204	3616.875
104	-202	3617.5
104	-200	3619.25
104	-198	3619.75
104	-196	3618.5
104	-194	3620.25
104	-192	3621
104	-190	3619.75
104	-188	3620.875
104	-186	3619.125
104	-184	3621.875
104	-182	3622.375
104	-180	3621.75
104	-178	3623.125
104	-176	3625
104	-174	3625.125
104	-172	3625.5
104	-170	3625.25
104	-168	3623.625
104	-166	3626.125
104	-164	3627.125
104	-162	3630.375
104	-160	3628.75
104	-158	3629.5
104	-156	3629.625
104	-154	3630.25
104	-152	3629.375
104	-150	3630.625
104	-148	3630.875
104	-146	3631.5
104	-144	3631.125
104	-142	3632.5
104	-140	3632.25
104	-138	3631.625
104	-136	3632.625
104	-134	3632.875
104	-132	3633.125
104	-130	3630.75
104	-128	3632.25
104	-126	3633
104	-124	3634.375
104	-122	3634.25
104	-120	3632.375
104	-118	3633.75
104	-116	3634.75
104	-114	3637
104	-112	3634.75
104	-110	3633.875
104	-108	3635.125
104	-106	3635.625
104	-104	3636
104	-102	3635.875
104	-100	3635.5
104	-98	3635.875
104	-96	3637.375
104	-94	3637.375
104	-92	3636.75
104	-90	3636.875
104	-88	3638
104	-86	3636.875
104	-84	3637.125
104	-82	3638
104	-80	3639.125
104	-78	3639.5
104	-76	3639.25
104	-74	3638
104	-72	3638.5
104	-70	3640.625
104	-68	3639.5
104	-66	3640.125
104	-64	3640.25
104	-62	3639.5
104	-60	3639.75
104	-58	3640.5
104	-56	3639.875
104	-54	3642.25
104	-52	3641.875
104	-50	3641
104	-48	3642.125
104	-46	3640.75
104	-44	3642.25
104	-42	3643.25
104	-40	3640.875
104	-38	3642.25
104	-36	3642.875
104	-34	3642.75
104	-32	3645
104	-30	3642.75
104	-28	3641.75
104	-26	3643
104	-24	3641.5
104	-22	3642.5
104	-20	3645.875
104	-18	3641.375
104	-16	3643.25
104	-14	3642.625
104	-12	3643.625
104	-10	3642.875
104	-8	3643.875
104	-6	3642.5
104	-4	3642.75
104	-2	3643.875
104	0	3643.625
104	2	3643.625
104	4	3644.875
104	6	3644.375
104	8	3643.375
104	10	3644.25
104	12	3644.875
104	14	3649.125
104	16	3646.75
104	18	3645.375
104	20	3646.375
104	22	3646.5
104	24	3646.5
104	26	3645.75
104	28	3646.375
104	30	3646.625
104	32	3646.25
104	34	3644.875
104	36	3645.5
104	38	3646.125
104	40	3646.5
104	42	3645.75
104	44	3646
104	46	3646.25
104	48	3646.375
104	50	3644.625
104	52	3646.75
104	54	3647.25
104	56	3647.625
104	58	3646.875
104	60	3646.5
104	62	3646.25
104	64	3646.25
104	66	3648.5
104	68	3646.5
104	70	3647.125
104	72	3646.625
104	74	3646
104	76	3646.125
104	78	3647
104	80	3645.875
104	82	3648.5
104	84	3646.125
104	86	3644.75
104	88	3645.5
104	90	3643.375
104	92	3644.25
104	94	3645.75
104	96	3645.125
104	98	3646.25
108	-290	3550.875
108	-288	3552.75
108	-286	3555
108	-284	3560.5
108	-282	3560.875
108	-280	3562
108	-278	3564.75
108	-276	3567.25
108	-274	3568.75
108	-272	3569.125
108	-270	3568.5
108	-268	3572.125
108	-266	3572.625
108	-264	3574.75
108	-262	3575.5
108	-260	3576.125
108	-258	3578.25
108	-256	3579.375
108	-254	3580.125
108	-252	3581.5
108	-250	3582.625
108	-248	3583.75
108	-246	3585.375
108	-244	3585.5
108	-242	3586.125
108	-240	3588.125
108	-238	3590.875
108	-236	3594
108	-234	3592.625
108	-232	3595.375
108	-230	3595.5
108	-228	3595.625
108	-226	3597.375
108	-224	3597.125
108	-222	3597.375
108	-220	3599
108	-218	3598.875
108	-216	3600.5
108	-214	3604.5
108	-212	3607.625
108	-210	3604.875
108	-208	3606.625
108	-206	3608.625
108	-204	3610.125
108	-202	3609.125
108	-200	3609.875
108	-198	3611.375
108	-196	3611.375
108	-194	3610.5
108	-192	3610.5
108	-190	3611.75
108	-188	3612.125
108	-186	3611.875
108	-184	3611.875
108	-182	3614.125
108	-180	3613.25
108	-178	3616.625
108	-176	3613.5
108	-174	3614.625
108	-172	3615.625
108	-170	3616.375
108	-168	3616.625
108	-166	3617
108	-164	3620.375
108	-162	3619.875
108	-160	3619.125
108	-158	3620.125
108	-156	3621.875
108	-154	3622.25
108	-152	3623.125
108	-150	3618.5
108	-148	3622.75
108	-146	3623.25
108	-144	3623.125
108	-142	3621.875
108	-140	3620.375
108	-138	3622.625
108	-136	3621.75
108	-134	3621.25
108	-132	3621.375
108	-130	3622.375
108	-128	3622.75
108	-126	3621.75
108	-124	3623.5
108	-122	3622.125
108	-120	3623
108	-118	3627.25
108	-116	3625.125
108	-114	3625.5
108	-112	3625.5
108	-110	3624.5
108	-108	3627.25
108	-106	3627.625
108	-104	3628
108	-102	3625.25
108	-100	3625.25
108	-98	3626.125
108	-96	3625.625
108	-94	3625.125
108	-92	3625.75
108	-90	3624.625
108	-88	3626
108	-86	3625.75
108	-84	3625.625
108	-82	3625.875
108	-80	3629.875
108	-78	3626.875
108	-76	3627
108	-74	3630
108	-72	3626.375
108	-70	3628.875
108	-68	3625
108	-66	3625.5
108	-64	3625.75
108	-62	3624.75
108	-60	3626.125
108	-58	3627.375
108	-56	3626.875
108	-54	3624.875
108	-52	3628.375
108	-50	3625.375
108	-48	3626.875
108	-46	3627.75
108	-44	3626.75
108	-42	3631.625
108	-40	3627.125
108	-38	3626.625
108	-36	3627.125
108	-34	3630.125
108	-32	3627.5
108	-30	3628.125
108	-28	3629
108	-26	3626.125
108	-24	3626.625
108	-22	3626.375
108	-20	3624.375
108	-18	3625
108	-16	3625
108	-14	3625.25
108	-12	3625.375
108	-10	3625.625
108	-8	3626.875
108	-6	3626.375
108	-4	3626.375
108	-2	3627.125
108	0	3626.5
108	2	3626.75
108	4	3626.875
108	6	3628.625
108	8	3630.875
108	10	3629.25
108	12	3629.375
108	14	3626.25
108	16	3628.125
108	18	3628.875
108	20	3631.375
108	22	3629
108	24	3627.125
108	26	3627.5
108	28	3629.25
108	30	3629.25
108	32	3628
108	34	3628
108	36	3627.625
108	38	3628.125
108	40	3628.5
108	42	3628.25
108	44	3628.125
108	46	3627.75
108	48	3628
108	50	3626.375
108	52	3626.375
108	54	3626
108	56	3627
108	58	3627.125
108	60	3627.75
108	62	3628.125
108	64	3628.125
108	66	3627.25
108	68	3628.5
108	70	3628
108	72	3625.875
108	74	3627.375
108	76	3626.625
108	78	3626.5
108	80	3628.75
108	82	3628.5
108	84	3626.75
108	86	3629.75
108	88	3628.5
108	90	3630.625
108	92	3629
108	94	3628.875
108	96	3630.875
108	98	3629.5
112	-290	3546.125
112	-288	3546.625
112	-286	3546.625
112	-284	3551.25
112	-282	3552
112	-280	3551.375
112	-278	3550.375
112	-276	3554.375
112	-274	3552.875
112	-272	3554.875
112	-270	3556.875
112	-268	3560
112	-266	3560.5
112	-264	3561.5
112	-262	3562.25
112	-260	3563
112	-258	3566.625
112	-256	3564
112	-254	3565.875
112	-252	3567
112	-250	3567
112	-248	3568.375
112	-246	3570
112	-244	3569
112	-242	3571.75
112	-240	3572.5
112	-238	3571.5
112	-236	3573.25
112	-234	3574
112	-232	3575.5
112	-230	3571.375
112	-228	3572.5
112	-226	3575.875
112	-224	3574.375
112	-222	3574
112	-220	3576.125
112	-218	3577.875
112	-216	3577.75
112	-214	3578.875
112	-212	3579.25
112	-210	3580.875
112	-208	3581.75
112	-206	3579.5
112	-204	3582.125
112	-202	3583.125
112	-200	3583.625
112	-198	3585.5
112	-196	3584.75
112	-194	3587
112	-192	3585.125
112	-190	3586.375
112	-188	3588.25
112	-186	3590.25
112	-184	3586
112	-182	3585.625
112	-180	3589
112	-178	3589.875
112	-176	3591
112	-174	3590.875
112	-172	3592.375
112	-170	3592.625
112	-168	3591.125
112	-166	3591.5
112	-164	3591
112	-162	3591.875
112	-160	3591.5
112	-158	3592.25
112	-156	3592.625
112	-154	3591.625
112	-152	3592.875
112	-150	3593.25
112	-148	3593
112	-146	3596.375
112	-144	3597.5
112	-142	3598
112	-140	3599.25
112	-138	3599.75
112	-136	3598.125
112	-134	3599.625
112	-132	3600
112	-130	3597.5
112	-128	3599.25
112	-126	3600.375
112	-124	3601.375
112	-122	3601.125
112	-120	3604.625
112	-118	3600.625
112	-116	3601.75
112	-114	3602.25
112	-112	3602.25
112	-110	3603.5
112	-108	3602.25
112	-106	3604.625
112	-104	3602.5
112	-102	3601.875
112	-100	3603.375
112	-98	3605
112	-96	3602.375
112	-94	3603.875
112	-92	3602.875
112	-90	3607
112	-88	3605.25
112	-86	3605.375
112	-84	3605.25
112	-82	3604.75
112	-80	3606.375
112	-78	3604.375
112	-76	3606.125
112	-74	3604.375
112	-72	3608.125
112	-70	3605.75
112	-68	3608.875
112	-66	3606.125
112	-64	3604.5
112	-62	3607.625
112	-60	3605.5
112	-58	3606
112	-56	3605.375
112	-54	3605.875
112	-52	3605
112	-50	3605.25
112	-48	3605.125
112	-46	3605.75
112	-44	3608.375
112	-42	3611.375
112	-40	3607.125
112	-38	3605.625
112	-36	3606.75
112	-34	3607.125
112	-32	3605.875
112	-30	3607.375
112	-28	3609.75
112	-26	3607
112	-24	3606
112	-22	3607.375
112	-20	3605.375
112	-18	3605.375
112	-16	3605.75
112	-14	3605.375
112	-12	3605.5
112	-10	3604.625
112	-8	3607.375
112	-6	3604.875
112	-4	3604.125
112	-2	3604.625
112	0	3606.375
112	2	3605.75
112	4	3607.375
112	6	3605.875
112	8	3604.75
112	10	3604.25
112	12	3603.875
112	14	3604.625
112	16	3604.375
112	18	3605.875
112	20	3605.125
112	22	3606
112	24	3605.75
112	26	3606.125
112	28	3603.125
112	30	3604.125
112	32	3604.25
112	34	3604.5
112	36	3604.375
112	38	3604.125
112	40	3604.5
112	42	3606.5
112	44	3606.125
112	46	3603.25
112	48	3605.25
112	50	3603.625
112	52	3605
112	54	3602.625
112	56	3602.75
112	58	3603
112	60	3602.875
112	62	3599.75
112	64	3601.875
112	66	3597
112	68	3598.875
112	70	3599.375
112	72	3598
112	74	3597.875
112	76	3596.875
112	78	3597.25
112	80	3597.125
112	82	3598.125
112	84	3596.625
112	86	3596.5
112	88	3597.125
112	90	3599.875
112	92	3597.875
112	94	3599.875
112	96	3595.25
112	98	3598.25
116	-290	3540.125
116	-288	3537.375
116	-286	3541.75
116	-284	3540.125
116	-282	3540.125
116	-280	3541.625
116	-278	3542.875
116	-276	3545.25
116	-274	3542.5
116	-272	3543.875
116	-270	3550.25
116	-268	3543.75
116	-266	3548.5
116	-264	3551.125
116	-262	3548.125
116	-260	3549.125
116	-258	3551.75
116	-256	3554.125
116	-254	3554.125
116	-252	3554.625
116	-250	3554.75
116	-248	3556.75
116	-246	3557.75
116	-244	3558.125
116	-242	3559.75
116	-240	3561
116	-238	3560.125
116	-236	3559.875
116	-234	3561.25
116	-232	3563.625
116	-230	3561.5
116	-228	3562.875
116	-226	3563.375
116	-224	3562.625
116	-222	3563.25
116	-220	3564.875
116	-218	3564.625
116	-216	3570.25
116	-214	3567.625
116	-212	3568.375
116	-210	3569.375
116	-208	3568.5
116	-206	3567.125
116	-204	3570.25
116	-202	3570.125
116	-200	3570.625
116	-198	3571.5
116	-196	3570.25
116	-194	3572
116	-192	3568.25
116	-190	3568.125
116	-188	3569
116	-186	3570.375
116	-184	3569
116	-182	3569.75
116	-180	3570
116	-178	3569.875
116	-176	3572.875
116	-174	3574.375
116	-172	3574.375
116	-170	3576
116	-168	3572.125
116	-166	3571.125
116	-164	3572.75
116	-162	3573.625
116	-160	3572.25
116	-158	3575.125
116	-156	3574.625
116	-154	3575.125
116	-152	3575.125
116	-150	3580.25
116	-148	3576.375
116	-146	3574.5
116	-144	3576.5
116	-142	3578.375
116	-140	3576
116	-138	3580
116	-136	3582.875
116	-134	3576.875
116	-132	3577.25
116	-130	3578
116	-128	3580.5
116	-126	3582.625
116	-124	3580.75
116	-122	3578.5
116	-120	3579.875
116	-118	3581.75
116	-116	3581.875
116	-114	3582.125
116	-112	3581.75
116	-110	3578.375
116	-108	3579.75
116	-106	3577.875
116	-104	3576.625
116	-102	3577.375
116	-100	3578
116	-98	3580.25
116	-96	3577.75
116	-94	3580.375
116	-92	3580.375
116	-90	3577.75
116	-88	3580.125
116	-86	3584.5
116	-84	3580.375
116	-82	3579.375
116	-80	3578.75
116	-78	3578.625
116	-76	3578
116	-74	3579.5
116	-72	3578.25
116	-70	3578.375
116	-68	3578.375
116	-66	3578.75
116	-64	3580.125
116	-62	3585
116	-60	3579.75
116	-58	3580.875
116	-56	3584
116	-54	3580.25
116	-52	3581.875
116	-50	3584.75
116	-48	3581.5
116	-46	3582.5
116	-44	3581.375
116	-42	3586.5
116	-40	3583.625
116	-38	3584.125
116	-36	3583.75
116	-34	3582.125
116	-32	3582.875
116	-30	3583.375
116	-28	3588
116	-26	3584.625
116	-24	3583.625
116	-22	3581.375
116	-20	3582.375
116	-18	3581.625
116	-16	3582.5
116	-14	3582.875
116	-12	3582.375
116	-10	3582.125
116	-8	3584
116	-6	3582.125
116	-4	3589.875
116	-2	3581
116	0	3583.625
116	2	3584.875
116	4	3581.375
116	6	3582.375
116	8	3583.875
116	10	3581.875
116	12	3582.75
116	14	3580.875
116	16	3581.875
116	18	3580.875
116	20	3581.25
116	22	3582.25
116	24	3580.75
116	26	3582
116	28	3581.25
116	30	3582.25
116	32	3584.125
116	34	3579.25
116	36	3582.75
116	38	3581.125
116	40	3583.375
116	42	3582.75
116	44	3586.375
116	46	3582.25
116	48	3581.625
116	50	3585
116	52	3583.625
116	54	3581.875
116	56	3585.25
116	58	3581.875
116	60	3583.75
116	62	3585.375
116	64	3584.125
116	66	3581.375
116	68	3582.875
116	70	3583
116	72	3583
116	74	3582.25
116	76	3584.75
116	78	3585
116	80	3584
116	82	3582
116	84	3582.875
116	86	3584.125
116	88	3582.5
116	90	3585
116	92	3583.375
116	94	3582.75
116	96	3583.375
116	98	3584.625
120	-290	3506
120	-288	3507.375
120	-286	3505.875
120	-284	3505.5
120	-282	3513.5
120	-280	3507.625
120	-278	3507.125
120	-276	3507.875
120	-274	3509
120	-272	3507.75
120	-270	3513.625
120	-268	3515.625
120	-266	3512.375
120	-264	3511.875
120	-262	3516.625
120	-260	3512.75
120	-258	3513
120	-256	3516.375
120	-254	3514.375
120	-252	3513.625
120	-250	3515.125
120	-248	3516.375
120	-246	3515.375
120	-244	3515.375
120	-242	3515.25
120	-240	3514
120	-238	3515.5
120	-236	3516.5
120	-234	3515.875
120	-232	3516
120	-230	3519.375
120	-228	3520.5
120	-226	3527.375
120	-224	3535.875
120	-222	3522.625
120	-220	3527.625
120	-218	3523.875
120	-216	3526.625
120	-214	3528.875
120	-212	3526.25
120	-210	3532.625
120	-208	3528.625
120	-206	3530
120	-204	3527.625
120	-202	3533.25
120	-200	3530.125
120	-198	3529
120	-196	3527.75
120	-194	3529.5
120	-192	3528.5
120	-190	3530.625
120	-188	3531.25
120	-186	3530.375
120	-184	3531.625
120	-182	3534.125
120	-180	3530.375
120	-178	3531
120	-176	3532.25
120	-174	3532.125
120	-172	3529.625
120	-170	3532.125
120	-168	3532.625
120	-166	3535.5
120	-164	3532.375
120	-162	3533.125
120	-160	3535.5
120	-158	3534.25
120	-156	3539.5
120	-154	3534
120	-152	3540.25
120	-150	3536.125
120	-148	3538
120	-146	3539.75
120	-144	3540
120	-142	3542.375
120	-140	3540.25
120	-138	3537.75
120	-136	3539.375
120	-134	3537.75
120	-132	3537.375
120	-130	3538.375
120	-128	3538.25
120	-126	3537.875
120	-124	3540.25
120	-122	3537.875
120	-120	3539
120	-118	3539.75
120	-116	3541.125
120	-114	3540.5
120	-112	3538.875
120	-110	3539.875
120	-108	3539.375
120	-106	3544.625
120	-104	3540.625
120	-102	3537.75
120	-100	3549
120	-98	3540.375
120	-96	3541.125
120	-94	3544.75
120	-92	3539.5
120	-90	3538.875
120	-88	3541.5
120	-86	3543.375
120	-84	3542.75
120	-82	3547.875
120	-80	3539.125
120	-78	3539.75
120	-76	3540.125
120	-74	3545
120	-72	3542.875
120	-70	3542.875
120	-68	3541.5
120	-66	3542.875
120	-64	3541.875
120	-62	3542.625
120	-60	3544.625
120	-58	3546.375
120	-56	3543.25
120	-54	3543.375
120	-52	3547.5
120	-50	3552.75
120	-48	3545.75
120	-46	3549.5
120	-44	3547.375
120	-42	3549.125
120	-40	3546
120	-38	3546.75
120	-36	3547.625
120	-34	3546.625
120	-32	3549.25
120	-30	3551.375
120	-28	3548.75
120	-26	3549.25
120	-24	3551.125
120	-22	3550.875
120	-20	3549.625
120	-18	3548.5
120	-16	3553.75
120	-14	3551.5
120	-12	3550.5
120	-10	3550.875
120	-8	3554.25
120	-6	3556.375
120	-4	3555.5
120	-2	3554.25
120	0	3558.875
120	2	3552.25
120	4	3553.75
120	6	3552.125
120	8	3554.125
120	10	3553.375
120	12	3553.25
120	14	3553.875
120	16	3552.625
120	18	3554.125
120	20	3553.125
120	22	3552.875
120	24	3554
120	26	3552.5
120	28	3555.625
120	30	3552.75
120	32	3553.375
120	34	3552.625
120	36	3553
120	38	3555.5
120	40	3553.125
120	42	3559.875
120	44	3553.5
120	46	3559.625
120	48	3557
120	50	3557.625
120	52	3560.5
120	54	3559.25
120	56	3558.75
120	58	3555.25
120	60	3554.625
120	62	3556.75
120	64	3555.5
120	66	3553.25
120	68	3557.5
120	70	3555
120	72	3556.5
120	74	3555.25
120	76	3557
120	78	3553.875
120	80	3559.875
120	82	3554.625
120	84	3558.625
120	86	3554.625
120	88	3555.375
120	90	3554.625
120	92	3557.75
120	94	3553.25
120	96	3555.375
120	98	3555.25
