64	-290	3853.8564453125
64	-288	3855.84521484375
64	-286	3857.4921875
64	-284	3859.365234375
64	-282	3861.1669921875
64	-280	3863.0810546875
64	-278	3864.80419921875
64	-276	3866.5546875
64	-274	3868.3212890625
64	-272	3870.1904296875
64	-270	3871.85595703125
64	-268	3873.59130859375
64	-266	3875.333984375
64	-264	3877.12939453125
64	-262	3878.79248046875
64	-260	3880.396484375
64	-258	3882.09521484375
64	-256	3883.78173828125
64	-254	3885.365234375
64	-252	3887.0234375
64	-250	3888.609375
64	-248	3890.330078125
64	-246	3892.02880859375
64	-244	3893.6298828125
64	-242	3895.19091796875
64	-240	3896.83837890625
64	-238	3898.47509765625
64	-236	3899.93017578125
64	-234	3901.3212890625
64	-232	3902.95361328125
64	-230	3904.3056640625
64	-228	3905.810546875
64	-226	3907.22705078125
64	-224	3908.64453125
64	-222	3910.02197265625
64	-220	3911.4384765625
64	-218	3912.76708984375
64	-216	3914.03564453125
64	-214	3915.3701171875
64	-212	3916.6484375
64	-210	3917.88037109375
64	-208	3919.0712890625
64	-206	3920.30126953125
64	-204	3921.47412109375
64	-202	3922.607421875
64	-200	3923.7392578125
64	-198	3924.90625
64	-196	3925.9560546875
64	-194	3926.88427734375
64	-192	3927.92578125
64	-190	3928.90625
64	-188	3929.794921875
64	-186	3930.68701171875
64	-184	3931.552734375
64	-182	3932.380859375
64	-180	3933.11083984375
64	-178	3933.83447265625
64	-176	3934.67626953125
64	-174	3935.40283203125
64	-172	3936.177734375
64	-170	3936.79736328125
64	-168	3937.50830078125
64	-166	3938.134765625
64	-164	3938.76416015625
64	-162	3939.341796875
64	-160	3939.978515625
64	-158	3940.61328125
64	-156	3941.1904296875
64	-154	3941.73486328125
64	-152	3942.23291015625
64	-150	3942.7763671875
64	-148	3943.28662109375
64	-146	3943.7412109375
64	-144	3944.13671875
64	-142	3944.58203125
64	-140	3945.111328125
64	-138	3945.564453125
64	-136	3945.9755859375
64	-134	3946.41552734375
64	-132	3946.7900390625
64	-130	3947.103515625
64	-128	3947.48486328125
64	-126	3947.80419921875
64	-124	3948.181640625
64	-122	3948.52685546875
64	-120	3948.8515625
64	-118	3949.21923828125
64	-116	3949.5068359375
64	-114	3949.8203125
64	-112	3950.13232421875
64	-110	3950.408203125
64	-108	3950.6513671875
64	-106	3950.90576171875
64	-104	3951.1787109375
64	-102	3951.4501953125
64	-100	3951.7021484375
64	-98	3951.98388671875
64	-96	3952.177734375
64	-94	3952.35693359375
64	-92	3952.57861328125
64	-90	3952.841796875
64	-88	3953.009765625
64	-86	3953.26171875
64	-84	3953.45947265625
64	-82	3953.6298828125
64	-80	3953.85693359375
64	-78	3954.001953125
64	-76	3954.16259765625
64	-74	3954.359375
64	-72	3954.515625
64	-70	3954.701171875
64	-68	3954.79541015625
64	-66	3954.9521484375
64	-64	3955.1103515625
64	-62	3955.30322265625
64	-60	3955.33447265625
64	-58	3955.48681640625
64	-56	3955.630859375
64	-54	3955.70751953125
64	-52	3955.8427734375
64	-50	3955.9248046875
64	-48	3956.044921875
64	-46	3956.1044921875
64	-44	3956.27294921875
64	-42	3956.4189453125
64	-40	3956.50146484375
64	-38	3956.55078125
64	-36	3956.64111328125
64	-34	3956.69287109375
64	-32	3956.77685546875
64	-30	3956.8681640625
64	-28	3956.9560546875
64	-26	3957.00244140625
64	-24	3957.0634765625
64	-22	3957.18505859375
64	-20	3957.1875
64	-18	3957.2470703125
64	-16	3957.32763671875
64	-14	3957.35205078125
64	-12	3957.400390625
64	-10	3957.44970703125
64	-8	3957.4658203125
64	-6	3957.5283203125
64	-4	3957.50634765625
64	-2	3957.58056640625
64	0	3957.625
64	2	3957.64599609375
64	4	3957.65771484375
64	6	3957.6748046875
64	8	3957.65869140625
64	10	3957.7255859375
64	12	3957.75146484375
64	14	3957.7060546875
64	16	3957.71875
64	18	3957.71044921875
64	20	3957.74169921875
64	22	3957.712890625
64	24	3957.6923828125
64	26	3957.71630859375
64	28	3957.6748046875
64	30	3957.63623046875
64	32	3957.6328125
64	34	3957.58251953125
64	36	3957.55859375
64	38	3957.51025390625
64	40	3957.4736328125
64	42	3957.49560546875
64	44	3957.44677734375
64	46	3957.38134765625
64	48	3957.36181640625
64	50	3957.3232421875
64	52	3957.30126953125
64	54	3957.21728515625
64	56	3957.1806640625
64	58	3957.12841796875
64	60	3957.11669921875
64	62	3957.02197265625
64	64	3956.97412109375
64	66	3956.94140625
64	68	3956.8564453125
64	70	3956.76904296875
64	72	3956.74267578125
64	74	3956.6416015625
64	76	3956.5859375
64	78	3956.5478515625
64	80	3956.45166015625
64	82	3956.39697265625
64	84	3956.2890625
64	86	3956.22119140625
64	88	3956.154296875
64	90	3956.07421875
64	92	3955.921875
64	94	3955.8037109375
64	96	3955.6962890625
64	98	3955.4296875
68	-290	3853.7099609375
68	-288	3855.58544921875
68	-286	3857.4765625
68	-284	3859.59326171875
68	-282	3861.509765625
68	-280	3863.3359375
68	-278	3864.96826171875
68	-276	3866.72119140625
68	-274	3868.54833984375
68	-272	3870.27783203125
68	-270	3872.08984375
68	-268	3873.7744140625
68	-266	3875.52490234375
68	-264	3877.162109375
68	-262	3878.818359375
68	-260	3880.55078125
68	-258	3882.2236328125
68	-256	3883.78515625
68	-254	3885.4775390625
68	-252	3887.17724609375
68	-250	3889.0107421875
68	-248	3890.58935546875
68	-246	3892.18212890625
68	-244	3893.7998046875
68	-242	3895.37109375
68	-240	3896.84765625
68	-238	3898.35205078125
68	-236	3899.9248046875
68	-234	3901.46142578125
68	-232	3902.87451171875
68	-230	3904.24072265625
68	-228	3905.66357421875
68	-226	3907.07666015625
68	-224	3908.623046875
68	-222	3909.9697265625
68	-220	3911.30029296875
68	-218	3912.6640625
68	-216	3914.03564453125
68	-214	3915.28466796875
68	-212	3916.5341796875
68	-210	3917.84814453125
68	-208	3918.9697265625
68	-206	3920.10791015625
68	-204	3921.205078125
68	-202	3922.2578125
68	-200	3923.45556640625
68	-198	3924.54833984375
68	-196	3925.62939453125
68	-194	3926.5517578125
68	-192	3927.47607421875
68	-190	3928.4365234375
68	-188	3929.32421875
68	-186	3930.17333984375
68	-184	3931.03759765625
68	-182	3931.7880859375
68	-180	3932.54736328125
68	-178	3933.408203125
68	-176	3934.1220703125
68	-174	3934.9189453125
68	-172	3935.611328125
68	-170	3936.251953125
68	-168	3936.9130859375
68	-166	3937.53857421875
68	-164	3938.064453125
68	-162	3938.74560546875
68	-160	3939.27978515625
68	-158	3939.90869140625
68	-156	3940.37109375
68	-154	3940.91259765625
68	-152	3941.388671875
68	-150	3941.95654296875
68	-148	3942.48876953125
68	-146	3942.93505859375
68	-144	3943.2822265625
68	-142	3943.802734375
68	-140	3944.21728515625
68	-138	3944.654296875
68	-136	3945.076171875
68	-134	3945.49560546875
68	-132	3945.88232421875
68	-130	3946.3388671875
68	-128	3946.65625
68	-126	3946.99755859375
68	-124	3947.31103515625
68	-122	3947.65576171875
68	-120	3947.9873046875
68	-118	3948.2353515625
68	-116	3948.537109375
68	-114	3948.91015625
68	-112	3949.17626953125
68	-110	3949.45947265625
68	-108	3949.73046875
68	-106	3949.916015625
68	-104	3950.19482421875
68	-102	3950.4091796875
68	-100	3950.67236328125
68	-98	3950.86572265625
68	-96	3951.12548828125
68	-94	3951.37548828125
68	-92	3951.5537109375
68	-90	3951.84033203125
68	-88	3952.00048828125
68	-86	3952.2177734375
68	-84	3952.43603515625
68	-82	3952.6591796875
68	-80	3952.771484375
68	-78	3952.92041015625
68	-76	3953.1318359375
68	-74	3953.275390625
68	-72	3953.46435546875
68	-70	3953.638671875
68	-68	3953.75732421875
68	-66	3953.88134765625
68	-64	3954.02197265625
68	-62	3954.1767578125
68	-60	3954.3701171875
68	-58	3954.49951171875
68	-56	3954.61962890625
68	-54	3954.70703125
68	-52	3954.77294921875
68	-50	3954.91552734375
68	-48	3955.02734375
68	-46	3955.08056640625
68	-44	3955.24853515625
68	-42	3955.31787109375
68	-40	3955.35205078125
68	-38	3955.44921875
68	-36	3955.5185546875
68	-34	3955.58349609375
68	-32	3955.67236328125
68	-30	3955.7470703125
68	-28	3955.81689453125
68	-26	3955.90234375
68	-24	3955.9482421875
68	-22	3956.03515625
68	-20	3956.06884765625
68	-18	3956.1220703125
68	-16	3956.1728515625
68	-14	3956.220703125
68	-12	3956.24462890625
68	-10	3956.32177734375
68	-8	3956.34033203125
68	-6	3956.37744140625
68	-4	3956.42724609375
68	-2	3956.4482421875
68	0	3956.4912109375
68	2	3956.52490234375
68	4	3956.53759765625
68	6	3956.5185546875
68	8	3956.5068359375
68	10	3956.54833984375
68	12	3956.576171875
68	14	3956.5859375
68	16	3956.5458984375
68	18	3956.59326171875
68	20	3956.55419921875
68	22	3956.5537109375
68	24	3956.54541015625
68	26	3956.53857421875
68	28	3956.56591796875
68	30	3956.5556640625
68	32	3956.5400390625
68	34	3956.50732421875
68	36	3956.4892578125
68	38	3956.43994140625
68	40	3956.4169921875
68	42	3956.36669921875
68	44	3956.31005859375
68	46	3956.31298828125
68	48	3956.3388671875
68	50	3956.22900390625
68	52	3956.24951171875
68	54	3956.1533203125
68	56	3956.14794921875
68	58	3956.09716796875
68	60	3956.0458984375
68	62	3955.95703125
68	64	3955.9169921875
68	66	3955.87841796875
68	68	3955.78662109375
68	70	3955.7529296875
68	72	3955.68505859375
68	74	3955.5966796875
68	76	3955.5341796875
68	78	3955.517578125
68	80	3955.36328125
68	82	3955.34375
68	84	3955.2685546875
68	86	3955.19873046875
68	88	3955.12353515625
68	90	3954.98828125
68	92	3954.94189453125
68	94	3954.7939453125
68	96	3954.6103515625
68	98	3954.3349609375
72	-290	3854.2138671875
72	-288	3856.25244140625
72	-286	3858.03515625
72	-284	3859.89501953125
72	-282	3861.8310546875
72	-280	3863.74169921875
72	-278	3865.572265625
72	-276	3867.46630859375
72	-274	3869.18994140625
72	-272	3870.9267578125
72	-270	3872.64599609375
72	-268	3874.24169921875
72	-266	3876.0322265625
72	-264	3877.79931640625
72	-262	3879.41455078125
72	-260	3881.0712890625
72	-258	3882.68115234375
72	-256	3884.3984375
72	-254	3886.0302734375
72	-252	3887.64794921875
72	-250	3889.31591796875
72	-248	3890.91064453125
72	-246	3892.513671875
72	-244	3894.017578125
72	-242	3895.5419921875
72	-240	3897.1083984375
72	-238	3898.48828125
72	-236	3899.8876953125
72	-234	3901.3515625
72	-232	3902.89013671875
72	-230	3904.38134765625
72	-228	3905.79736328125
72	-226	3907.13525390625
72	-224	3908.56689453125
72	-222	3909.927734375
72	-220	3911.27099609375
72	-218	3912.58544921875
72	-216	3913.86279296875
72	-214	3915.0810546875
72	-212	3916.29296875
72	-210	3917.44482421875
72	-208	3918.607421875
72	-206	3919.81298828125
72	-204	3920.86474609375
72	-202	3922.0107421875
72	-200	3923.1259765625
72	-198	3924.064453125
72	-196	3925.04345703125
72	-194	3926.02587890625
72	-192	3926.94091796875
72	-190	3927.81494140625
72	-188	3928.6943359375
72	-186	3929.50244140625
72	-184	3930.32568359375
72	-182	3931.11279296875
72	-180	3931.85546875
72	-178	3932.54638671875
72	-176	3933.265625
72	-174	3933.958984375
72	-172	3934.69873046875
72	-170	3935.36767578125
72	-168	3935.9619140625
72	-166	3936.5234375
72	-164	3937.1064453125
72	-162	3937.72607421875
72	-160	3938.294921875
72	-158	3938.82275390625
72	-156	3939.34619140625
72	-154	3939.84814453125
72	-152	3940.3779296875
72	-150	3940.80859375
72	-148	3941.31103515625
72	-146	3941.810546875
72	-144	3942.2333984375
72	-142	3942.68505859375
72	-140	3943.10595703125
72	-138	3943.49560546875
72	-136	3943.89453125
72	-134	3944.267578125
72	-132	3944.63330078125
72	-130	3945.01708984375
72	-128	3945.3603515625
72	-126	3945.6181640625
72	-124	3945.99560546875
72	-122	3946.28759765625
72	-120	3946.5986328125
72	-118	3946.90087890625
72	-116	3947.138671875
72	-114	3947.5009765625
72	-112	3947.76318359375
72	-110	3948.10498046875
72	-108	3948.31201171875
72	-106	3948.548828125
72	-104	3948.8095703125
72	-102	3949.02880859375
72	-100	3949.228515625
72	-98	3949.53173828125
72	-96	3949.7021484375
72	-94	3949.9384765625
72	-92	3950.12255859375
72	-90	3950.33056640625
72	-88	3950.5322265625
72	-86	3950.7021484375
72	-84	3950.89013671875
72	-82	3951.0830078125
72	-80	3951.2548828125
72	-78	3951.42724609375
72	-76	3951.63525390625
72	-74	3951.7783203125
72	-72	3951.8798828125
72	-70	3952.1171875
72	-68	3952.22119140625
72	-66	3952.33935546875
72	-64	3952.4912109375
72	-62	3952.62109375
72	-60	3952.75048828125
72	-58	3952.91552734375
72	-56	3953.04345703125
72	-54	3953.1474609375
72	-52	3953.26123046875
72	-50	3953.390625
72	-48	3953.46533203125
72	-46	3953.54931640625
72	-44	3953.69091796875
72	-42	3953.76416015625
72	-40	3953.8095703125
72	-38	3953.9248046875
72	-36	3954.03125
72	-34	3954.0966796875
72	-32	3954.15087890625
72	-30	3954.2509765625
72	-28	3954.35888671875
72	-26	3954.3486328125
72	-24	3954.43359375
72	-22	3954.48095703125
72	-20	3954.5400390625
72	-18	3954.59326171875
72	-16	3954.6591796875
72	-14	3954.70947265625
72	-12	3954.7353515625
72	-10	3954.73583984375
72	-8	3954.7666015625
72	-6	3954.84033203125
72	-4	3954.8720703125
72	-2	3954.8662109375
72	0	3954.900390625
72	2	3954.9462890625
72	4	3954.99267578125
72	6	3954.98583984375
72	8	3954.98388671875
72	10	3955.00732421875
72	12	3954.98876953125
72	14	3954.990234375
72	16	3954.97216796875
72	18	3954.990234375
72	20	3954.9970703125
72	22	3954.96435546875
72	24	3954.9775390625
72	26	3954.97705078125
72	28	3954.9384765625
72	30	3954.96728515625
72	32	3954.90576171875
72	34	3954.869140625
72	36	3954.869140625
72	38	3954.85546875
72	40	3954.79296875
72	42	3954.8076171875
72	44	3954.77734375
72	46	3954.7646484375
72	48	3954.72998046875
72	50	3954.6767578125
72	52	3954.6630859375
72	54	3954.6162109375
72	56	3954.54345703125
72	58	3954.51806640625
72	60	3954.470703125
72	62	3954.41162109375
72	64	3954.392578125
72	66	3954.34033203125
72	68	3954.2880859375
72	70	3954.240234375
72	72	3954.20166015625
72	74	3954.17431640625
72	76	3954.0751953125
72	78	3954.00048828125
72	80	3953.96337890625
72	82	3953.86669921875
72	84	3953.7822265625
72	86	3953.748046875
72	88	3953.65673828125
72	90	3953.48779296875
72	92	3953.45849609375
72	94	3953.3623046875
72	96	3953.20751953125
72	98	3952.9541015625
76	-290	3855.521484375
76	-288	3857.50390625
76	-286	3859.3515625
76	-284	3860.95458984375
76	-282	3862.7900390625
76	-280	3864.64111328125
76	-278	3866.41748046875
76	-276	3868.115234375
76	-274	3869.85693359375
76	-272	3871.66455078125
76	-270	3873.42626953125
76	-268	3874.98486328125
76	-266	3876.732421875
76	-264	3878.38916015625
76	-262	3880.2470703125
76	-260	3881.90625
76	-258	3883.5126953125
76	-256	3885.0849609375
76	-254	3886.72265625
76	-252	3888.298828125
76	-250	3889.90625
76	-248	3891.41796875
76	-246	3892.91748046875
76	-244	3894.4072265625
76	-242	3895.97265625
76	-240	3897.39306640625
76	-238	3898.896484375
76	-236	3900.36865234375
76	-234	3901.79052734375
76	-232	3903.2333984375
76	-230	3904.6328125
76	-228	3905.96630859375
76	-226	3907.345703125
76	-224	3908.68994140625
76	-222	3909.96337890625
76	-220	3911.224609375
76	-218	3912.568359375
76	-216	3913.6845703125
76	-214	3914.91845703125
76	-212	3915.9599609375
76	-210	3917.20849609375
76	-208	3918.2509765625
76	-206	3919.37353515625
76	-204	3920.3857421875
76	-202	3921.48876953125
76	-200	3922.38134765625
76	-198	3923.2978515625
76	-196	3924.236328125
76	-194	3925.11865234375
76	-192	3925.99169921875
76	-190	3926.89013671875
76	-188	3927.72412109375
76	-186	3928.4677734375
76	-184	3929.30859375
76	-182	3930.07275390625
76	-180	3930.74853515625
76	-178	3931.4677734375
76	-176	3932.0908203125
76	-174	3932.71533203125
76	-172	3933.32763671875
76	-170	3933.87939453125
76	-168	3934.44970703125
76	-166	3935.10400390625
76	-164	3935.6298828125
76	-162	3936.171875
76	-160	3936.72314453125
76	-158	3937.2607421875
76	-156	3937.79248046875
76	-154	3938.306640625
76	-152	3938.77099609375
76	-150	3939.259765625
76	-148	3939.7041015625
76	-146	3940.13134765625
76	-144	3940.62890625
76	-142	3941.03125
76	-140	3941.41064453125
76	-138	3941.7333984375
76	-136	3942.14501953125
76	-134	3942.49755859375
76	-132	3942.798828125
76	-130	3943.11572265625
76	-128	3943.55224609375
76	-126	3943.86181640625
76	-124	3944.130859375
76	-122	3944.51123046875
76	-120	3944.7958984375
76	-118	3945.0830078125
76	-116	3945.3740234375
76	-114	3945.62548828125
76	-112	3945.86181640625
76	-110	3946.12353515625
76	-108	3946.4189453125
76	-106	3946.583984375
76	-104	3946.85107421875
76	-102	3947.0859375
76	-100	3947.32861328125
76	-98	3947.5302734375
76	-96	3947.71630859375
76	-94	3947.8896484375
76	-92	3948.10205078125
76	-90	3948.34912109375
76	-88	3948.583984375
76	-86	3948.74609375
76	-84	3948.9150390625
76	-82	3949.056640625
76	-80	3949.2265625
76	-78	3949.431640625
76	-76	3949.56494140625
76	-74	3949.71533203125
76	-72	3949.86669921875
76	-70	3950.06494140625
76	-68	3950.212890625
76	-66	3950.3466796875
76	-64	3950.4814453125
76	-62	3950.61376953125
76	-60	3950.6494140625
76	-58	3950.8154296875
76	-56	3950.93115234375
76	-54	3951.041015625
76	-52	3951.1767578125
76	-50	3951.3310546875
76	-48	3951.34228515625
76	-46	3951.4580078125
76	-44	3951.5927734375
76	-42	3951.634765625
76	-40	3951.6953125
76	-38	3951.7958984375
76	-36	3951.9052734375
76	-34	3951.935546875
76	-32	3952.048828125
76	-30	3952.12646484375
76	-28	3952.171875
76	-26	3952.2978515625
76	-24	3952.30126953125
76	-22	3952.39794921875
76	-20	3952.42333984375
76	-18	3952.48046875
76	-16	3952.5908203125
76	-14	3952.66162109375
76	-12	3952.703125
76	-10	3952.75390625
76	-8	3952.791015625
76	-6	3952.79052734375
76	-4	3952.8349609375
76	-2	3952.84375
76	0	3952.875
76	2	3952.890625
76	4	3952.88427734375
76	6	3952.89599609375
76	8	3952.91259765625
76	10	3952.93505859375
76	12	3952.9287109375
76	14	3952.95703125
76	16	3952.970703125
76	18	3952.9853515625
76	20	3952.91357421875
76	22	3952.95556640625
76	24	3952.953125
76	26	3952.99169921875
76	28	3952.95947265625
76	30	3952.93896484375
76	32	3952.8974609375
76	34	3952.83740234375
76	36	3952.818359375
76	38	3952.818359375
76	40	3952.798828125
76	42	3952.75927734375
76	44	3952.705078125
76	46	3952.6875
76	48	3952.6376953125
76	50	3952.642578125
76	52	3952.63818359375
76	54	3952.59375
76	56	3952.55322265625
76	58	3952.482421875
76	60	3952.45458984375
76	62	3952.4228515625
76	64	3952.39306640625
76	66	3952.28173828125
76	68	3952.2568359375
76	70	3952.166015625
76	72	3952.140625
76	74	3952.060546875
76	76	3951.99853515625
76	78	3951.92724609375
76	80	3951.85009765625
76	82	3951.82177734375
76	84	3951.68017578125
76	86	3951.6279296875
76	88	3951.5390625
76	90	3951.474609375
76	92	3951.33154296875
76	94	3951.232421875
76	96	3951.064453125
76	98	3950.89306640625
80	-290	3856.716796875
80	-288	3858.5947265625
80	-286	3860.4326171875
80	-284	3862.2158203125
80	-282	3863.93701171875
80	-280	3865.6376953125
80	-278	3867.38525390625
80	-276	3869.12451171875
80	-274	3870.91455078125
80	-272	3872.556640625
80	-270	3874.3515625
80	-268	3876.01708984375
80	-266	3877.7685546875
80	-264	3879.439453125
80	-262	3881.12451171875
80	-260	3882.734375
80	-258	3884.3583984375
80	-256	3886.01708984375
80	-254	3887.630859375
80	-252	3889.2021484375
80	-250	3890.59033203125
80	-248	3892.07373046875
80	-246	3893.55908203125
80	-244	3895.0341796875
80	-242	3896.51220703125
80	-240	3897.9404296875
80	-238	3899.38720703125
80	-236	3900.740234375
80	-234	3902.26953125
80	-232	3903.62548828125
80	-230	3904.90185546875
80	-228	3906.13427734375
80	-226	3907.48095703125
80	-224	3908.78662109375
80	-222	3910.0048828125
80	-220	3911.2265625
80	-218	3912.30908203125
80	-216	3913.56787109375
80	-214	3914.5517578125
80	-212	3915.55419921875
80	-210	3916.619140625
80	-208	3917.595703125
80	-206	3918.62646484375
80	-204	3919.548828125
80	-202	3920.4755859375
80	-200	3921.375
80	-198	3922.232421875
80	-196	3923.12060546875
80	-194	3924.0078125
80	-192	3924.85791015625
80	-190	3925.58154296875
80	-188	3926.337890625
80	-186	3927.048828125
80	-184	3927.724609375
80	-182	3928.48046875
80	-180	3929.13671875
80	-178	3929.7578125
80	-176	3930.43994140625
80	-174	3931.00830078125
80	-172	3931.525390625
80	-170	3932.22998046875
80	-168	3932.736328125
80	-166	3933.2744140625
80	-164	3933.83447265625
80	-162	3934.29052734375
80	-160	3934.7685546875
80	-158	3935.30810546875
80	-156	3935.826171875
80	-154	3936.240234375
80	-152	3936.638671875
80	-150	3936.98828125
80	-148	3937.49072265625
80	-146	3937.8623046875
80	-144	3938.36474609375
80	-142	3938.708984375
80	-140	3939.07080078125
80	-138	3939.50537109375
80	-136	3939.888671875
80	-134	3940.18310546875
80	-132	3940.5439453125
80	-130	3940.78759765625
80	-128	3941.138671875
80	-126	3941.5029296875
80	-124	3941.7734375
80	-122	3942.0068359375
80	-120	3942.29345703125
80	-118	3942.666015625
80	-116	3942.88623046875
80	-114	3943.203125
80	-112	3943.39111328125
80	-110	3943.62939453125
80	-108	3943.912109375
80	-106	3944.1240234375
80	-104	3944.263671875
80	-102	3944.5498046875
80	-100	3944.79736328125
80	-98	3944.9697265625
80	-96	3945.2158203125
80	-94	3945.3798828125
80	-92	3945.60302734375
80	-90	3945.71826171875
80	-88	3945.947265625
80	-86	3946.12255859375
80	-84	3946.3330078125
80	-82	3946.49365234375
80	-80	3946.63671875
80	-78	3946.7978515625
80	-76	3946.9931640625
80	-74	3947.12109375
80	-72	3947.25927734375
80	-70	3947.33544921875
80	-68	3947.43017578125
80	-66	3947.57958984375
80	-64	3947.77392578125
80	-62	3947.9033203125
80	-60	3947.998046875
80	-58	3948.13525390625
80	-56	3948.2626953125
80	-54	3948.4189453125
80	-52	3948.5400390625
80	-50	3948.60595703125
80	-48	3948.73193359375
80	-46	3948.81201171875
80	-44	3948.9287109375
80	-42	3948.9912109375
80	-40	3949.0556640625
80	-38	3949.17333984375
80	-36	3949.2763671875
80	-34	3949.36181640625
80	-32	3949.44873046875
80	-30	3949.4541015625
80	-28	3949.52783203125
80	-26	3949.5908203125
80	-24	3949.68017578125
80	-22	3949.69482421875
80	-20	3949.7734375
80	-18	3949.76513671875
80	-16	3949.85791015625
80	-14	3949.837890625
80	-12	3949.92138671875
80	-10	3949.91796875
80	-8	3949.970703125
80	-6	3949.99169921875
80	-4	3950.0390625
80	-2	3950.10595703125
80	0	3950.0732421875
80	2	3950.13427734375
80	4	3950.13916015625
80	6	3950.21484375
80	8	3950.21142578125
80	10	3950.2138671875
80	12	3950.21826171875
80	14	3950.26318359375
80	16	3950.2412109375
80	18	3950.24560546875
80	20	3950.21435546875
80	22	3950.22509765625
80	24	3950.201171875
80	26	3950.1953125
80	28	3950.22216796875
80	30	3950.23046875
80	32	3950.21875
80	34	3950.18994140625
80	36	3950.1640625
80	38	3950.138671875
80	40	3950.10009765625
80	42	3950.087890625
80	44	3950.08544921875
80	46	3950.00390625
80	48	3949.97265625
80	50	3949.9501953125
80	52	3949.91259765625
80	54	3949.8486328125
80	56	3949.8359375
80	58	3949.77392578125
80	60	3949.73046875
80	62	3949.68212890625
80	64	3949.6376953125
80	66	3949.63232421875
80	68	3949.61865234375
80	70	3949.6044921875
80	72	3949.4990234375
80	74	3949.42529296875
80	76	3949.365234375
80	78	3949.35400390625
80	80	3949.23193359375
80	82	3949.19189453125
80	84	3949.05224609375
80	86	3949.0673828125
80	88	3948.96923828125
80	90	3948.802734375
80	92	3948.7216796875
80	94	3948.6396484375
80	96	3948.5087890625
80	98	3948.26025390625
84	-290	3858.34619140625
84	-288	3860.03955078125
84	-286	3861.81201171875
84	-284	3863.5947265625
84	-282	3865.2109375
84	-280	3867.0390625
84	-278	3868.748046875
84	-276	3870.40380859375
84	-274	3872.18017578125
84	-272	3873.88330078125
84	-270	3875.68212890625
84	-268	3877.25732421875
84	-266	3878.88232421875
84	-264	3880.638671875
84	-262	3882.36279296875
84	-260	3883.82666015625
84	-258	3885.4091796875
84	-256	3886.83447265625
84	-254	3888.3408203125
84	-252	3889.85205078125
84	-250	3891.26611328125
84	-248	3892.6845703125
84	-246	3894.11474609375
84	-244	3895.6005859375
84	-242	3897.1162109375
84	-240	3898.3486328125
84	-238	3899.6748046875
84	-236	3901.07568359375
84	-234	3902.41650390625
84	-232	3903.62939453125
84	-230	3904.93701171875
84	-228	3906.07958984375
84	-226	3907.2177734375
84	-224	3908.40380859375
84	-222	3909.51123046875
84	-220	3910.58740234375
84	-218	3911.662109375
84	-216	3912.66455078125
84	-214	3913.7353515625
84	-212	3914.5927734375
84	-210	3915.68212890625
84	-208	3916.50146484375
84	-206	3917.46875
84	-204	3918.314453125
84	-202	3919.17529296875
84	-200	3920.02294921875
84	-198	3920.78466796875
84	-196	3921.4931640625
84	-194	3922.296875
84	-192	3923.0712890625
84	-190	3923.82568359375
84	-188	3924.46142578125
84	-186	3925.17626953125
84	-184	3925.76806640625
84	-182	3926.44580078125
84	-180	3926.95458984375
84	-178	3927.6181640625
84	-176	3928.251953125
84	-174	3928.7529296875
84	-172	3929.3505859375
84	-170	3929.91552734375
84	-168	3930.29248046875
84	-166	3930.8154296875
84	-164	3931.2255859375
84	-162	3931.75390625
84	-160	3932.1826171875
84	-158	3932.63427734375
84	-156	3932.990234375
84	-154	3933.40478515625
84	-152	3933.8359375
84	-150	3934.22216796875
84	-148	3934.5947265625
84	-146	3934.9951171875
84	-144	3935.48046875
84	-142	3935.8310546875
84	-140	3936.216796875
84	-138	3936.51123046875
84	-136	3936.904296875
84	-134	3937.283203125
84	-132	3937.56689453125
84	-130	3937.93115234375
84	-128	3938.220703125
84	-126	3938.48974609375
84	-124	3938.734375
84	-122	3939.041015625
84	-120	3939.29345703125
84	-118	3939.580078125
84	-116	3939.82568359375
84	-114	3940.08203125
84	-112	3940.28369140625
84	-110	3940.5263671875
84	-108	3940.76220703125
84	-106	3941.08447265625
84	-104	3941.2705078125
84	-102	3941.419921875
84	-100	3941.6572265625
84	-98	3941.82421875
84	-96	3941.98779296875
84	-94	3942.20166015625
84	-92	3942.384765625
84	-90	3942.599609375
84	-88	3942.72900390625
84	-86	3942.89013671875
84	-84	3943.00634765625
84	-82	3943.265625
84	-80	3943.41943359375
84	-78	3943.58154296875
84	-76	3943.7646484375
84	-74	3943.908203125
84	-72	3944.046875
84	-70	3944.083984375
84	-68	3944.2431640625
84	-66	3944.40869140625
84	-64	3944.55322265625
84	-62	3944.6474609375
84	-60	3944.72607421875
84	-58	3944.77587890625
84	-56	3944.96484375
84	-54	3945.01220703125
84	-52	3945.15673828125
84	-50	3945.2060546875
84	-48	3945.32470703125
84	-46	3945.45654296875
84	-44	3945.5703125
84	-42	3945.697265625
84	-40	3945.73974609375
84	-38	3945.77197265625
84	-36	3945.82568359375
84	-34	3945.90185546875
84	-32	3946.0478515625
84	-30	3946.0576171875
84	-28	3946.11328125
84	-26	3946.2548828125
84	-24	3946.3134765625
84	-22	3946.3447265625
84	-20	3946.37109375
84	-18	3946.37841796875
84	-16	3946.49755859375
84	-14	3946.490234375
84	-12	3946.54248046875
84	-10	3946.572265625
84	-8	3946.6259765625
84	-6	3946.64013671875
84	-4	3946.65625
84	-2	3946.69775390625
84	0	3946.775390625
84	2	3946.8349609375
84	4	3946.84423828125
84	6	3946.8515625
84	8	3946.9140625
84	10	3946.8525390625
84	12	3946.9345703125
84	14	3946.9150390625
84	16	3946.9453125
84	18	3946.96337890625
84	20	3946.94775390625
84	22	3946.97412109375
84	24	3946.8876953125
84	26	3946.91357421875
84	28	3946.93017578125
84	30	3946.9306640625
84	32	3946.90576171875
84	34	3946.9189453125
84	36	3946.8330078125
84	38	3946.81005859375
84	40	3946.7880859375
84	42	3946.85205078125
84	44	3946.78076171875
84	46	3946.78662109375
84	48	3946.6748046875
84	50	3946.67431640625
84	52	3946.69775390625
84	54	3946.65478515625
84	56	3946.63623046875
84	58	3946.580078125
84	60	3946.52294921875
84	62	3946.49560546875
84	64	3946.43798828125
84	66	3946.40283203125
84	68	3946.3037109375
84	70	3946.22119140625
84	72	3946.228515625
84	74	3946.2021484375
84	76	3946.11865234375
84	78	3946.0546875
84	80	3945.99755859375
84	82	3945.9326171875
84	84	3945.88720703125
84	86	3945.83056640625
84	88	3945.69580078125
84	90	3945.6416015625
84	92	3945.58203125
84	94	3945.48681640625
84	96	3945.32861328125
84	98	3945.03662109375
88	-290	3860.02587890625
88	-288	3861.9287109375
88	-286	3863.76953125
88	-284	3865.45068359375
88	-282	3867.0634765625
88	-280	3868.6513671875
88	-278	3870.3974609375
88	-276	3871.98193359375
88	-274	3873.61767578125
88	-272	3875.20263671875
88	-270	3876.9697265625
88	-268	3878.548828125
88	-266	3880.03125
88	-264	3881.52685546875
88	-262	3883.00732421875
88	-260	3884.6904296875
88	-258	3886.19140625
88	-256	3887.56494140625
88	-254	3888.9384765625
88	-252	3890.42236328125
88	-250	3891.72509765625
88	-248	3893.28564453125
88	-246	3894.64697265625
88	-244	3896.0302734375
88	-242	3897.2548828125
88	-240	3898.51220703125
88	-238	3899.81103515625
88	-236	3900.92529296875
88	-234	3902.1328125
88	-232	3903.3544921875
88	-230	3904.52587890625
88	-228	3905.4970703125
88	-226	3906.57861328125
88	-224	3907.69677734375
88	-222	3908.646484375
88	-220	3909.603515625
88	-218	3910.5419921875
88	-216	3911.58544921875
88	-214	3912.39404296875
88	-212	3913.3173828125
88	-210	3914.20263671875
88	-208	3915.05029296875
88	-206	3915.79150390625
88	-204	3916.68115234375
88	-202	3917.3681640625
88	-200	3918.0283203125
88	-198	3918.7392578125
88	-196	3919.4365234375
88	-194	3920.201171875
88	-192	3920.830078125
88	-190	3921.4111328125
88	-188	3922.06640625
88	-186	3922.73583984375
88	-184	3923.2568359375
88	-182	3923.87060546875
88	-180	3924.3193359375
88	-178	3924.89794921875
88	-176	3925.39990234375
88	-174	3925.955078125
88	-172	3926.47705078125
88	-170	3926.931640625
88	-168	3927.40478515625
88	-166	3927.92919921875
88	-164	3928.30078125
88	-162	3928.80859375
88	-160	3929.240234375
88	-158	3929.6328125
88	-156	3929.98779296875
88	-154	3930.33740234375
88	-152	3930.70068359375
88	-150	3931.048828125
88	-148	3931.42822265625
88	-146	3931.74853515625
88	-144	3932.056640625
88	-142	3932.423828125
88	-140	3932.74462890625
88	-138	3933.10693359375
88	-136	3933.40283203125
88	-134	3933.7763671875
88	-132	3934.07666015625
88	-130	3934.328125
88	-128	3934.59423828125
88	-126	3934.8935546875
88	-124	3935.16015625
88	-122	3935.458984375
88	-120	3935.751953125
88	-118	3936.04541015625
88	-116	3936.2724609375
88	-114	3936.5712890625
88	-112	3936.76171875
88	-110	3936.93505859375
88	-108	3937.13330078125
88	-106	3937.3525390625
88	-104	3937.515625
88	-102	3937.7109375
88	-100	3937.88525390625
88	-98	3938.06787109375
88	-96	3938.26123046875
88	-94	3938.45556640625
88	-92	3938.58203125
88	-90	3938.77685546875
88	-88	3938.9677734375
88	-86	3939.07470703125
88	-84	3939.27587890625
88	-82	3939.3662109375
88	-80	3939.52197265625
88	-78	3939.6650390625
88	-76	3939.818359375
88	-74	3940.0205078125
88	-72	3940.1611328125
88	-70	3940.23876953125
88	-68	3940.40478515625
88	-66	3940.4814453125
88	-64	3940.6259765625
88	-62	3940.806640625
88	-60	3940.96044921875
88	-58	3940.88671875
88	-56	3941.10693359375
88	-54	3941.23583984375
88	-52	3941.259765625
88	-50	3941.4248046875
88	-48	3941.474609375
88	-46	3941.56005859375
88	-44	3941.56591796875
88	-42	3941.73095703125
88	-40	3941.8046875
88	-38	3941.81494140625
88	-36	3941.83642578125
88	-34	3941.9326171875
88	-32	3942.0244140625
88	-30	3942.14794921875
88	-28	3942.19189453125
88	-26	3942.2529296875
88	-24	3942.31884765625
88	-22	3942.36181640625
88	-20	3942.4248046875
88	-18	3942.4580078125
88	-16	3942.48583984375
88	-14	3942.61083984375
88	-12	3942.70849609375
88	-10	3942.677734375
88	-8	3942.7900390625
88	-6	3942.75244140625
88	-4	3942.828125
88	-2	3942.7802734375
88	0	3942.78515625
88	2	3942.837890625
88	4	3942.875
88	6	3942.845703125
88	8	3942.92041015625
88	10	3942.87255859375
88	12	3942.86474609375
88	14	3942.908203125
88	16	3942.904296875
88	18	3942.982421875
88	20	3942.97119140625
88	22	3942.892578125
88	24	3942.9521484375
88	26	3942.9189453125
88	28	3942.92333984375
88	30	3942.89306640625
88	32	3942.8662109375
88	34	3942.857421875
88	36	3942.89208984375
88	38	3942.8427734375
88	40	3942.86083984375
88	42	3942.8408203125
88	44	3942.81982421875
88	46	3942.81103515625
88	48	3942.712890625
88	50	3942.73046875
88	52	3942.74658203125
88	54	3942.6416015625
88	56	3942.59912109375
88	58	3942.59130859375
88	60	3942.60009765625
88	62	3942.4775390625
88	64	3942.482421875
88	66	3942.45361328125
88	68	3942.38525390625
88	70	3942.32421875
88	72	3942.34521484375
88	74	3942.25732421875
88	76	3942.17822265625
88	78	3942.17724609375
88	80	3942.1064453125
88	82	3942.0185546875
88	84	3941.97509765625
88	86	3941.8935546875
88	88	3941.849609375
88	90	3941.72705078125
88	92	3941.6103515625
88	94	3941.59765625
88	96	3941.46142578125
88	98	3941.08984375
92	-290	3862.16748046875
92	-288	3863.81103515625
92	-286	3865.5546875
92	-284	3867.14794921875
92	-282	3868.74609375
92	-280	3870.3232421875
92	-278	3871.9580078125
92	-276	3873.5927734375
92	-274	3875.00927734375
92	-272	3876.58056640625
92	-270	3878.0654296875
92	-268	3879.5400390625
92	-266	3881.12744140625
92	-264	3882.55810546875
92	-262	3884.0703125
92	-260	3885.55908203125
92	-258	3887.02587890625
92	-256	3888.3427734375
92	-254	3889.708984375
92	-252	3890.8359375
92	-250	3892.185546875
92	-248	3893.4599609375
92	-246	3894.77734375
92	-244	3895.9765625
92	-242	3897.04296875
92	-240	3898.0908203125
92	-238	3899.15673828125
92	-236	3900.228515625
92	-234	3901.3427734375
92	-232	3902.34765625
92	-230	3903.3994140625
92	-228	3904.31103515625
92	-226	3905.2783203125
92	-224	3906.232421875
92	-222	3907.15185546875
92	-220	3907.9921875
92	-218	3908.72900390625
92	-216	3909.62744140625
92	-214	3910.50146484375
92	-212	3911.30419921875
92	-210	3912.0849609375
92	-208	3912.75341796875
92	-206	3913.443359375
92	-204	3914.2001953125
92	-202	3914.8134765625
92	-200	3915.4658203125
92	-198	3916.22998046875
92	-196	3916.873046875
92	-194	3917.47509765625
92	-192	3917.93505859375
92	-190	3918.49755859375
92	-188	3919.02001953125
92	-186	3919.59765625
92	-184	3920.05517578125
92	-182	3920.58056640625
92	-180	3921.1435546875
92	-178	3921.61767578125
92	-176	3922.02978515625
92	-174	3922.47607421875
92	-172	3922.994140625
92	-170	3923.380859375
92	-168	3923.734375
92	-166	3924.212890625
92	-164	3924.6826171875
92	-162	3925.10205078125
92	-160	3925.4248046875
92	-158	3925.7900390625
92	-156	3926.15234375
92	-154	3926.46875
92	-152	3926.86083984375
92	-150	3927.2158203125
92	-148	3927.4443359375
92	-146	3927.70166015625
92	-144	3928.07421875
92	-142	3928.33447265625
92	-140	3928.68017578125
92	-138	3928.96240234375
92	-136	3929.267578125
92	-134	3929.546875
92	-132	3929.83544921875
92	-130	3930.1572265625
92	-128	3930.45849609375
92	-126	3930.630859375
92	-124	3930.86572265625
92	-122	3931.18701171875
92	-120	3931.40673828125
92	-118	3931.5888671875
92	-116	3931.90673828125
92	-114	3932.04296875
92	-112	3932.29638671875
92	-110	3932.4814453125
92	-108	3932.7236328125
92	-106	3932.9345703125
92	-104	3933.10546875
92	-102	3933.236328125
92	-100	3933.421875
92	-98	3933.611328125
92	-96	3933.82470703125
92	-94	3933.98193359375
92	-92	3934.111328125
92	-90	3934.2998046875
92	-88	3934.416015625
92	-86	3934.5634765625
92	-84	3934.64306640625
92	-82	3934.90771484375
92	-80	3935.04248046875
92	-78	3935.2138671875
92	-76	3935.32421875
92	-74	3935.525390625
92	-72	3935.64892578125
92	-70	3935.755859375
92	-68	3935.9150390625
92	-66	3935.93896484375
92	-64	3936.076171875
92	-62	3936.1376953125
92	-60	3936.353515625
92	-58	3936.3935546875
92	-56	3936.5126953125
92	-54	3936.6005859375
92	-52	3936.732421875
92	-50	3936.712890625
92	-48	3936.87255859375
92	-46	3936.89013671875
92	-44	3936.98486328125
92	-42	3937.11669921875
92	-40	3937.13916015625
92	-38	3937.20751953125
92	-36	3937.2490234375
92	-34	3937.3564453125
92	-32	3937.47607421875
92	-30	3937.51708984375
92	-28	3937.57568359375
92	-26	3937.63916015625
92	-24	3937.67724609375
92	-22	3937.7216796875
92	-20	3937.84033203125
92	-18	3937.80908203125
92	-16	3937.8740234375
92	-14	3937.8779296875
92	-12	3937.94140625
92	-10	3938.04296875
92	-8	3937.978515625
92	-6	3938.0576171875
92	-4	3938.05859375
92	-2	3938.15234375
92	0	3938.15478515625
92	2	3938.17529296875
92	4	3938.255859375
92	6	3938.2392578125
92	8	3938.287109375
92	10	3938.29736328125
92	12	3938.32666015625
92	14	3938.3291015625
92	16	3938.3662109375
92	18	3938.3798828125
92	20	3938.4248046875
92	22	3938.3486328125
92	24	3938.37255859375
92	26	3938.38623046875
92	28	3938.3232421875
92	30	3938.3662109375
92	32	3938.34521484375
92	34	3938.2734375
92	36	3938.294921875
92	38	3938.24365234375
92	40	3938.25732421875
92	42	3938.2421875
92	44	3938.18115234375
92	46	3938.2080078125
92	48	3938.1259765625
92	50	3938.05810546875
92	52	3938.06982421875
92	54	3938.078125
92	56	3938.00634765625
92	58	3937.97998046875
92	60	3937.9169921875
92	62	3937.95654296875
92	64	3937.82568359375
92	66	3937.82763671875
92	68	3937.71240234375
92	70	3937.703125
92	72	3937.6826171875
92	74	3937.61083984375
92	76	3937.52978515625
92	78	3937.517578125
92	80	3937.43603515625
92	82	3937.4140625
92	84	3937.263671875
92	86	3937.19091796875
92	88	3937.1357421875
92	90	3937.07568359375
92	92	3936.98681640625
92	94	3936.8701171875
92	96	3936.7470703125
92	98	3936.40283203125
96	-290	3864.05126953125
96	-288	3865.7412109375
96	-286	3867.25439453125
96	-284	3868.73486328125
96	-282	3870.31689453125
96	-280	3871.8447265625
96	-278	3873.21630859375
96	-276	3874.68359375
96	-274	3876.18017578125
96	-272	3877.578125
96	-270	3878.92333984375
96	-268	3880.3857421875
96	-266	3881.869140625
96	-264	3883.185546875
96	-262	3884.43994140625
96	-260	3885.80126953125
96	-258	3887.01123046875
96	-256	3888.2255859375
96	-254	3889.32470703125
96	-252	3890.51953125
96	-250	3891.68408203125
96	-248	3892.73486328125
96	-246	3893.806640625
96	-244	3894.91015625
96	-242	3895.96240234375
96	-240	3896.8671875
96	-238	3897.8203125
96	-236	3898.77587890625
96	-234	3899.75439453125
96	-232	3900.681640625
96	-230	3901.51611328125
96	-228	3902.36669921875
96	-226	3903.361328125
96	-224	3904.03125
96	-222	3904.8056640625
96	-220	3905.52294921875
96	-218	3906.24267578125
96	-216	3906.91162109375
96	-214	3907.66748046875
96	-212	3908.41650390625
96	-210	3908.9814453125
96	-208	3909.57470703125
96	-206	3910.2451171875
96	-204	3910.80322265625
96	-202	3911.38330078125
96	-200	3912.03125
96	-198	3912.62841796875
96	-196	3913.07177734375
96	-194	3913.7412109375
96	-192	3914.31787109375
96	-190	3914.77197265625
96	-188	3915.2197265625
96	-186	3915.6318359375
96	-184	3916.04736328125
96	-182	3916.43359375
96	-180	3917.03857421875
96	-178	3917.43310546875
96	-176	3917.83154296875
96	-174	3918.3037109375
96	-172	3918.72998046875
96	-170	3919.048828125
96	-168	3919.46435546875
96	-166	3919.796875
96	-164	3920.22802734375
96	-162	3920.69482421875
96	-160	3920.94677734375
96	-158	3921.2353515625
96	-156	3921.5615234375
96	-154	3921.92236328125
96	-152	3922.18212890625
96	-150	3922.50927734375
96	-148	3922.89990234375
96	-146	3923.1123046875
96	-144	3923.39599609375
96	-142	3923.736328125
96	-140	3923.97998046875
96	-138	3924.25
96	-136	3924.44482421875
96	-134	3924.763671875
96	-132	3925.0234375
96	-130	3925.3369140625
96	-128	3925.57275390625
96	-126	3925.88134765625
96	-124	3926.0849609375
96	-122	3926.31884765625
96	-120	3926.51025390625
96	-118	3926.7587890625
96	-116	3926.9765625
96	-114	3927.11962890625
96	-112	3927.2431640625
96	-110	3927.5087890625
96	-108	3927.72705078125
96	-106	3927.927734375
96	-104	3928.10693359375
96	-102	3928.2783203125
96	-100	3928.44091796875
96	-98	3928.65234375
96	-96	3928.900390625
96	-94	3929.07763671875
96	-92	3929.1875
96	-90	3929.26953125
96	-88	3929.486328125
96	-86	3929.6171875
96	-84	3929.796875
96	-82	3929.8837890625
96	-80	3930.05517578125
96	-78	3930.203125
96	-76	3930.30322265625
96	-74	3930.39306640625
96	-72	3930.564453125
96	-70	3930.6220703125
96	-68	3930.69140625
96	-66	3930.890625
96	-64	3930.92724609375
96	-62	3931.06689453125
96	-60	3931.27392578125
96	-58	3931.2412109375
96	-56	3931.400390625
96	-54	3931.51611328125
96	-52	3931.712890625
96	-50	3931.7099609375
96	-48	3931.7451171875
96	-46	3931.7841796875
96	-44	3931.87451171875
96	-42	3931.98828125
96	-40	3932.02783203125
96	-38	3932.12353515625
96	-36	3932.11669921875
96	-34	3932.1640625
96	-32	3932.32958984375
96	-30	3932.38232421875
96	-28	3932.4013671875
96	-26	3932.49072265625
96	-24	3932.5302734375
96	-22	3932.6416015625
96	-20	3932.60009765625
96	-18	3932.7099609375
96	-16	3932.78515625
96	-14	3932.66796875
96	-12	3932.77880859375
96	-10	3932.83740234375
96	-8	3932.939453125
96	-6	3932.9365234375
96	-4	3933.0087890625
96	-2	3932.97265625
96	0	3932.96630859375
96	2	3932.98779296875
96	4	3933.06201171875
96	6	3933.103515625
96	8	3933.072265625
96	10	3933.1044921875
96	12	3933.12890625
96	14	3933.1181640625
96	16	3933.0654296875
96	18	3933.15380859375
96	20	3933.1201171875
96	22	3933.08447265625
96	24	3933.09375
96	26	3933.0751953125
96	28	3933.09375
96	30	3933.10009765625
96	32	3933.10302734375
96	34	3933.15185546875
96	36	3933.0654296875
96	38	3933.0478515625
96	40	3933.06787109375
96	42	3932.994140625
96	44	3933.0830078125
96	46	3933.02001953125
96	48	3933.00927734375
96	50	3932.99072265625
96	52	3932.90869140625
96	54	3932.89404296875
96	56	3932.93798828125
96	58	3932.86474609375
96	60	3932.85693359375
96	62	3932.8251953125
96	64	3932.78515625
96	66	3932.755859375
96	68	3932.60205078125
96	70	3932.6630859375
96	72	3932.5556640625
96	74	3932.54150390625
96	76	3932.48046875
96	78	3932.42578125
96	80	3932.349609375
96	82	3932.326171875
96	84	3932.21630859375
96	86	3932.19384765625
96	88	3932.1259765625
96	90	3932.00048828125
96	92	3931.98779296875
96	94	3931.79638671875
96	96	3931.6376953125
96	98	3931.4130859375
100	-290	3865.8544921875
100	-288	3867.09814453125
100	-286	3868.59326171875
100	-284	3870.01220703125
100	-282	3871.28076171875
100	-280	3872.7509765625
100	-278	3873.927734375
100	-276	3875.27392578125
100	-274	3876.5205078125
100	-272	3877.681640625
100	-270	3878.88525390625
100	-268	3880.208984375
100	-266	3881.5498046875
100	-264	3882.58544921875
100	-262	3883.7158203125
100	-260	3884.8486328125
100	-258	3885.9560546875
100	-256	3887.015625
100	-254	3888.064453125
100	-252	3889.0615234375
100	-250	3890.21533203125
100	-248	3891.09912109375
100	-246	3891.93408203125
100	-244	3892.90576171875
100	-242	3893.8720703125
100	-240	3894.6748046875
100	-238	3895.49951171875
100	-236	3896.384765625
100	-234	3897.123046875
100	-232	3897.90234375
100	-230	3898.6357421875
100	-228	3899.2890625
100	-226	3900.01416015625
100	-224	3900.77001953125
100	-222	3901.43798828125
100	-220	3902.0556640625
100	-218	3902.638671875
100	-216	3903.29833984375
100	-214	3903.931640625
100	-212	3904.52783203125
100	-210	3905.11376953125
100	-208	3905.578125
100	-206	3906.18408203125
100	-204	3906.66162109375
100	-202	3907.26220703125
100	-200	3907.69140625
100	-198	3908.28173828125
100	-196	3908.69482421875
100	-194	3909.16943359375
100	-192	3909.58837890625
100	-190	3910.05322265625
100	-188	3910.54736328125
100	-186	3910.96484375
100	-184	3911.3125
100	-182	3911.69580078125
100	-180	3912.171875
100	-178	3912.5966796875
100	-176	3912.896484375
100	-174	3913.24853515625
100	-172	3913.626953125
100	-170	3913.99072265625
100	-168	3914.32275390625
100	-166	3914.71728515625
100	-164	3915.017578125
100	-162	3915.234375
100	-160	3915.70751953125
100	-158	3916.05859375
100	-156	3916.3994140625
100	-154	3916.60791015625
100	-152	3916.806640625
100	-150	3917.11962890625
100	-148	3917.41064453125
100	-146	3917.65576171875
100	-144	3917.94677734375
100	-142	3918.18603515625
100	-140	3918.421875
100	-138	3918.92236328125
100	-136	3919.02587890625
100	-134	3919.2744140625
100	-132	3919.53759765625
100	-130	3919.69287109375
100	-128	3919.92138671875
100	-126	3920.14453125
100	-124	3920.3603515625
100	-122	3920.6142578125
100	-120	3920.81884765625
100	-118	3920.9794921875
100	-116	3921.1689453125
100	-114	3921.35888671875
100	-112	3921.5595703125
100	-110	3921.84912109375
100	-108	3922.029296875
100	-106	3922.2666015625
100	-104	3922.44970703125
100	-102	3922.54931640625
100	-100	3922.6904296875
100	-98	3922.83447265625
100	-96	3923.0546875
100	-94	3923.14208984375
100	-92	3923.2958984375
100	-90	3923.44970703125
100	-88	3923.68798828125
100	-86	3923.7451171875
100	-84	3923.95556640625
100	-82	3924.0302734375
100	-80	3924.2314453125
100	-78	3924.3544921875
100	-76	3924.490234375
100	-74	3924.6162109375
100	-72	3924.69970703125
100	-70	3924.826171875
100	-68	3924.9228515625
100	-66	3924.998046875
100	-64	3925.126953125
100	-62	3925.2763671875
100	-60	3925.35009765625
100	-58	3925.384765625
100	-56	3925.54248046875
100	-54	3925.61181640625
100	-52	3925.5517578125
100	-50	3925.70849609375
100	-48	3925.8076171875
100	-46	3925.9521484375
100	-44	3926.06201171875
100	-42	3926.052734375
100	-40	3926.1806640625
100	-38	3926.359375
100	-36	3926.37109375
100	-34	3926.42822265625
100	-32	3926.36474609375
100	-30	3926.62841796875
100	-28	3926.59521484375
100	-26	3926.59912109375
100	-24	3926.61572265625
100	-22	3926.6923828125
100	-20	3926.76123046875
100	-18	3926.7734375
100	-16	3926.8017578125
100	-14	3926.833984375
100	-12	3926.8857421875
100	-10	3926.912109375
100	-8	3926.9560546875
100	-6	3927.00634765625
100	-4	3926.9658203125
100	-2	3927.0576171875
100	0	3927.08837890625
100	2	3927.12646484375
100	4	3927.1123046875
100	6	3927.14599609375
100	8	3927.1494140625
100	10	3927.154296875
100	12	3927.2470703125
100	14	3927.1845703125
100	16	3927.1201171875
100	18	3927.20947265625
100	20	3927.16650390625
100	22	3927.1904296875
100	24	3927.13671875
100	26	3927.28955078125
100	28	3927.21728515625
100	30	3927.22314453125
100	32	3927.2060546875
100	34	3927.177734375
100	36	3927.12890625
100	38	3927.11669921875
100	40	3927.0830078125
100	42	3927.1064453125
100	44	3927.05419921875
100	46	3927.107421875
100	48	3927.01318359375
100	50	3927.0048828125
100	52	3926.951171875
100	54	3926.95166015625
100	56	3926.9228515625
100	58	3926.85693359375
100	60	3926.83251953125
100	62	3926.74755859375
100	64	3926.6767578125
100	66	3926.60888671875
100	68	3926.6494140625
100	70	3926.52978515625
100	72	3926.48388671875
100	74	3926.4345703125
100	76	3926.3779296875
100	78	3926.36767578125
100	80	3926.39599609375
100	82	3926.24462890625
100	84	3926.2060546875
100	86	3926.23046875
100	88	3926.10595703125
100	90	3925.88330078125
100	92	3925.908203125
100	94	3925.828125
100	96	3925.71337890625
100	98	3925.31640625
104	-290	3866.11669921875
104	-288	3867.48486328125
104	-286	3868.6875
104	-284	3869.8759765625
104	-282	3871.13671875
104	-280	3872.27685546875
104	-278	3873.439453125
104	-276	3874.60302734375
104	-274	3875.640625
104	-272	3876.6953125
104	-270	3877.86474609375
104	-268	3878.90283203125
104	-266	3879.83251953125
104	-264	3880.85546875
104	-262	3881.90869140625
104	-260	3882.88623046875
104	-258	3883.7607421875
104	-256	3884.76611328125
104	-254	3885.52294921875
104	-252	3886.3984375
104	-250	3887.2978515625
104	-248	3888.07275390625
104	-246	3888.9775390625
104	-244	3889.92822265625
104	-242	3890.5419921875
104	-240	3891.27734375
104	-238	3891.91162109375
104	-236	3892.57958984375
104	-234	3893.275390625
104	-232	3893.91259765625
104	-230	3894.55078125
104	-228	3895.17529296875
104	-226	3895.79443359375
104	-224	3896.37353515625
104	-222	3896.85546875
104	-220	3897.4755859375
104	-218	3898.0341796875
104	-216	3898.51416015625
104	-214	3898.9951171875
104	-212	3899.53125
104	-210	3900.12548828125
104	-208	3900.54248046875
104	-206	3900.89794921875
104	-204	3901.44189453125
104	-202	3901.9833984375
104	-200	3902.36083984375
104	-198	3902.71484375
104	-196	3903.21533203125
104	-194	3903.6220703125
104	-192	3904.14208984375
104	-190	3904.52587890625
104	-188	3905.0283203125
104	-186	3905.27734375
104	-184	3905.6748046875
104	-182	3905.98876953125
104	-180	3906.435546875
104	-178	3906.77783203125
104	-176	3907.1376953125
104	-174	3907.41455078125
104	-172	3907.80029296875
104	-170	3908.14697265625
104	-168	3908.54736328125
104	-166	3908.7548828125
104	-164	3909.04248046875
104	-162	3909.25244140625
104	-160	3909.615234375
104	-158	3909.85546875
104	-156	3910.15087890625
104	-154	3910.58447265625
104	-152	3910.6943359375
104	-150	3911.0166015625
104	-148	3911.1494140625
104	-146	3911.48046875
104	-144	3911.810546875
104	-142	3912.021484375
104	-140	3912.09326171875
104	-138	3912.39013671875
104	-136	3912.60302734375
104	-134	3912.845703125
104	-132	3913.06640625
104	-130	3913.1591796875
104	-128	3913.43212890625
104	-126	3913.58837890625
104	-124	3913.86181640625
104	-122	3914.1201171875
104	-120	3914.2861328125
104	-118	3914.4619140625
104	-116	3914.74169921875
104	-114	3914.85791015625
104	-112	3915.09912109375
104	-110	3915.228515625
104	-108	3915.4599609375
104	-106	3915.55859375
104	-104	3915.7744140625
104	-102	3915.833984375
104	-100	3916.16748046875
104	-98	3916.20166015625
104	-96	3916.431640625
104	-94	3916.63671875
104	-92	3916.74755859375
104	-90	3916.80810546875
104	-88	3916.97021484375
104	-86	3917.1259765625
104	-84	3917.220703125
104	-82	3917.4150390625
104	-80	3917.46826171875
104	-78	3917.5888671875
104	-76	3917.71484375
104	-74	3917.8330078125
104	-72	3917.9599609375
104	-70	3918.052734375
104	-68	3918.09130859375
104	-66	3918.205078125
104	-64	3918.37255859375
104	-62	3918.34765625
104	-60	3918.4794921875
104	-58	3918.712890625
104	-56	3918.72998046875
104	-54	3918.73974609375
104	-52	3918.7890625
104	-50	3918.98681640625
104	-48	3919.03759765625
104	-46	3919.1259765625
104	-44	3919.2275390625
104	-42	3919.3056640625
104	-40	3919.29931640625
104	-38	3919.404296875
104	-36	3919.49365234375
104	-34	3919.59033203125
104	-32	3919.5908203125
104	-30	3919.6318359375
104	-28	3919.81396484375
104	-26	3919.77490234375
104	-24	3919.7783203125
104	-22	3919.8466796875
104	-20	3919.9638671875
104	-18	3919.97509765625
104	-16	3920.04345703125
104	-14	3920.0263671875
104	-12	3920.13671875
104	-10	3920.12841796875
104	-8	3920.17626953125
104	-6	3920.24951171875
104	-4	3920.302734375
104	-2	3920.3212890625
104	0	3920.37158203125
104	2	3920.40869140625
104	4	3920.47705078125
104	6	3920.38916015625
104	8	3920.3837890625
104	10	3920.41064453125
104	12	3920.48388671875
104	14	3920.4599609375
104	16	3920.455078125
104	18	3920.41455078125
104	20	3920.4990234375
104	22	3920.48876953125
104	24	3920.58154296875
104	26	3920.59375
104	28	3920.44970703125
104	30	3920.556640625
104	32	3920.4677734375
104	34	3920.484375
104	36	3920.45068359375
104	38	3920.3798828125
104	40	3920.4384765625
104	42	3920.404296875
104	44	3920.34814453125
104	46	3920.3984375
104	48	3920.28955078125
104	50	3920.28173828125
104	52	3920.23046875
104	54	3920.18798828125
104	56	3920.2392578125
104	58	3920.18701171875
104	60	3920.05810546875
104	62	3919.9912109375
104	64	3920.07177734375
104	66	3919.9658203125
104	68	3920.0048828125
104	70	3919.9814453125
104	72	3919.841796875
104	74	3919.78955078125
104	76	3919.8505859375
104	78	3919.7412109375
104	80	3919.7373046875
104	82	3919.75341796875
104	84	3919.6162109375
104	86	3919.6044921875
104	88	3919.546875
104	90	3919.38232421875
104	92	3919.38916015625
104	94	3919.24267578125
104	96	3919.09033203125
104	98	3918.7568359375
108	-290	3865.357421875
108	-288	3866.43798828125
108	-286	3867.42822265625
108	-284	3868.48291015625
108	-282	3869.658203125
108	-280	3870.51953125
108	-278	3871.455078125
108	-276	3872.458984375
108	-274	3873.33447265625
108	-272	3874.39111328125
108	-270	3875.2587890625
108	-268	3876.14794921875
108	-266	3876.96337890625
108	-264	3877.8486328125
108	-262	3878.76025390625
108	-260	3879.43701171875
108	-258	3880.38671875
108	-256	3881.11376953125
108	-254	3881.8046875
108	-252	3882.62939453125
108	-250	3883.16796875
108	-248	3884.0166015625
108	-246	3884.658203125
108	-244	3885.279296875
108	-242	3885.8486328125
108	-240	3886.5595703125
108	-238	3887.14013671875
108	-236	3887.662109375
108	-234	3888.2587890625
108	-232	3888.8056640625
108	-230	3889.216796875
108	-228	3889.8291015625
108	-226	3890.27783203125
108	-224	3890.89111328125
108	-222	3891.4150390625
108	-220	3891.96728515625
108	-218	3892.41162109375
108	-216	3892.76953125
108	-214	3893.2705078125
108	-212	3893.59033203125
108	-210	3894.078125
108	-208	3894.51806640625
108	-206	3894.98193359375
108	-204	3895.42431640625
108	-202	3895.72314453125
108	-200	3896.16796875
108	-198	3896.5029296875
108	-196	3896.91455078125
108	-194	3897.31787109375
108	-192	3897.75732421875
108	-190	3898.1044921875
108	-188	3898.37890625
108	-186	3898.65380859375
108	-184	3898.98583984375
108	-182	3899.3095703125
108	-180	3899.544921875
108	-178	3899.904296875
108	-176	3900.2763671875
108	-174	3900.59619140625
108	-172	3900.86376953125
108	-170	3901.1767578125
108	-168	3901.42626953125
108	-166	3901.58837890625
108	-164	3901.9638671875
108	-162	3902.16259765625
108	-160	3902.41650390625
108	-158	3902.73828125
108	-156	3902.978515625
108	-154	3903.2783203125
108	-152	3903.50830078125
108	-150	3903.755859375
108	-148	3904.07421875
108	-146	3904.31005859375
108	-144	3904.47509765625
108	-142	3904.69287109375
108	-140	3904.8740234375
108	-138	3905.1787109375
108	-136	3905.3466796875
108	-134	3905.5224609375
108	-132	3905.80517578125
108	-130	3905.93115234375
108	-128	3906.1533203125
108	-126	3906.2802734375
108	-124	3906.56103515625
108	-122	3906.60986328125
108	-120	3906.83349609375
108	-118	3907.044921875
108	-116	3907.31982421875
108	-114	3907.4794921875
108	-112	3907.62939453125
108	-110	3907.8203125
108	-108	3907.95751953125
108	-106	3908.1513671875
108	-104	3908.3017578125
108	-102	3908.396484375
108	-100	3908.5693359375
108	-98	3908.67041015625
108	-96	3908.79931640625
108	-94	3908.91650390625
108	-92	3908.98583984375
108	-90	3909.15185546875
108	-88	3909.29638671875
108	-86	3909.4169921875
108	-84	3909.5751953125
108	-82	3909.6669921875
108	-80	3909.798828125
108	-78	3909.8349609375
108	-76	3910.0361328125
108	-74	3910.2060546875
108	-72	3910.2939453125
108	-70	3910.47509765625
108	-68	3910.44775390625
108	-66	3910.537109375
108	-64	3910.58935546875
108	-62	3910.73046875
108	-60	3910.93017578125
108	-58	3910.93505859375
108	-56	3910.921875
108	-54	3911.1416015625
108	-52	3911.25390625
108	-50	3911.3916015625
108	-48	3911.4638671875
108	-46	3911.51904296875
108	-44	3911.4814453125
108	-42	3911.56494140625
108	-40	3911.61865234375
108	-38	3911.6103515625
108	-36	3911.71484375
108	-34	3911.89501953125
108	-32	3911.93994140625
108	-30	3911.94384765625
108	-28	3912.0625
108	-26	3912.05029296875
108	-24	3912.17431640625
108	-22	3912.21435546875
108	-20	3912.19677734375
108	-18	3912.26708984375
108	-16	3912.3349609375
108	-14	3912.45654296875
108	-12	3912.33935546875
108	-10	3912.59326171875
108	-8	3912.5908203125
108	-6	3912.525390625
108	-4	3912.62353515625
108	-2	3912.63134765625
108	0	3912.58251953125
108	2	3912.7265625
108	4	3912.8505859375
108	6	3912.7734375
108	8	3912.87841796875
108	10	3912.716796875
108	12	3912.7880859375
108	14	3912.8486328125
108	16	3912.78173828125
108	18	3912.77197265625
108	20	3912.76611328125
108	22	3912.70361328125
108	24	3912.82275390625
108	26	3912.69091796875
108	28	3912.68896484375
108	30	3912.71435546875
108	32	3912.79248046875
108	34	3912.68310546875
108	36	3912.7001953125
108	38	3912.8154296875
108	40	3912.6611328125
108	42	3912.7119140625
108	44	3912.62158203125
108	46	3912.6875
108	48	3912.744140625
108	50	3912.6748046875
108	52	3912.7314453125
108	54	3912.65185546875
108	56	3912.64794921875
108	58	3912.53662109375
108	60	3912.623046875
108	62	3912.49658203125
108	64	3912.55859375
108	66	3912.49560546875
108	68	3912.4189453125
108	70	3912.392578125
108	72	3912.375
108	74	3912.3291015625
108	76	3912.26513671875
108	78	3912.2197265625
108	80	3912.22705078125
108	82	3912.09423828125
108	84	3912.13134765625
108	86	3912.01123046875
108	88	3912.0244140625
108	90	3911.888671875
108	92	3911.9306640625
108	94	3911.7978515625
108	96	3911.5302734375
108	98	3911.1875
112	-290	3862.76806640625
112	-288	3863.638671875
112	-286	3864.40087890625
112	-284	3865.3173828125
112	-282	3866.294921875
112	-280	3867.01123046875
112	-278	3867.91064453125
112	-276	3868.8359375
112	-274	3869.6552734375
112	-272	3870.232421875
112	-270	3871.04931640625
112	-268	3871.845703125
112	-266	3872.515625
112	-264	3873.1083984375
112	-262	3873.87109375
112	-260	3874.60498046875
112	-258	3875.30615234375
112	-256	3876.001953125
112	-254	3876.55078125
112	-252	3877.15673828125
112	-250	3877.763671875
112	-248	3878.26171875
112	-246	3878.8759765625
112	-244	3879.51025390625
112	-242	3880.015625
112	-240	3880.52294921875
112	-238	3880.97265625
112	-236	3881.47802734375
112	-234	3881.9609375
112	-232	3882.345703125
112	-230	3882.712890625
112	-228	3883.37158203125
112	-226	3883.703125
112	-224	3884.05224609375
112	-222	3884.55615234375
112	-220	3884.955078125
112	-218	3885.5107421875
112	-216	3885.94921875
112	-214	3886.41162109375
112	-212	3886.748046875
112	-210	3887.04931640625
112	-208	3887.541015625
112	-206	3887.8505859375
112	-204	3888.21044921875
112	-202	3888.5537109375
112	-200	3888.8974609375
112	-198	3889.13671875
112	-196	3889.59375
112	-194	3889.8720703125
112	-192	3890.19921875
112	-190	3890.43310546875
112	-188	3890.81298828125
112	-186	3891.087890625
112	-184	3891.4921875
112	-182	3891.66015625
112	-180	3891.892578125
112	-178	3892.29443359375
112	-176	3892.46533203125
112	-174	3892.74853515625
112	-172	3893.0849609375
112	-170	3893.3466796875
112	-168	3893.55859375
112	-166	3893.7578125
112	-164	3893.94384765625
112	-162	3894.31298828125
112	-160	3894.55810546875
112	-158	3894.89208984375
112	-156	3895.0810546875
112	-154	3895.1953125
112	-152	3895.396484375
112	-150	3895.5673828125
112	-148	3895.78857421875
112	-146	3896.0625
112	-144	3896.33056640625
112	-142	3896.56982421875
112	-140	3896.65576171875
112	-138	3896.89697265625
112	-136	3897.0400390625
112	-134	3897.267578125
112	-132	3897.52587890625
112	-130	3897.70849609375
112	-128	3897.87451171875
112	-126	3898.060546875
112	-124	3898.130859375
112	-122	3898.28466796875
112	-120	3898.494140625
112	-118	3898.849609375
112	-116	3898.9091796875
112	-114	3899.0888671875
112	-112	3899.3125
112	-110	3899.52099609375
112	-108	3899.5341796875
112	-106	3899.7578125
112	-104	3899.72705078125
112	-102	3900.03955078125
112	-100	3900.0908203125
112	-98	3900.22607421875
112	-96	3900.29541015625
112	-94	3900.4072265625
112	-92	3900.52587890625
112	-90	3900.57080078125
112	-88	3900.64306640625
112	-86	3900.7998046875
112	-84	3900.89599609375
112	-82	3901.19873046875
112	-80	3901.24365234375
112	-78	3901.29248046875
112	-76	3901.3330078125
112	-74	3901.4912109375
112	-72	3901.5888671875
112	-70	3901.75927734375
112	-68	3901.86572265625
112	-66	3901.72265625
112	-64	3902.04443359375
112	-62	3902.115234375
112	-60	3902.16552734375
112	-58	3902.3154296875
112	-56	3902.33203125
112	-54	3902.3974609375
112	-52	3902.41015625
112	-50	3902.60546875
112	-48	3902.63916015625
112	-46	3902.66943359375
112	-44	3902.6865234375
112	-42	3902.88330078125
112	-40	3902.8994140625
112	-38	3903.03466796875
112	-36	3903.04443359375
112	-34	3903.130859375
112	-32	3903.1513671875
112	-30	3903.1904296875
112	-28	3903.30859375
112	-26	3903.41845703125
112	-24	3903.416015625
112	-22	3903.333984375
112	-20	3903.533203125
112	-18	3903.47412109375
112	-16	3903.5556640625
112	-14	3903.6083984375
112	-12	3903.5693359375
112	-10	3903.681640625
112	-8	3903.6767578125
112	-6	3903.75048828125
112	-4	3903.7294921875
112	-2	3903.671875
112	0	3903.7529296875
112	2	3903.78369140625
112	4	3903.77099609375
112	6	3903.94775390625
112	8	3903.76513671875
112	10	3903.787109375
112	12	3903.904296875
112	14	3903.98388671875
112	16	3903.99072265625
112	18	3903.9580078125
112	20	3903.92919921875
112	22	3903.91796875
112	24	3904.02587890625
112	26	3903.8837890625
112	28	3903.84765625
112	30	3903.90087890625
112	32	3903.83837890625
112	34	3903.90380859375
112	36	3903.9140625
112	38	3903.81103515625
112	40	3903.927734375
112	42	3903.751953125
112	44	3903.9296875
112	46	3903.88232421875
112	48	3903.91455078125
112	50	3903.93603515625
112	52	3903.91748046875
112	54	3903.84375
112	56	3903.81494140625
112	58	3903.8310546875
112	60	3903.71435546875
112	62	3903.650390625
112	64	3903.6923828125
112	66	3903.60693359375
112	68	3903.66650390625
112	70	3903.6640625
112	72	3903.5458984375
112	74	3903.5224609375
112	76	3903.509765625
112	78	3903.44677734375
112	80	3903.4892578125
112	82	3903.486328125
112	84	3903.3115234375
112	86	3903.29248046875
112	88	3903.158203125
112	90	3903.21484375
112	92	3903.158203125
112	94	3902.96240234375
112	96	3902.74462890625
112	98	3902.3447265625
116	-290	3857.974609375
116	-288	3858.90478515625
116	-286	3859.47802734375
116	-284	3860.24658203125
116	-282	3860.802734375
116	-280	3861.48486328125
116	-278	3862.1474609375
116	-276	3862.8681640625
116	-274	3863.447265625
116	-272	3864.2265625
116	-270	3864.81396484375
116	-268	3865.5126953125
116	-266	3865.96923828125
116	-264	3866.5439453125
116	-262	3866.943359375
116	-260	3867.5556640625
116	-258	3868.2451171875
116	-256	3868.76953125
116	-254	3869.1357421875
116	-252	3869.6953125
116	-250	3870.13720703125
116	-248	3870.6552734375
116	-246	3871.08154296875
116	-244	3871.6318359375
116	-242	3871.88330078125
116	-240	3872.44091796875
116	-238	3872.78955078125
116	-236	3873.31640625
116	-234	3873.578125
116	-232	3874.11865234375
116	-230	3874.59130859375
116	-228	3874.95849609375
116	-226	3875.36669921875
116	-224	3875.60302734375
116	-222	3876.05029296875
116	-220	3876.375
116	-218	3876.751953125
116	-216	3877.15869140625
116	-214	3877.50341796875
116	-212	3877.80029296875
116	-210	3878.123046875
116	-208	3878.56103515625
116	-206	3878.765625
116	-204	3879.2685546875
116	-202	3879.40283203125
116	-200	3879.90673828125
116	-198	3880.3388671875
116	-196	3880.5205078125
116	-194	3880.7197265625
116	-192	3881.1337890625
116	-190	3881.31591796875
116	-188	3881.6103515625
116	-186	3881.9091796875
116	-184	3882.10302734375
116	-182	3882.48828125
116	-180	3882.6201171875
116	-178	3882.99267578125
116	-176	3883.14453125
116	-174	3883.50634765625
116	-172	3883.7919921875
116	-170	3883.88134765625
116	-168	3884.154296875
116	-166	3884.2861328125
116	-164	3884.57470703125
116	-162	3884.77099609375
116	-160	3884.95166015625
116	-158	3885.15966796875
116	-156	3885.38818359375
116	-154	3885.609375
116	-152	3885.9931640625
116	-150	3886.087890625
116	-148	3886.3896484375
116	-146	3886.4892578125
116	-144	3886.517578125
116	-142	3887.04638671875
116	-140	3886.94140625
116	-138	3887.146484375
116	-136	3887.42626953125
116	-134	3887.62939453125
116	-132	3887.68310546875
116	-130	3887.95361328125
116	-128	3888.04150390625
116	-126	3888.23876953125
116	-124	3888.33349609375
116	-122	3888.58544921875
116	-120	3888.74169921875
116	-118	3888.833984375
116	-116	3888.89013671875
116	-114	3889.1259765625
116	-112	3889.228515625
116	-110	3889.39208984375
116	-108	3889.5185546875
116	-106	3889.5556640625
116	-104	3889.89013671875
116	-102	3889.96923828125
116	-100	3890.052734375
116	-98	3890.1552734375
116	-96	3890.427734375
116	-94	3890.54931640625
116	-92	3890.5322265625
116	-90	3890.79150390625
116	-88	3890.72998046875
116	-86	3890.97705078125
116	-84	3891.06298828125
116	-82	3891.0556640625
116	-80	3891.05859375
116	-78	3891.36083984375
116	-76	3891.4130859375
116	-74	3891.5615234375
116	-72	3891.61328125
116	-70	3891.73291015625
116	-68	3891.845703125
116	-66	3891.9501953125
116	-64	3891.958984375
116	-62	3892.115234375
116	-60	3892.27490234375
116	-58	3892.185546875
116	-56	3892.34765625
116	-54	3892.37109375
116	-52	3892.416015625
116	-50	3892.453125
116	-48	3892.60791015625
116	-46	3892.65380859375
116	-44	3892.6591796875
116	-42	3892.6708984375
116	-40	3892.7626953125
116	-38	3892.7978515625
116	-36	3893.00341796875
116	-34	3893.064453125
116	-32	3893.02783203125
116	-30	3893.125
116	-28	3893.111328125
116	-26	3893.158203125
116	-24	3893.08251953125
116	-22	3893.234375
116	-20	3893.11669921875
116	-18	3893.37060546875
116	-16	3893.31689453125
116	-14	3893.29541015625
116	-12	3893.31103515625
116	-10	3893.4873046875
116	-8	3893.42919921875
116	-6	3893.455078125
116	-4	3893.5634765625
116	-2	3893.49072265625
116	0	3893.521484375
116	2	3893.60498046875
116	4	3893.6474609375
116	6	3893.50146484375
116	8	3893.54833984375
116	10	3893.58251953125
116	12	3893.5986328125
116	14	3893.689453125
116	16	3893.65283203125
116	18	3893.65478515625
116	20	3893.63134765625
116	22	3893.71142578125
116	24	3893.77978515625
116	26	3893.77490234375
116	28	3893.7099609375
116	30	3893.80126953125
116	32	3893.76513671875
116	34	3893.73681640625
116	36	3893.7490234375
116	38	3893.71533203125
116	40	3893.78076171875
116	42	3893.74755859375
116	44	3893.63916015625
116	46	3893.65478515625
116	48	3893.697265625
116	50	3893.60107421875
116	52	3893.66845703125
116	54	3893.48779296875
116	56	3893.56884765625
116	58	3893.66650390625
116	60	3893.51708984375
116	62	3893.5390625
116	64	3893.50390625
116	66	3893.38134765625
116	68	3893.40576171875
116	70	3893.4921875
116	72	3893.349609375
116	74	3893.36572265625
116	76	3893.33935546875
116	78	3893.2666015625
116	80	3893.16748046875
116	82	3893.02587890625
116	84	3893.27001953125
116	86	3893.02490234375
116	88	3892.95068359375
116	90	3893.02978515625
116	92	3892.90185546875
116	94	3892.68994140625
116	96	3892.54150390625
116	98	3892.34912109375
120	-290	3851.06591796875
120	-288	3851.6826171875
120	-286	3852.29443359375
120	-284	3853.04541015625
120	-282	3853.52490234375
120	-280	3853.998046875
120	-278	3854.5927734375
120	-276	3855.13671875
120	-274	3855.66064453125
120	-272	3856.1865234375
120	-270	3856.71826171875
120	-268	3857.31591796875
120	-266	3857.85205078125
120	-264	3858.302734375
120	-262	3858.5732421875
120	-260	3859.22216796875
120	-258	3859.72021484375
120	-256	3860.22705078125
120	-254	3860.55078125
120	-252	3860.9638671875
120	-250	3861.474609375
120	-248	3861.9130859375
120	-246	3862.41845703125
120	-244	3862.74560546875
120	-242	3863.19482421875
120	-240	3863.572265625
120	-238	3863.93408203125
120	-236	3864.5625
120	-234	3864.7412109375
120	-232	3865.13037109375
120	-230	3865.2998046875
120	-228	3865.69091796875
120	-226	3866.166015625
120	-224	3866.4990234375
120	-222	3866.77880859375
120	-220	3867.19677734375
120	-218	3867.4580078125
120	-216	3867.74560546875
120	-214	3868.08740234375
120	-212	3868.38818359375
120	-210	3868.88232421875
120	-208	3869.0517578125
120	-206	3869.41015625
120	-204	3869.587890625
120	-202	3869.77197265625
120	-200	3870.08935546875
120	-198	3870.38623046875
120	-196	3870.6142578125
120	-194	3871.0927734375
120	-192	3871.265625
120	-190	3871.587890625
120	-188	3871.72802734375
120	-186	3871.865234375
120	-184	3872.2138671875
120	-182	3872.4169921875
120	-180	3872.69189453125
120	-178	3872.9560546875
120	-176	3873.21630859375
120	-174	3873.48291015625
120	-172	3873.796875
120	-170	3874.16796875
120	-168	3874.14697265625
120	-166	3874.32421875
120	-164	3874.55810546875
120	-162	3874.65966796875
120	-160	3874.7890625
120	-158	3875.00390625
120	-156	3875.37451171875
120	-154	3875.27099609375
120	-152	3875.5556640625
120	-150	3875.67529296875
120	-148	3875.8896484375
120	-146	3876.17138671875
120	-144	3876.3349609375
120	-142	3876.57421875
120	-140	3876.7646484375
120	-138	3876.80322265625
120	-136	3876.9794921875
120	-134	3877.1162109375
120	-132	3877.40625
120	-130	3877.43408203125
120	-128	3877.63671875
120	-126	3877.9052734375
120	-124	3877.89697265625
120	-122	3878.08837890625
120	-120	3878.201171875
120	-118	3878.30078125
120	-116	3878.4384765625
120	-114	3878.595703125
120	-112	3878.712890625
120	-110	3878.85302734375
120	-108	3879
120	-106	3879.0390625
120	-104	3879.21240234375
120	-102	3879.3505859375
120	-100	3879.51123046875
120	-98	3879.51806640625
120	-96	3879.6171875
120	-94	3879.9208984375
120	-92	3879.93115234375
120	-90	3880.1259765625
120	-88	3880.20263671875
120	-86	3880.26611328125
120	-84	3880.3447265625
120	-82	3880.3515625
120	-80	3880.5439453125
120	-78	3880.5810546875
120	-76	3880.75732421875
120	-74	3880.8857421875
120	-72	3880.83642578125
120	-70	3881.11083984375
120	-68	3881.0693359375
120	-66	3881.185546875
120	-64	3881.19482421875
120	-62	3881.3720703125
120	-60	3881.5263671875
120	-58	3881.34423828125
120	-56	3881.59912109375
120	-54	3881.5927734375
120	-52	3881.6572265625
120	-50	3881.708984375
120	-48	3881.826171875
120	-46	3881.99755859375
120	-44	3881.83447265625
120	-42	3881.94873046875
120	-40	3882.0078125
120	-38	3882.24462890625
120	-36	3882.056640625
120	-34	3882.20849609375
120	-32	3882.251953125
120	-30	3882.29345703125
120	-28	3882.392578125
120	-26	3882.50732421875
120	-24	3882.42724609375
120	-22	3882.44384765625
120	-20	3882.71923828125
120	-18	3882.515625
120	-16	3882.55029296875
120	-14	3882.79150390625
120	-12	3882.69189453125
120	-10	3882.59619140625
120	-8	3882.83984375
120	-6	3882.7919921875
120	-4	3882.74267578125
120	-2	3882.88134765625
120	0	3882.92626953125
120	2	3882.87451171875
120	4	3882.80517578125
120	6	3882.9267578125
120	8	3882.8671875
120	10	3882.91162109375
120	12	3883.0302734375
120	14	3882.93408203125
120	16	3882.970703125
120	18	3883.095703125
120	20	3883.04248046875
120	22	3882.87451171875
120	24	3883.0458984375
120	26	3882.98291015625
120	28	3882.91259765625
120	30	3883.12841796875
120	32	3883.0673828125
120	34	3882.86328125
120	36	3882.90869140625
120	38	3882.99951171875
120	40	3882.94970703125
120	42	3883.00244140625
120	44	3882.95947265625
120	46	3882.8759765625
120	48	3882.91259765625
120	50	3882.91162109375
120	52	3882.91357421875
120	54	3882.970703125
120	56	3883.0068359375
120	58	3882.8720703125
120	60	3882.90234375
120	62	3882.83251953125
120	64	3882.8095703125
120	66	3882.82275390625
120	68	3882.70458984375
120	70	3882.82080078125
120	72	3882.60791015625
120	74	3882.75146484375
120	76	3882.6455078125
120	78	3882.76806640625
120	80	3882.50146484375
120	82	3882.47265625
120	84	3882.4169921875
120	86	3882.2890625
120	88	3882.376953125
120	90	3882.31201171875
120	92	3882.248046875
120	94	3882.06396484375
120	96	3881.84423828125
120	98	3881.59619140625
