64	-290	3805
64	-288	3806.59375
64	-286	3808.625
64	-284	3810.21875
64	-282	3812.1953125
64	-280	3813.8359375
64	-278	3815.4609375
64	-276	3817.9453125
64	-274	3820.1015625
64	-272	3822.140625
64	-270	3824.328125
64	-268	3825.6484375
64	-266	3827.625
64	-264	3829.28125
64	-262	3830.7734375
64	-260	3833.2578125
64	-258	3834.8359375
64	-256	3837.0859375
64	-254	3838.984375
64	-252	3840.40625
64	-250	3842.1015625
64	-248	3843.75
64	-246	3845.2890625
64	-244	3846.890625
64	-242	3848.4609375
64	-240	3850.0546875
64	-238	3851.265625
64	-236	3852.625
64	-234	3853.796875
64	-232	3855.6953125
64	-230	3857.6015625
64	-228	3858.796875
64	-226	3860.4609375
64	-224	3861.515625
64	-222	3862.78125
64	-220	3864.2578125
64	-218	3865.7890625
64	-216	3867.5
64	-214	3869.03125
64	-212	3870.3203125
64	-210	3871.2734375
64	-208	3872.34375
64	-206	3873.3125
64	-204	3874.2890625
64	-202	3875.6484375
64	-200	3876.4921875
64	-198	3877.8671875
64	-196	3879.53125
64	-194	3880.40625
64	-192	3881.7734375
64	-190	3882.6953125
64	-188	3883.6953125
64	-186	3884.3125
64	-184	3885.3203125
64	-182	3886.4609375
64	-180	3887.140625
64	-178	3888.1328125
64	-176	3889.046875
64	-174	3890.046875
64	-172	3890.59375
64	-170	3891.21875
64	-168	3891.828125
64	-166	3892.5078125
64	-164	3893.109375
64	-162	3893.8046875
64	-160	3894.2265625
64	-158	3894.7109375
64	-156	3895.328125
64	-154	3895.84375
64	-152	3896.3515625
64	-150	3897.1015625
64	-148	3897.3828125
64	-146	3897.984375
64	-144	3898.265625
64	-142	3899.0390625
64	-140	3899.65625
64	-138	3900.1953125
64	-136	3900.6796875
64	-134	3900.9609375
64	-132	3901.2734375
64	-130	3901.53125
64	-128	3901.6953125
64	-126	3902.109375
64	-124	3902.421875
64	-122	3902.796875
64	-120	3902.96875
64	-118	3903.421875
64	-116	3903.875
64	-114	3903.953125
64	-112	3904.546875
64	-110	3904.75
64	-108	3905.078125
64	-106	3905.2890625
64	-104	3905.578125
64	-102	3905.8203125
64	-100	3905.8515625
64	-98	3906.125
64	-96	3906.3046875
64	-94	3906.5859375
64	-92	3906.734375
64	-90	3907.125
64	-88	3907.15625
64	-86	3907.3828125
64	-84	3907.65625
64	-82	3907.8203125
64	-80	3908.0703125
64	-78	3908.2421875
64	-76	3908.53125
64	-74	3908.5703125
64	-72	3908.9375
64	-70	3909.2734375
64	-68	3909.2421875
64	-66	3909.4921875
64	-64	3909.53125
64	-62	3909.6484375
64	-60	3909.9296875
64	-58	3910.265625
64	-56	3910.21875
64	-54	3910.1875
64	-52	3910.40625
64	-50	3910.46875
64	-48	3910.5625
64	-46	3910.5859375
64	-44	3910.78125
64	-42	3910.953125
64	-40	3910.8515625
64	-38	3910.96875
64	-36	3910.90625
64	-34	3911.2578125
64	-32	3911.3046875
64	-30	3911.296875
64	-28	3911.5546875
64	-26	3911.6875
64	-24	3911.5546875
64	-22	3911.6953125
64	-20	3911.734375
64	-18	3911.859375
64	-16	3911.8984375
64	-14	3912.1328125
64	-12	3912.203125
64	-10	3912.328125
64	-8	3912.3359375
64	-6	3912.375
64	-4	3912.4609375
64	-2	3912.453125
64	0	3912.34375
64	2	3912.3984375
64	4	3912.4921875
64	6	3912.515625
64	8	3912.515625
64	10	3912.421875
64	12	3912.375
64	14	3912.34375
64	16	3912.453125
64	18	3912.390625
64	20	3912.4921875
64	22	3912.625
64	24	3912.7265625
64	26	3912.4296875
64	28	3912.359375
64	30	3912.265625
64	32	3912.421875
64	34	3912.2265625
64	36	3912.3828125
64	38	3912.296875
64	40	3912.2890625
64	42	3912.296875
64	44	3912.453125
64	46	3912.2109375
64	48	3912.3125
64	50	3912.15625
64	52	3912.1328125
64	54	3911.984375
64	56	3911.984375
64	58	3911.8984375
64	60	3911.671875
64	62	3911.765625
64	64	3911.84375
64	66	3911.5703125
64	68	3911.4609375
64	70	3911.5078125
64	72	3911.3203125
64	74	3911.296875
64	76	3911.328125
64	78	3911.1171875
64	80	3911.1875
64	82	3910.8828125
64	84	3910.984375
64	86	3910.875
64	88	3910.859375
64	90	3910.671875
64	92	3910.53125
64	94	3910.578125
64	96	3910.4453125
64	98	3910.15625
68	-290	3805.5390625
68	-288	3807.3671875
68	-286	3808.9765625
68	-284	3810.78125
68	-282	3812.453125
68	-280	3813.8203125
68	-278	3815.671875
68	-276	3818
68	-274	3819.4140625
68	-272	3822.0859375
68	-270	3824.3359375
68	-268	3826.5078125
68	-266	3827.921875
68	-264	3829.96875
68	-262	3831.375
68	-260	3833.265625
68	-258	3834.4765625
68	-256	3837.21875
68	-254	3838.3828125
68	-252	3839.6953125
68	-250	3841.65625
68	-248	3843.4765625
68	-246	3845.171875
68	-244	3846.8359375
68	-242	3848.5234375
68	-240	3849.765625
68	-238	3851.0625
68	-236	3852.7890625
68	-234	3854.1015625
68	-232	3855.65625
68	-230	3857.0625
68	-228	3858.65625
68	-226	3860.21875
68	-224	3861.7109375
68	-222	3862.8671875
68	-220	3864.265625
68	-218	3865.296875
68	-216	3866.9765625
68	-214	3868.390625
68	-212	3869.9296875
68	-210	3870.5390625
68	-208	3871.65625
68	-206	3873.40625
68	-204	3874.75
68	-202	3875.734375
68	-200	3877.140625
68	-198	3878.3125
68	-196	3879.6875
68	-194	3880.4453125
68	-192	3881.4609375
68	-190	3882.34375
68	-188	3883.125
68	-186	3883.5234375
68	-184	3884.6484375
68	-182	3885.59375
68	-180	3886.3828125
68	-178	3887.59375
68	-176	3888.0390625
68	-174	3888.875
68	-172	3889.625
68	-170	3890.046875
68	-168	3890.71875
68	-166	3891.6015625
68	-164	3892.390625
68	-162	3893.0625
68	-160	3893.4453125
68	-158	3894.0703125
68	-156	3894.6484375
68	-154	3895.0703125
68	-152	3896.046875
68	-150	3896.6171875
68	-148	3897.0234375
68	-146	3897.4453125
68	-144	3897.8125
68	-142	3898.125
68	-140	3898.6953125
68	-138	3899.1015625
68	-136	3899.4453125
68	-134	3899.71875
68	-132	3900.1171875
68	-130	3900.6328125
68	-128	3900.9140625
68	-126	3901.2734375
68	-124	3901.46875
68	-122	3901.921875
68	-120	3902.1328125
68	-118	3902.53125
68	-116	3902.546875
68	-114	3902.921875
68	-112	3903.3828125
68	-110	3903.6171875
68	-108	3903.8671875
68	-106	3904.2265625
68	-104	3904.703125
68	-102	3904.90625
68	-100	3905.203125
68	-98	3905.671875
68	-96	3905.796875
68	-94	3905.71875
68	-92	3906.0859375
68	-90	3906.09375
68	-88	3906.3125
68	-86	3906.453125
68	-84	3906.765625
68	-82	3907.015625
68	-80	3907.125
68	-78	3907.4140625
68	-76	3907.5
68	-74	3907.7890625
68	-72	3907.9296875
68	-70	3908.0859375
68	-68	3908.4453125
68	-66	3908.3828125
68	-64	3908.5234375
68	-62	3908.65625
68	-60	3908.9375
68	-58	3908.9140625
68	-56	3908.9375
68	-54	3909.28125
68	-52	3909.15625
68	-50	3909.3046875
68	-48	3909.3671875
68	-46	3909.6875
68	-44	3910.03125
68	-42	3910.015625
68	-40	3910.21875
68	-38	3910.2890625
68	-36	3910.09375
68	-34	3910.2890625
68	-32	3910.484375
68	-30	3910.6484375
68	-28	3910.5078125
68	-26	3910.984375
68	-24	3910.984375
68	-22	3910.9375
68	-20	3911
68	-18	3911.078125
68	-16	3911.109375
68	-14	3911.1875
68	-12	3911.125
68	-10	3911.2265625
68	-8	3911.328125
68	-6	3911.3046875
68	-4	3911.265625
68	-2	3911.2265625
68	0	3911.28125
68	2	3911.2578125
68	4	3911.3359375
68	6	3911.4296875
68	8	3911.296875
68	10	3911.1328125
68	12	3911.5234375
68	14	3911.2890625
68	16	3911.46875
68	18	3911.28125
68	20	3911.234375
68	22	3911.3515625
68	24	3911.09375
68	26	3911.03125
68	28	3911.234375
68	30	3911.1796875
68	32	3911.234375
68	34	3911.234375
68	36	3911.265625
68	38	3911.109375
68	40	3911.28125
68	42	3911.171875
68	44	3911.0859375
68	46	3911.0703125
68	48	3911.1171875
68	50	3911.0546875
68	52	3910.9140625
68	54	3910.8984375
68	56	3910.8984375
68	58	3910.8515625
68	60	3910.9921875
68	62	3910.921875
68	64	3910.828125
68	66	3910.8125
68	68	3910.6796875
68	70	3910.75
68	72	3910.5546875
68	74	3910.390625
68	76	3910.515625
68	78	3910.390625
68	80	3910.234375
68	82	3910.3984375
68	84	3910.2890625
68	86	3910.171875
68	88	3910.0703125
68	90	3909.8515625
68	92	3909.8671875
68	94	3909.625
68	96	3909.5703125
68	98	3909.25
72	-290	3805.3984375
72	-288	3807.8046875
72	-286	3809.6015625
72	-284	3810.9921875
72	-282	3813.2265625
72	-280	3815.828125
72	-278	3817.484375
72	-276	3818.859375
72	-274	3820.9765625
72	-272	3822.5390625
72	-270	3824.5234375
72	-268	3826.234375
72	-266	3828.3125
72	-264	3829.921875
72	-262	3832.078125
72	-260	3834.1484375
72	-258	3835.859375
72	-256	3837.65625
72	-254	3839.1171875
72	-252	3840.734375
72	-250	3842.484375
72	-248	3844.1640625
72	-246	3845.4921875
72	-244	3846.5546875
72	-242	3848.4609375
72	-240	3849.9609375
72	-238	3852.2578125
72	-236	3853.3984375
72	-234	3854.875
72	-232	3856.09375
72	-230	3857.5546875
72	-228	3858.703125
72	-226	3860.3359375
72	-224	3861.3828125
72	-222	3862.90625
72	-220	3864.3984375
72	-218	3865.359375
72	-216	3867.1796875
72	-214	3868.2890625
72	-212	3869.0390625
72	-210	3869.921875
72	-208	3871.46875
72	-206	3873.0625
72	-204	3874.3125
72	-202	3875.375
72	-200	3876.3984375
72	-198	3877.2734375
72	-196	3878.6953125
72	-194	3879.65625
72	-192	3880.5703125
72	-190	3881.6328125
72	-188	3882.875
72	-186	3883.53125
72	-184	3883.9296875
72	-182	3885.03125
72	-180	3885.640625
72	-178	3886.2265625
72	-176	3886.8671875
72	-174	3887.6640625
72	-172	3888.46875
72	-170	3889.4140625
72	-168	3890.21875
72	-166	3890.8125
72	-164	3891.3828125
72	-162	3891.8828125
72	-160	3892.6484375
72	-158	3893.1171875
72	-156	3893.859375
72	-154	3894.34375
72	-152	3894.890625
72	-150	3895.28125
72	-148	3895.5
72	-146	3896.0078125
72	-144	3896.546875
72	-142	3896.9765625
72	-140	3897.3984375
72	-138	3897.8984375
72	-136	3898.1796875
72	-134	3898.484375
72	-132	3899.2421875
72	-130	3899.46875
72	-128	3899.6328125
72	-126	3899.828125
72	-124	3900.1640625
72	-122	3900.3515625
72	-120	3900.7265625
72	-118	3901.0234375
72	-116	3901.5234375
72	-114	3901.5
72	-112	3901.9453125
72	-110	3902.3125
72	-108	3902.4296875
72	-106	3902.7578125
72	-104	3903.28125
72	-102	3903.484375
72	-100	3903.765625
72	-98	3903.8984375
72	-96	3904.125
72	-94	3904.2578125
72	-92	3904.546875
72	-90	3905.015625
72	-88	3905.390625
72	-86	3905.265625
72	-84	3905.46875
72	-82	3905.6796875
72	-80	3905.7890625
72	-78	3905.96875
72	-76	3906.03125
72	-74	3906.109375
72	-72	3906.3828125
72	-70	3906.7109375
72	-68	3906.8671875
72	-66	3907.0546875
72	-64	3907.0390625
72	-62	3907.2578125
72	-60	3907.375
72	-58	3907.5546875
72	-56	3907.7109375
72	-54	3907.953125
72	-52	3908.1171875
72	-50	3907.9453125
72	-48	3908.0703125
72	-46	3908.1171875
72	-44	3908.3125
72	-42	3908.5078125
72	-40	3908.828125
72	-38	3908.859375
72	-36	3909
72	-34	3909.125
72	-32	3909.1640625
72	-30	3909.1015625
72	-28	3909.15625
72	-26	3909.40625
72	-24	3909.359375
72	-22	3909.34375
72	-20	3909.28125
72	-18	3909.2265625
72	-16	3909.21875
72	-14	3909.5625
72	-12	3909.578125
72	-10	3909.390625
72	-8	3909.40625
72	-6	3909.734375
72	-4	3909.4140625
72	-2	3909.734375
72	0	3909.84375
72	2	3909.7578125
72	4	3909.8046875
72	6	3909.7578125
72	8	3909.96875
72	10	3910.0390625
72	12	3909.984375
72	14	3910.03125
72	16	3909.640625
72	18	3909.6875
72	20	3909.65625
72	22	3909.625
72	24	3909.953125
72	26	3909.8828125
72	28	3909.7109375
72	30	3909.8671875
72	32	3909.796875
72	34	3909.71875
72	36	3909.765625
72	38	3909.8828125
72	40	3909.578125
72	42	3909.6171875
72	44	3909.375
72	46	3909.484375
72	48	3909.484375
72	50	3909.484375
72	52	3909.4765625
72	54	3909.328125
72	56	3909.1640625
72	58	3909.1953125
72	60	3909.1875
72	62	3909.1875
72	64	3909.25
72	66	3908.9453125
72	68	3908.96875
72	70	3909.0625
72	72	3908.8984375
72	74	3908.71875
72	76	3908.6640625
72	78	3908.6328125
72	80	3908.6484375
72	82	3908.65625
72	84	3908.5546875
72	86	3908.484375
72	88	3908.484375
72	90	3908.3046875
72	92	3908.21875
72	94	3908.0078125
72	96	3907.921875
72	98	3907.78125
76	-290	3805.328125
76	-288	3806.8203125
76	-286	3809.9609375
76	-284	3811.734375
76	-282	3814.1328125
76	-280	3816.1875
76	-278	3817.328125
76	-276	3820.8359375
76	-274	3822.5
76	-272	3823.65625
76	-270	3825.8203125
76	-268	3826.921875
76	-266	3830.0078125
76	-264	3831.953125
76	-262	3833.1328125
76	-260	3834.4921875
76	-258	3836.421875
76	-256	3837.8125
76	-254	3839.8046875
76	-252	3841.1015625
76	-250	3842.515625
76	-248	3844.421875
76	-246	3845.7421875
76	-244	3847.5625
76	-242	3848.7265625
76	-240	3850.921875
76	-238	3852.7265625
76	-236	3853.734375
76	-234	3855.2578125
76	-232	3856.9765625
76	-230	3857.953125
76	-228	3858.7734375
76	-226	3860.15625
76	-224	3861.734375
76	-222	3862.984375
76	-220	3863.859375
76	-218	3865.0625
76	-216	3866.53125
76	-214	3867.890625
76	-212	3868.9375
76	-210	3869.9375
76	-208	3871.3984375
76	-206	3872.90625
76	-204	3873.6875
76	-202	3874.546875
76	-200	3875.8828125
76	-198	3876.71875
76	-196	3877.921875
76	-194	3878.78125
76	-192	3879.96875
76	-190	3880.7890625
76	-188	3881.40625
76	-186	3882.296875
76	-184	3883.40625
76	-182	3883.671875
76	-180	3884.7734375
76	-178	3885.359375
76	-176	3886.203125
76	-174	3886.6171875
76	-172	3887.2734375
76	-170	3887.8359375
76	-168	3888.4921875
76	-166	3889.4765625
76	-164	3889.703125
76	-162	3890.5078125
76	-160	3890.75
76	-158	3891.6484375
76	-156	3892.0703125
76	-154	3892.96875
76	-152	3893.359375
76	-150	3893.8046875
76	-148	3894.328125
76	-146	3894.3828125
76	-144	3895.0078125
76	-142	3895.5078125
76	-140	3895.90625
76	-138	3895.9453125
76	-136	3896.2265625
76	-134	3897
76	-132	3897.0859375
76	-130	3897.359375
76	-128	3897.6953125
76	-126	3897.8828125
76	-124	3898.1953125
76	-122	3898.5625
76	-120	3898.9453125
76	-118	3899.3125
76	-116	3899.453125
76	-114	3899.765625
76	-112	3899.859375
76	-110	3899.9375
76	-108	3900.578125
76	-106	3900.75
76	-104	3900.9453125
76	-102	3901.265625
76	-100	3901.3828125
76	-98	3901.6171875
76	-96	3901.921875
76	-94	3902.0859375
76	-92	3902.4609375
76	-90	3902.5703125
76	-88	3902.8515625
76	-86	3903.03125
76	-84	3903.25
76	-82	3903.3828125
76	-80	3903.4296875
76	-78	3903.5859375
76	-76	3903.9609375
76	-74	3903.84375
76	-72	3904.1328125
76	-70	3904.125
76	-68	3904.6640625
76	-66	3905
76	-64	3904.9296875
76	-62	3905.125
76	-60	3905.2109375
76	-58	3905.3359375
76	-56	3905.5
76	-54	3905.703125
76	-52	3905.921875
76	-50	3906.0625
76	-48	3906.3515625
76	-46	3906.1171875
76	-44	3906.21875
76	-42	3906.5078125
76	-40	3906.4765625
76	-38	3906.5390625
76	-36	3906.6875
76	-34	3906.734375
76	-32	3906.8671875
76	-30	3906.9609375
76	-28	3906.90625
76	-26	3906.9765625
76	-24	3907.203125
76	-22	3907.3125
76	-20	3907.25
76	-18	3907.46875
76	-16	3907.1640625
76	-14	3907.453125
76	-12	3907.34375
76	-10	3907.421875
76	-8	3907.4375
76	-6	3907.375
76	-4	3907.34375
76	-2	3907.4375
76	0	3907.6328125
76	2	3907.4140625
76	4	3907.5
76	6	3907.625
76	8	3907.78125
76	10	3907.5546875
76	12	3907.7734375
76	14	3907.8359375
76	16	3907.6875
76	18	3908.0234375
76	20	3907.859375
76	22	3907.8125
76	24	3907.828125
76	26	3907.78125
76	28	3907.8671875
76	30	3907.734375
76	32	3907.4609375
76	34	3907.5625
76	36	3907.4921875
76	38	3907.390625
76	40	3907.3984375
76	42	3907.5234375
76	44	3907.625
76	46	3907.3046875
76	48	3907.546875
76	50	3907.34375
76	52	3907.25
76	54	3907.296875
76	56	3907.453125
76	58	3907.078125
76	60	3907.1328125
76	62	3906.9296875
76	64	3907.078125
76	66	3906.796875
76	68	3906.953125
76	70	3906.875
76	72	3906.734375
76	74	3906.71875
76	76	3906.5234375
76	78	3906.4296875
76	80	3906.3359375
76	82	3906.4140625
76	84	3906.3828125
76	86	3906.2734375
76	88	3906.1796875
76	90	3905.9609375
76	92	3905.8984375
76	94	3905.796875
76	96	3905.53125
76	98	3905.0703125
80	-290	3808.75
80	-288	3810.640625
80	-286	3812.2109375
80	-284	3814.4609375
80	-282	3816.4609375
80	-280	3818.2265625
80	-278	3820.203125
80	-276	3821.5234375
80	-274	3823.5234375
80	-272	3824.84375
80	-270	3826.84375
80	-268	3828.6484375
80	-266	3830.078125
80	-264	3832.0859375
80	-262	3834.1875
80	-260	3835.0390625
80	-258	3836.6171875
80	-256	3838.4453125
80	-254	3840.3125
80	-252	3841.640625
80	-250	3843.2734375
80	-248	3844.359375
80	-246	3846.765625
80	-244	3848.3828125
80	-242	3850.0625
80	-240	3851.65625
80	-238	3852.75
80	-236	3854.3984375
80	-234	3855.875
80	-232	3857.3984375
80	-230	3858.0234375
80	-228	3859.3828125
80	-226	3860.640625
80	-224	3861.6875
80	-222	3863.2109375
80	-220	3864.1875
80	-218	3865.1484375
80	-216	3866.2265625
80	-214	3867.0078125
80	-212	3868.5390625
80	-210	3869.6328125
80	-208	3870.875
80	-206	3871.953125
80	-204	3872.9609375
80	-202	3874.03125
80	-200	3874.96875
80	-198	3875.71875
80	-196	3876.234375
80	-194	3877.53125
80	-192	3878.28125
80	-190	3879.1328125
80	-188	3880
80	-186	3880.4921875
80	-184	3881.171875
80	-182	3881.8828125
80	-180	3882.984375
80	-178	3883.7421875
80	-176	3884.5703125
80	-174	3885.1875
80	-172	3886
80	-170	3886.4609375
80	-168	3887.296875
80	-166	3887.4921875
80	-164	3888.421875
80	-162	3888.921875
80	-160	3889.3828125
80	-158	3889.8515625
80	-156	3890.234375
80	-154	3890.6640625
80	-152	3891.15625
80	-150	3891.734375
80	-148	3891.734375
80	-146	3892.3046875
80	-144	3892.703125
80	-142	3893.0390625
80	-140	3893.46875
80	-138	3893.75
80	-136	3894.2578125
80	-134	3894.2109375
80	-132	3894.65625
80	-130	3894.8984375
80	-128	3895.296875
80	-126	3895.4921875
80	-124	3895.84375
80	-122	3896.3046875
80	-120	3896.7109375
80	-118	3896.9375
80	-116	3896.8828125
80	-114	3897.3984375
80	-112	3897.5859375
80	-110	3897.78125
80	-108	3898.2734375
80	-106	3898.2421875
80	-104	3898.4921875
80	-102	3898.8359375
80	-100	3899.1796875
80	-98	3898.9609375
80	-96	3899.140625
80	-94	3899.46875
80	-92	3899.7421875
80	-90	3900.2109375
80	-88	3900.3125
80	-86	3900.625
80	-84	3900.6796875
80	-82	3900.390625
80	-80	3900.765625
80	-78	3901.109375
80	-76	3901.375
80	-74	3901.390625
80	-72	3901.78125
80	-70	3902.0234375
80	-68	3901.9765625
80	-66	3901.9609375
80	-64	3902.1015625
80	-62	3902.2421875
80	-60	3902.28125
80	-58	3902.875
80	-56	3902.8515625
80	-54	3902.9140625
80	-52	3903.0546875
80	-50	3902.84375
80	-48	3903.2109375
80	-46	3903.2578125
80	-44	3903.4609375
80	-42	3903.53125
80	-40	3903.6171875
80	-38	3903.5234375
80	-36	3903.84375
80	-34	3903.875
80	-32	3904.09375
80	-30	3904.2265625
80	-28	3904.3984375
80	-26	3904.2890625
80	-24	3904.3359375
80	-22	3904.3984375
80	-20	3904.3828125
80	-18	3904.5
80	-16	3904.546875
80	-14	3904.6171875
80	-12	3904.6328125
80	-10	3904.53125
80	-8	3904.6171875
80	-6	3904.6796875
80	-4	3904.8125
80	-2	3904.8125
80	0	3904.671875
80	2	3904.8125
80	4	3904.8984375
80	6	3904.9453125
80	8	3905.171875
80	10	3904.8828125
80	12	3904.84375
80	14	3905.0546875
80	16	3905.0078125
80	18	3905.234375
80	20	3905.0234375
80	22	3905.03125
80	24	3905.0859375
80	26	3905.0546875
80	28	3905.0703125
80	30	3904.953125
80	32	3905.015625
80	34	3904.7421875
80	36	3904.9296875
80	38	3904.9765625
80	40	3904.8125
80	42	3904.875
80	44	3904.875
80	46	3905.0390625
80	48	3904.78125
80	50	3904.5
80	52	3904.9453125
80	54	3904.8125
80	56	3904.734375
80	58	3904.640625
80	60	3904.7890625
80	62	3904.640625
80	64	3904.578125
80	66	3904.5390625
80	68	3904.5
80	70	3904.21875
80	72	3904.3984375
80	74	3904.2109375
80	76	3904.09375
80	78	3904.0625
80	80	3904.0390625
80	82	3904.09375
80	84	3903.9140625
80	86	3903.6640625
80	88	3903.8828125
80	90	3903.7578125
80	92	3903.703125
80	94	3903.3828125
80	96	3903.4921875
80	98	3903.0546875
84	-290	3810.296875
84	-288	3811.71875
84	-286	3814.46875
84	-284	3816.1015625
84	-282	3817.96875
84	-280	3819.5234375
84	-278	3821.0078125
84	-276	3822.5625
84	-274	3824.109375
84	-272	3826.171875
84	-270	3827.484375
84	-268	3829.1015625
84	-266	3831.1796875
84	-264	3833.109375
84	-262	3834.9453125
84	-260	3836.453125
84	-258	3837.84375
84	-256	3839.1875
84	-254	3841.0078125
84	-252	3842.4375
84	-250	3843.703125
84	-248	3845.6875
84	-246	3847.2421875
84	-244	3848.8828125
84	-242	3849.9921875
84	-240	3851.9921875
84	-238	3852.9296875
84	-236	3854.4453125
84	-234	3855.65625
84	-232	3856.8515625
84	-230	3858
84	-228	3858.78125
84	-226	3860.703125
84	-224	3862.2109375
84	-222	3863
84	-220	3864.03125
84	-218	3864.609375
84	-216	3865.6796875
84	-214	3866.609375
84	-212	3867.6640625
84	-210	3868.96875
84	-208	3869.984375
84	-206	3870.9921875
84	-204	3872.0703125
84	-202	3872.734375
84	-200	3873.359375
84	-198	3874.2109375
84	-196	3875.1875
84	-194	3875.5703125
84	-192	3876.65625
84	-190	3877.65625
84	-188	3878.171875
84	-186	3878.953125
84	-184	3879.71875
84	-182	3880.5546875
84	-180	3881.1484375
84	-178	3881.8359375
84	-176	3882.453125
84	-174	3883.1640625
84	-172	3883.8046875
84	-170	3884.4140625
84	-168	3884.6171875
84	-166	3885.1015625
84	-164	3885.34375
84	-162	3886.1796875
84	-160	3886.546875
84	-158	3887.1015625
84	-156	3887.4453125
84	-154	3888.1015625
84	-152	3888.6796875
84	-150	3889.1953125
84	-148	3889.4765625
84	-146	3889.7890625
84	-144	3890.0390625
84	-142	3890.59375
84	-140	3890.7578125
84	-138	3891.0859375
84	-136	3891.484375
84	-134	3891.5546875
84	-132	3891.703125
84	-130	3892.3828125
84	-128	3892.9140625
84	-126	3893.1484375
84	-124	3893.1796875
84	-122	3893.65625
84	-120	3893.796875
84	-118	3893.9453125
84	-116	3894.2421875
84	-114	3894.484375
84	-112	3894.640625
84	-110	3895.3203125
84	-108	3895.3671875
84	-106	3895.2578125
84	-104	3895.578125
84	-102	3895.984375
84	-100	3896.265625
84	-98	3896.5703125
84	-96	3896.6171875
84	-94	3896.609375
84	-92	3896.7890625
84	-90	3896.875
84	-88	3897.3203125
84	-86	3897.421875
84	-84	3897.78125
84	-82	3897.7578125
84	-80	3898.046875
84	-78	3898
84	-76	3898.1953125
84	-74	3898.4296875
84	-72	3898.84375
84	-70	3898.7578125
84	-68	3898.9921875
84	-66	3899.03125
84	-64	3899.2890625
84	-62	3899.3984375
84	-60	3899.6796875
84	-58	3899.6953125
84	-56	3899.75
84	-54	3899.9140625
84	-52	3899.890625
84	-50	3899.9375
84	-48	3900.25
84	-46	3900.34375
84	-44	3900.3984375
84	-42	3900.234375
84	-40	3900.5703125
84	-38	3900.5625
84	-36	3900.7109375
84	-34	3900.640625
84	-32	3900.7265625
84	-30	3900.953125
84	-28	3900.765625
84	-26	3900.8046875
84	-24	3900.703125
84	-22	3900.71875
84	-20	3901.15625
84	-18	3901.1015625
84	-16	3901.0546875
84	-14	3901.1953125
84	-12	3901.1171875
84	-10	3901.1484375
84	-8	3901.4765625
84	-6	3901.5546875
84	-4	3901.5390625
84	-2	3901.421875
84	0	3901.6328125
84	2	3901.703125
84	4	3901.5546875
84	6	3901.4140625
84	8	3901.734375
84	10	3901.6796875
84	12	3901.703125
84	14	3901.515625
84	16	3901.734375
84	18	3901.9765625
84	20	3901.75
84	22	3901.703125
84	24	3901.65625
84	26	3901.6640625
84	28	3901.6015625
84	30	3901.625
84	32	3901.6875
84	34	3901.578125
84	36	3901.484375
84	38	3901.5625
84	40	3901.5390625
84	42	3901.390625
84	44	3901.421875
84	46	3901.6640625
84	48	3901.453125
84	50	3901.484375
84	52	3901.25
84	54	3901.6796875
84	56	3901.5078125
84	58	3901.5
84	60	3901.4296875
84	62	3901.203125
84	64	3901.3203125
84	66	3901.0234375
84	68	3901.203125
84	70	3900.9609375
84	72	3900.8515625
84	74	3900.84375
84	76	3900.7265625
84	78	3900.8828125
84	80	3900.6328125
84	82	3900.4296875
84	84	3900.390625
84	86	3900.2578125
84	88	3900.2109375
84	90	3899.90625
84	92	3899.8671875
84	94	3899.625
84	96	3899.640625
84	98	3899.1328125
88	-290	3812.375
88	-288	3814.0625
88	-286	3816.171875
88	-284	3817.6015625
88	-282	3818.703125
88	-280	3820.3203125
88	-278	3822.28125
88	-276	3823.9375
88	-274	3825.7265625
88	-272	3827.4296875
88	-270	3829.3515625
88	-268	3830.8359375
88	-266	3832.609375
88	-264	3834.8046875
88	-262	3836.4921875
88	-260	3837.7421875
88	-258	3839.1484375
88	-256	3840.796875
88	-254	3842.359375
88	-252	3843.4921875
88	-250	3844.734375
88	-248	3846.046875
88	-246	3847.40625
88	-244	3848.65625
88	-242	3850.0625
88	-240	3851.65625
88	-238	3852.75
88	-236	3854.0078125
88	-234	3855.09375
88	-232	3856.5078125
88	-230	3857.6640625
88	-228	3858.4296875
88	-226	3859.5234375
88	-224	3860.375
88	-222	3861.4765625
88	-220	3862.4296875
88	-218	3863.84375
88	-216	3864.96875
88	-214	3865.7734375
88	-212	3866.5390625
88	-210	3867.4765625
88	-208	3868.203125
88	-206	3868.8828125
88	-204	3870.0625
88	-202	3870.9375
88	-200	3871.78125
88	-198	3872.390625
88	-196	3873.28125
88	-194	3873.9296875
88	-192	3874.5078125
88	-190	3875.5546875
88	-188	3875.71875
88	-186	3876.5859375
88	-184	3877.203125
88	-182	3877.71875
88	-180	3878.6171875
88	-178	3878.9609375
88	-176	3879.2109375
88	-174	3879.84375
88	-172	3880.3203125
88	-170	3880.9765625
88	-168	3881.625
88	-166	3882.3984375
88	-164	3882.5703125
88	-162	3882.8671875
88	-160	3883.3359375
88	-158	3883.6171875
88	-156	3884.1875
88	-154	3884.3125
88	-152	3884.8515625
88	-150	3885.203125
88	-148	3885.7109375
88	-146	3885.9375
88	-144	3886.4453125
88	-142	3886.6328125
88	-140	3886.7578125
88	-138	3887.2265625
88	-136	3887.609375
88	-134	3888.15625
88	-132	3888.40625
88	-130	3888.5390625
88	-128	3888.8984375
88	-126	3889.1015625
88	-124	3889.2265625
88	-122	3889.6796875
88	-120	3889.921875
88	-118	3890.5
88	-116	3890.6015625
88	-114	3890.765625
88	-112	3891.3046875
88	-110	3891.328125
88	-108	3891.5546875
88	-106	3891.8203125
88	-104	3891.53125
88	-102	3892.1640625
88	-100	3892.328125
88	-98	3892.40625
88	-96	3892.4296875
88	-94	3892.9140625
88	-92	3893.1875
88	-90	3893.375
88	-88	3893.3203125
88	-86	3893.4765625
88	-84	3893.953125
88	-82	3893.8984375
88	-80	3894.046875
88	-78	3894.1796875
88	-76	3894.5625
88	-74	3894.7578125
88	-72	3894.7578125
88	-70	3895.0078125
88	-68	3895.078125
88	-66	3895.3125
88	-64	3895.59375
88	-62	3895.421875
88	-60	3895.6640625
88	-58	3895.71875
88	-56	3895.8828125
88	-54	3896.0703125
88	-52	3896.21875
88	-50	3896.21875
88	-48	3896.2890625
88	-46	3896.625
88	-44	3896.4296875
88	-42	3896.4140625
88	-40	3896.3515625
88	-38	3896.765625
88	-36	3896.7421875
88	-34	3896.78125
88	-32	3896.6953125
88	-30	3896.90625
88	-28	3896.8203125
88	-26	3897.1171875
88	-24	3897.4140625
88	-22	3897.1015625
88	-20	3897.109375
88	-18	3897.296875
88	-16	3897.4140625
88	-14	3897.4375
88	-12	3897.9140625
88	-10	3897.984375
88	-8	3897.796875
88	-6	3897.796875
88	-4	3897.9609375
88	-2	3897.65625
88	0	3897.7265625
88	2	3897.8359375
88	4	3897.6328125
88	6	3897.734375
88	8	3897.6328125
88	10	3897.6875
88	12	3898.0078125
88	14	3898.0390625
88	16	3897.8515625
88	18	3897.9375
88	20	3897.859375
88	22	3898.171875
88	24	3897.875
88	26	3897.9296875
88	28	3897.953125
88	30	3897.90625
88	32	3898.0859375
88	34	3897.8828125
88	36	3897.6328125
88	38	3897.8203125
88	40	3897.5703125
88	42	3897.765625
88	44	3897.765625
88	46	3897.5390625
88	48	3897.7421875
88	50	3897.8984375
88	52	3897.5
88	54	3897.5546875
88	56	3897.421875
88	58	3897.421875
88	60	3897.3828125
88	62	3897.515625
88	64	3897.46875
88	66	3897.328125
88	68	3897
88	70	3897.2890625
88	72	3897.2265625
88	74	3896.953125
88	76	3897.0234375
88	78	3897.0390625
88	80	3897.0078125
88	82	3896.609375
88	84	3896.9765625
88	86	3896.90625
88	88	3896.6796875
88	90	3896.71875
88	92	3896.375
88	94	3896.4375
88	96	3896.25
88	98	3896.0234375
92	-290	3814.8359375
92	-288	3816.28125
92	-286	3818.375
92	-284	3819.25
92	-282	3821.4765625
92	-280	3822.984375
92	-278	3824.75
92	-276	3825.9453125
92	-274	3827.9453125
92	-272	3829.84375
92	-270	3831.0234375
92	-268	3832.375
92	-266	3833.7578125
92	-264	3835.1953125
92	-262	3836.7109375
92	-260	3838.359375
92	-258	3840.0703125
92	-256	3841.3671875
92	-254	3842.6875
92	-252	3843.5234375
92	-250	3844.3671875
92	-248	3846.03125
92	-246	3847.3359375
92	-244	3848.5078125
92	-242	3850.0703125
92	-240	3851.3671875
92	-238	3852.4609375
92	-236	3853.328125
92	-234	3854.140625
92	-232	3855.2890625
92	-230	3856.3046875
92	-228	3857.3125
92	-226	3858.0703125
92	-224	3859.109375
92	-222	3860.109375
92	-220	3860.8203125
92	-218	3861.4765625
92	-216	3862.3046875
92	-214	3863.515625
92	-212	3864.0859375
92	-210	3864.96875
92	-208	3865.9296875
92	-206	3866.46875
92	-204	3867.125
92	-202	3868.0078125
92	-200	3868.9921875
92	-198	3869.7578125
92	-196	3870.5
92	-194	3871.1953125
92	-192	3871.5
92	-190	3872.0859375
92	-188	3872.84375
92	-186	3873.34375
92	-184	3873.859375
92	-182	3874.46875
92	-180	3874.9921875
92	-178	3875.6015625
92	-176	3876.1171875
92	-174	3876.71875
92	-172	3877.4296875
92	-170	3877.6171875
92	-168	3878.1015625
92	-166	3878.96875
92	-164	3879.1171875
92	-162	3879.6484375
92	-160	3879.65625
92	-158	3880.0625
92	-156	3880.40625
92	-154	3880.84375
92	-152	3881.1171875
92	-150	3881.546875
92	-148	3881.7890625
92	-146	3882.03125
92	-144	3882.828125
92	-142	3883.1171875
92	-140	3883.5625
92	-138	3883.6953125
92	-136	3883.96875
92	-134	3884.4453125
92	-132	3884.796875
92	-130	3885.015625
92	-128	3884.9453125
92	-126	3885.140625
92	-124	3885.4375
92	-122	3885.5234375
92	-120	3886.0234375
92	-118	3886.421875
92	-116	3886.78125
92	-114	3887.109375
92	-112	3887.359375
92	-110	3887.09375
92	-108	3887.4453125
92	-106	3887.6640625
92	-104	3888.1875
92	-102	3887.7890625
92	-100	3888.1328125
92	-98	3888.5390625
92	-96	3888.3671875
92	-94	3888.7109375
92	-92	3889.0078125
92	-90	3889.2265625
92	-88	3888.875
92	-86	3889.2734375
92	-84	3889.3671875
92	-82	3889.4921875
92	-80	3889.75
92	-78	3890.09375
92	-76	3890.0546875
92	-74	3890.2734375
92	-72	3890.5234375
92	-70	3890.625
92	-68	3890.8359375
92	-66	3890.71875
92	-64	3891.125
92	-62	3891.046875
92	-60	3891.203125
92	-58	3891.3125
92	-56	3891.359375
92	-54	3891.375
92	-52	3891.3984375
92	-50	3891.640625
92	-48	3891.734375
92	-46	3891.7109375
92	-44	3891.828125
92	-42	3891.78125
92	-40	3892.28125
92	-38	3892.1171875
92	-36	3892.5859375
92	-34	3892.2421875
92	-32	3891.7421875
92	-30	3892.046875
92	-28	3892.3515625
92	-26	3892.40625
92	-24	3892.6796875
92	-22	3892.4921875
92	-20	3892.796875
92	-18	3892.6875
92	-16	3892.7890625
92	-14	3893.0078125
92	-12	3892.7734375
92	-10	3892.8515625
92	-8	3892.84375
92	-6	3892.7734375
92	-4	3892.875
92	-2	3893.2578125
92	0	3893.1953125
92	2	3893.484375
92	4	3893.296875
92	6	3893.53125
92	8	3893.1171875
92	10	3893.4140625
92	12	3893.5234375
92	14	3893.5
92	16	3893.7890625
92	18	3893.609375
92	20	3893.84375
92	22	3893.6171875
92	24	3893.6875
92	26	3893.3359375
92	28	3893.359375
92	30	3893.6171875
92	32	3893.2578125
92	34	3893.578125
92	36	3893.125
92	38	3893.421875
92	40	3893.234375
92	42	3893.3984375
92	44	3893.25
92	46	3893.265625
92	48	3893.3671875
92	50	3893.3515625
92	52	3892.90625
92	54	3893.265625
92	56	3893.4921875
92	58	3893.125
92	60	3893.203125
92	62	3893.3125
92	64	3893.015625
92	66	3892.984375
92	68	3892.7109375
92	70	3892.6015625
92	72	3892.7578125
92	74	3892.765625
92	76	3892.5625
92	78	3892.4375
92	80	3892.390625
92	82	3892.25
92	84	3892.40625
92	86	3892.0625
92	88	3892.09375
92	90	3892.09375
92	92	3891.8984375
92	94	3891.9609375
92	96	3891.5234375
92	98	3891.828125
96	-290	3816.046875
96	-288	3817.5
96	-286	3819.2109375
96	-284	3821.078125
96	-282	3822.4296875
96	-280	3823.890625
96	-278	3825.96875
96	-276	3827.9296875
96	-274	3829.4921875
96	-272	3830.7734375
96	-270	3831.8203125
96	-268	3833.8125
96	-266	3835.0390625
96	-264	3836.4609375
96	-262	3837.3671875
96	-260	3838.8671875
96	-258	3839.9140625
96	-256	3841.0390625
96	-254	3842.1640625
96	-252	3843.2109375
96	-250	3844.6484375
96	-248	3845.5234375
96	-246	3846.5
96	-244	3847.8515625
96	-242	3849.265625
96	-240	3850.46875
96	-238	3851.03125
96	-236	3852.1171875
96	-234	3852.3828125
96	-232	3853.59375
96	-230	3854.5859375
96	-228	3855.2265625
96	-226	3856.3125
96	-224	3857.046875
96	-222	3857.5546875
96	-220	3858.859375
96	-218	3859.4921875
96	-216	3860.3046875
96	-214	3860.9609375
96	-212	3861.5078125
96	-210	3862.6484375
96	-208	3863.359375
96	-206	3863.640625
96	-204	3864.5234375
96	-202	3864.8203125
96	-200	3865.2890625
96	-198	3865.953125
96	-196	3866.5859375
96	-194	3867.0390625
96	-192	3867.4609375
96	-190	3868.1015625
96	-188	3868.515625
96	-186	3869.1875
96	-184	3870.2265625
96	-182	3870.203125
96	-180	3871.0234375
96	-178	3871.4453125
96	-176	3872.34375
96	-174	3872.484375
96	-172	3872.9453125
96	-170	3873.4375
96	-168	3873.9375
96	-166	3874.1875
96	-164	3874.5625
96	-162	3874.7890625
96	-160	3875.484375
96	-158	3875.7421875
96	-156	3876.0859375
96	-154	3876.7734375
96	-152	3876.9453125
96	-150	3877.09375
96	-148	3877.3984375
96	-146	3877.6953125
96	-144	3877.890625
96	-142	3878
96	-140	3878.3046875
96	-138	3878.734375
96	-136	3879.1328125
96	-134	3879.359375
96	-132	3879.28125
96	-130	3879.5703125
96	-128	3880.1484375
96	-126	3880.6484375
96	-124	3880.6015625
96	-122	3880.4375
96	-120	3880.6328125
96	-118	3881.1484375
96	-116	3881.4921875
96	-114	3881.8203125
96	-112	3882.015625
96	-110	3882.203125
96	-108	3882.3984375
96	-106	3882.8046875
96	-104	3883.0078125
96	-102	3883.015625
96	-100	3883.296875
96	-98	3883.3125
96	-96	3883.5234375
96	-94	3883.6953125
96	-92	3883.6796875
96	-90	3884.1328125
96	-88	3884.3984375
96	-86	3884.28125
96	-84	3884.5078125
96	-82	3884.9609375
96	-80	3884.953125
96	-78	3884.84375
96	-76	3885.171875
96	-74	3885.2421875
96	-72	3885.1328125
96	-70	3885.5078125
96	-68	3885.8046875
96	-66	3885.8984375
96	-64	3886.125
96	-62	3885.9609375
96	-60	3886.4765625
96	-58	3886.4140625
96	-56	3886.46875
96	-54	3886.53125
96	-52	3886.8125
96	-50	3887.0546875
96	-48	3886.96875
96	-46	3886.75
96	-44	3887.015625
96	-42	3887.1171875
96	-40	3887.421875
96	-38	3887.171875
96	-36	3887.203125
96	-34	3887.34375
96	-32	3887.296875
96	-30	3887.453125
96	-28	3887.3984375
96	-26	3887.1875
96	-24	3887.3984375
96	-22	3887.890625
96	-20	3887.4921875
96	-18	3887.6328125
96	-16	3887.84375
96	-14	3888.109375
96	-12	3887.59375
96	-10	3887.953125
96	-8	3888.140625
96	-6	3888.5625
96	-4	3888.1171875
96	-2	3887.9765625
96	0	3888.21875
96	2	3887.9921875
96	4	3888.0234375
96	6	3888.25
96	8	3887.8671875
96	10	3888.2734375
96	12	3888.328125
96	14	3888.1875
96	16	3888.140625
96	18	3888.265625
96	20	3887.96875
96	22	3888.4140625
96	24	3888.359375
96	26	3888.140625
96	28	3888.390625
96	30	3888.25
96	32	3888.1328125
96	34	3888.625
96	36	3888.015625
96	38	3888.1171875
96	40	3887.921875
96	42	3888.234375
96	44	3888.1171875
96	46	3887.9375
96	48	3888.1171875
96	50	3888.2578125
96	52	3888.0234375
96	54	3888.09375
96	56	3888.0390625
96	58	3887.8203125
96	60	3887.4609375
96	62	3887.65625
96	64	3887.5078125
96	66	3887.609375
96	68	3887.4921875
96	70	3887.5234375
96	72	3887.4921875
96	74	3887.265625
96	76	3887.265625
96	78	3887.2109375
96	80	3887.203125
96	82	3887.40625
96	84	3886.8984375
96	86	3887.171875
96	88	3887.1171875
96	90	3887.0859375
96	92	3887.046875
96	94	3886.7421875
96	96	3886.90625
96	98	3886.5546875
100	-290	3817.9140625
100	-288	3819.25
100	-286	3820.453125
100	-284	3821.9453125
100	-282	3823.71875
100	-280	3825.0546875
100	-278	3826.5703125
100	-276	3828.171875
100	-274	3829.6328125
100	-272	3830.5859375
100	-270	3831.875
100	-268	3833.140625
100	-266	3834.0390625
100	-264	3835.6875
100	-262	3836.6796875
100	-260	3837.75
100	-258	3838.75
100	-256	3839.8125
100	-254	3840.7578125
100	-252	3841.578125
100	-250	3842.5390625
100	-248	3843.5859375
100	-246	3844.6796875
100	-244	3845.4921875
100	-242	3846.5
100	-240	3847.3046875
100	-238	3848.140625
100	-236	3849.5625
100	-234	3850.15625
100	-232	3850.6171875
100	-230	3851.1640625
100	-228	3851.828125
100	-226	3853.2578125
100	-224	3853.7265625
100	-222	3854.78125
100	-220	3855.078125
100	-218	3855.46875
100	-216	3856.0546875
100	-214	3856.375
100	-212	3857.296875
100	-210	3858.109375
100	-208	3858.9140625
100	-206	3858.953125
100	-204	3859.7734375
100	-202	3860.5859375
100	-200	3860.78125
100	-198	3861.65625
100	-196	3862.390625
100	-194	3862.65625
100	-192	3863.078125
100	-190	3863.5234375
100	-188	3864.3203125
100	-186	3864.765625
100	-184	3864.984375
100	-182	3865.4921875
100	-180	3865.375
100	-178	3865.96875
100	-176	3866.421875
100	-174	3866.75
100	-172	3867.453125
100	-170	3867.3671875
100	-168	3867.8828125
100	-166	3868.234375
100	-164	3868.484375
100	-162	3868.609375
100	-160	3868.8984375
100	-158	3869.296875
100	-156	3869.5
100	-154	3870.375
100	-152	3870.703125
100	-150	3871.015625
100	-148	3871.5234375
100	-146	3871.546875
100	-144	3871.6875
100	-142	3872.2265625
100	-140	3872.78125
100	-138	3872.703125
100	-136	3873.09375
100	-134	3873.2109375
100	-132	3873.625
100	-130	3873.7890625
100	-128	3873.84375
100	-126	3874.2265625
100	-124	3874.7734375
100	-122	3874.7265625
100	-120	3874.53125
100	-118	3874.8515625
100	-116	3874.953125
100	-114	3875.109375
100	-112	3875.9140625
100	-110	3876.0546875
100	-108	3876.015625
100	-106	3876.15625
100	-104	3876.6953125
100	-102	3877.09375
100	-100	3877.0234375
100	-98	3877.2109375
100	-96	3877.296875
100	-94	3876.96875
100	-92	3877.4296875
100	-90	3877.859375
100	-88	3877.5859375
100	-86	3877.515625
100	-84	3877.5703125
100	-82	3878.0390625
100	-80	3878.03125
100	-78	3878.1640625
100	-76	3878.3046875
100	-74	3878.2734375
100	-72	3878.609375
100	-70	3878.7421875
100	-68	3879.171875
100	-66	3879.0546875
100	-64	3879.1875
100	-62	3879.1015625
100	-60	3879.78125
100	-58	3879.6640625
100	-56	3879.8984375
100	-54	3879.671875
100	-52	3880.0234375
100	-50	3880.0078125
100	-48	3880.0859375
100	-46	3880.0546875
100	-44	3880.453125
100	-42	3880.296875
100	-40	3880.3046875
100	-38	3881.015625
100	-36	3880.359375
100	-34	3880.9375
100	-32	3880.5234375
100	-30	3880.953125
100	-28	3881.03125
100	-26	3881.1015625
100	-24	3881.296875
100	-22	3881.296875
100	-20	3881.34375
100	-18	3880.8984375
100	-16	3881.390625
100	-14	3881.34375
100	-12	3881.515625
100	-10	3882.21875
100	-8	3881.46875
100	-6	3881.7890625
100	-4	3881.734375
100	-2	3881.8671875
100	0	3881.84375
100	2	3881.640625
100	4	3881.8671875
100	6	3881.9140625
100	8	3882.078125
100	10	3882.0078125
100	12	3882.046875
100	14	3881.78125
100	16	3881.953125
100	18	3881.9140625
100	20	3881.96875
100	22	3882.046875
100	24	3882.046875
100	26	3882.1328125
100	28	3882.2265625
100	30	3881.96875
100	32	3882.1953125
100	34	3882.390625
100	36	3882.0390625
100	38	3881.9921875
100	40	3882.140625
100	42	3881.984375
100	44	3882
100	46	3881.7578125
100	48	3881.7578125
100	50	3881.5546875
100	52	3881.703125
100	54	3881.4375
100	56	3881.71875
100	58	3881.3046875
100	60	3881.3203125
100	62	3881.265625
100	64	3881.09375
100	66	3881.21875
100	68	3881.1953125
100	70	3881.0234375
100	72	3881.3203125
100	74	3881.1015625
100	76	3880.78125
100	78	3880.7265625
100	80	3880.9921875
100	82	3880.484375
100	84	3880.203125
100	86	3880.296875
100	88	3880.4375
100	90	3880.421875
100	92	3880.40625
100	94	3880.6875
100	96	3880.2578125
100	98	3880.0390625
104	-290	3817.515625
104	-288	3819.8046875
104	-286	3821.1796875
104	-284	3822.8515625
104	-282	3823.9296875
104	-280	3825.1015625
104	-278	3825.921875
104	-276	3827.5625
104	-274	3828.671875
104	-272	3829.6171875
104	-270	3830.953125
104	-268	3831.8984375
104	-266	3833.0390625
104	-264	3833.546875
104	-262	3834.9609375
104	-260	3835.8359375
104	-258	3836.6328125
104	-256	3837.8671875
104	-254	3838.3671875
104	-252	3839.3515625
104	-250	3840.234375
104	-248	3840.75
104	-246	3841.609375
104	-244	3842.265625
104	-242	3843.2109375
104	-240	3843.6015625
104	-238	3844.265625
104	-236	3844.9375
104	-234	3846.2421875
104	-232	3846.9296875
104	-230	3847.7421875
104	-228	3848.3046875
104	-226	3848.90625
104	-224	3849.3671875
104	-222	3849.640625
104	-220	3850.3125
104	-218	3850.6171875
104	-216	3851.1875
104	-214	3851.796875
104	-212	3852.578125
104	-210	3852.890625
104	-208	3853.2578125
104	-206	3853.1953125
104	-204	3853.6875
104	-202	3854.3359375
104	-200	3854.890625
104	-198	3855.390625
104	-196	3855.9140625
104	-194	3856.5703125
104	-192	3857.015625
104	-190	3857.2265625
104	-188	3857.8125
104	-186	3858.5
104	-184	3859.0078125
104	-182	3859.3828125
104	-180	3859.5546875
104	-178	3860.546875
104	-176	3860.4921875
104	-174	3860.625
104	-172	3861.3671875
104	-170	3861.703125
104	-168	3861.625
104	-166	3862.1328125
104	-164	3862.4453125
104	-162	3862.8828125
104	-160	3863.1796875
104	-158	3863.171875
104	-156	3863.578125
104	-154	3863.78125
104	-152	3864.2421875
104	-150	3864.203125
104	-148	3864.9765625
104	-146	3864.921875
104	-144	3865.4765625
104	-142	3865.28125
104	-140	3865.8984375
104	-138	3866.3046875
104	-136	3866.4609375
104	-134	3866.7265625
104	-132	3866.9765625
104	-130	3867.6953125
104	-128	3867.6953125
104	-126	3867.6953125
104	-124	3867.9296875
104	-122	3868.1796875
104	-120	3868.0078125
104	-118	3868.4140625
104	-116	3869.046875
104	-114	3868.8203125
104	-112	3869.5234375
104	-110	3869.2578125
104	-108	3869.53125
104	-106	3869.390625
104	-104	3869.8984375
104	-102	3870.21875
104	-100	3870.1953125
104	-98	3870.4765625
104	-96	3870.421875
104	-94	3870.84375
104	-92	3870.875
104	-90	3870.9453125
104	-88	3871.1328125
104	-86	3871.7109375
104	-84	3871.296875
104	-82	3871.5390625
104	-80	3871.6015625
104	-78	3871.734375
104	-76	3871.9296875
104	-74	3871.9296875
104	-72	3872.25
104	-70	3871.9375
104	-68	3872.1953125
104	-66	3871.875
104	-64	3872.421875
104	-62	3872.90625
104	-60	3872.2890625
104	-58	3872.5546875
104	-56	3872.8125
104	-54	3872.625
104	-52	3872.9921875
104	-50	3872.9375
104	-48	3873.2421875
104	-46	3873.46875
104	-44	3873.5546875
104	-42	3873.6484375
104	-40	3873.703125
104	-38	3873.875
104	-36	3874.109375
104	-34	3874.1953125
104	-32	3873.859375
104	-30	3874.078125
104	-28	3874.1328125
104	-26	3874
104	-24	3874.1328125
104	-22	3874.171875
104	-20	3874.25
104	-18	3874.75
104	-16	3874.0703125
104	-14	3874.640625
104	-12	3874.3046875
104	-10	3874.7578125
104	-8	3874.5234375
104	-6	3874.4375
104	-4	3874.5078125
104	-2	3874.7734375
104	0	3874.5859375
104	2	3874.9140625
104	4	3874.7421875
104	6	3874.71875
104	8	3875.140625
104	10	3874.9375
104	12	3874.8125
104	14	3874.9140625
104	16	3874.8828125
104	18	3874.84375
104	20	3875.2265625
104	22	3874.859375
104	24	3875.3828125
104	26	3875.2734375
104	28	3875.15625
104	30	3875
104	32	3875.03125
104	34	3875.0390625
104	36	3875.0625
104	38	3874.5625
104	40	3874.4609375
104	42	3874.8046875
104	44	3874.5625
104	46	3874.8046875
104	48	3874.46875
104	50	3874.34375
104	52	3874.2890625
104	54	3874.3828125
104	56	3874.3203125
104	58	3874.359375
104	60	3874.6953125
104	62	3874.3046875
104	64	3874.546875
104	66	3874.2890625
104	68	3874.5390625
104	70	3874.3046875
104	72	3874.390625
104	74	3874.1875
104	76	3874.7265625
104	78	3874
104	80	3874.046875
104	82	3873.8984375
104	84	3874.171875
104	86	3873.7578125
104	88	3873.5703125
104	90	3873.6796875
104	92	3873.59375
104	94	3873.2734375
104	96	3873.109375
104	98	3872.796875
108	-290	3817.765625
108	-288	3818.78125
108	-286	3820.015625
108	-284	3821.1796875
108	-282	3821.96875
108	-280	3823.15625
108	-278	3824.4296875
108	-276	3825.3828125
108	-274	3826.09375
108	-272	3826.625
108	-270	3828.65625
108	-268	3828.8828125
108	-266	3830.171875
108	-264	3831.015625
108	-262	3831.625
108	-260	3832.3984375
108	-258	3833.21875
108	-256	3833.6015625
108	-254	3834.5859375
108	-252	3835.5625
108	-250	3836.0859375
108	-248	3836.5625
108	-246	3837.1875
108	-244	3838.40625
108	-242	3838.5078125
108	-240	3839.40625
108	-238	3839.546875
108	-236	3840.53125
108	-234	3841.296875
108	-232	3841.7578125
108	-230	3841.9375
108	-228	3842.765625
108	-226	3842.9140625
108	-224	3843.609375
108	-222	3843.8125
108	-220	3844.1328125
108	-218	3844.28125
108	-216	3844.71875
108	-214	3846.0078125
108	-212	3846.2109375
108	-210	3846.9609375
108	-208	3847.09375
108	-206	3847.0625
108	-204	3847.15625
108	-202	3848.2578125
108	-200	3848.53125
108	-198	3849.1171875
108	-196	3849.65625
108	-194	3850.421875
108	-192	3850.671875
108	-190	3851.234375
108	-188	3851.3359375
108	-186	3851.9765625
108	-184	3852.0390625
108	-182	3852.7265625
108	-180	3852.8515625
108	-178	3853.265625
108	-176	3853.96875
108	-174	3853.7421875
108	-172	3854.6640625
108	-170	3854.7421875
108	-168	3855.0078125
108	-166	3855.546875
108	-164	3855.4765625
108	-162	3855.71875
108	-160	3856.0390625
108	-158	3856.328125
108	-156	3857.078125
108	-154	3857.0390625
108	-152	3857.734375
108	-150	3857.703125
108	-148	3857.8203125
108	-146	3858.0859375
108	-144	3858.2109375
108	-142	3859
108	-140	3858.828125
108	-138	3859.0390625
108	-136	3859.5625
108	-134	3859.3046875
108	-132	3859.734375
108	-130	3860.1171875
108	-128	3860
108	-126	3859.5546875
108	-124	3860.2890625
108	-122	3860.515625
108	-120	3860.921875
108	-118	3861.1640625
108	-116	3861.2265625
108	-114	3861.3046875
108	-112	3861.0546875
108	-110	3861.5
108	-108	3861.7734375
108	-106	3861.9453125
108	-104	3862.109375
108	-102	3862.1953125
108	-100	3862.1953125
108	-98	3862.3359375
108	-96	3862.3671875
108	-94	3862.8671875
108	-92	3862.828125
108	-90	3862.6328125
108	-88	3863.015625
108	-86	3863.296875
108	-84	3862.78125
108	-82	3863.40625
108	-80	3863.1171875
108	-78	3863.6875
108	-76	3863.390625
108	-74	3863.7109375
108	-72	3863.9140625
108	-70	3863.921875
108	-68	3864
108	-66	3864.375
108	-64	3864
108	-62	3864.2578125
108	-60	3864.25
108	-58	3864.4140625
108	-56	3864.09375
108	-54	3864.390625
108	-52	3864.34375
108	-50	3864.6015625
108	-48	3864.46875
108	-46	3864.3125
108	-44	3864.6796875
108	-42	3864.4921875
108	-40	3864.515625
108	-38	3864.8671875
108	-36	3864.4140625
108	-34	3864.7734375
108	-32	3864.453125
108	-30	3865.15625
108	-28	3865.1171875
108	-26	3864.8125
108	-24	3864.9765625
108	-22	3865.140625
108	-20	3865.1640625
108	-18	3865.578125
108	-16	3865.734375
108	-14	3865.8515625
108	-12	3865.2578125
108	-10	3865.5078125
108	-8	3865.5546875
108	-6	3865.7265625
108	-4	3865.640625
108	-2	3865.6015625
108	0	3866.046875
108	2	3866.296875
108	4	3866.0546875
108	6	3865.796875
108	8	3865.9921875
108	10	3865.8046875
108	12	3866.1328125
108	14	3865.9375
108	16	3866.328125
108	18	3866.1875
108	20	3866.2265625
108	22	3866.140625
108	24	3866.1328125
108	26	3866.1015625
108	28	3865.8359375
108	30	3866.0078125
108	32	3866.078125
108	34	3865.75
108	36	3865.609375
108	38	3865.8125
108	40	3866.3125
108	42	3865.75
108	44	3865.78125
108	46	3865.875
108	48	3865.9140625
108	50	3866.0703125
108	52	3865.8828125
108	54	3865.546875
108	56	3865.5
108	58	3865.9609375
108	60	3865.625
108	62	3865.625
108	64	3865.5078125
108	66	3865.5703125
108	68	3865.7578125
108	70	3865.3046875
108	72	3865.546875
108	74	3865.453125
108	76	3865.3125
108	78	3865.3828125
108	80	3865.1484375
108	82	3865.5078125
108	84	3865.2109375
108	86	3865.5703125
108	88	3865.1484375
108	90	3865.546875
108	92	3865.2578125
108	94	3865.015625
108	96	3864.8984375
108	98	3864.7734375
112	-290	3815.390625
112	-288	3815.6484375
112	-286	3816.8359375
112	-284	3818.0390625
112	-282	3818.640625
112	-280	3819.75
112	-278	3820.4296875
112	-276	3821.5546875
112	-274	3821.84375
112	-272	3823.4375
112	-270	3823.359375
112	-268	3823.578125
112	-266	3825.375
112	-264	3825.8203125
112	-262	3826.6875
112	-260	3827.1875
112	-258	3827.796875
112	-256	3828.6171875
112	-254	3828.8046875
112	-252	3829.9375
112	-250	3830.5
112	-248	3830.6484375
112	-246	3831.7578125
112	-244	3832.7578125
112	-242	3832.828125
112	-240	3833.5703125
112	-238	3833.9453125
112	-236	3834.515625
112	-234	3835.2734375
112	-232	3835.1640625
112	-230	3836.0859375
112	-228	3836.015625
112	-226	3836.421875
112	-224	3837.0078125
112	-222	3838.0390625
112	-220	3838.5
112	-218	3838.625
112	-216	3839.375
112	-214	3839.6328125
112	-212	3840.1640625
112	-210	3840.3984375
112	-208	3841.046875
112	-206	3840.9921875
112	-204	3841.3984375
112	-202	3841.8203125
112	-200	3842.75
112	-198	3842.4375
112	-196	3843.0859375
112	-194	3843.1015625
112	-192	3843.7578125
112	-190	3844.125
112	-188	3843.890625
112	-186	3844.609375
112	-184	3844.3203125
112	-182	3844.6875
112	-180	3845.1953125
112	-178	3845.109375
112	-176	3845.2421875
112	-174	3845.8671875
112	-172	3846.3359375
112	-170	3846.390625
112	-168	3847.5234375
112	-166	3847.7109375
112	-164	3847.7578125
112	-162	3848.515625
112	-160	3848.3359375
112	-158	3849.171875
112	-156	3848.796875
112	-154	3849.46875
112	-152	3849.4453125
112	-150	3850.1875
112	-148	3849.921875
112	-146	3849.6171875
112	-144	3849.9453125
112	-142	3850.296875
112	-140	3850.765625
112	-138	3850.8671875
112	-136	3851.1171875
112	-134	3851.1328125
112	-132	3851.59375
112	-130	3851.4765625
112	-128	3851.8359375
112	-126	3851.765625
112	-124	3852.4375
112	-122	3852.3203125
112	-120	3852.3359375
112	-118	3852.671875
112	-116	3852.8828125
112	-114	3852.859375
112	-112	3853.0078125
112	-110	3853.6953125
112	-108	3853.5234375
112	-106	3853.421875
112	-104	3853.7578125
112	-102	3853.1796875
112	-100	3853.59375
112	-98	3854.09375
112	-96	3854.234375
112	-94	3854.2421875
112	-92	3854.390625
112	-90	3854.734375
112	-88	3854.7578125
112	-86	3854.796875
112	-84	3855.265625
112	-82	3855.3203125
112	-80	3854.875
112	-78	3855.4296875
112	-76	3856
112	-74	3854.984375
112	-72	3855.4453125
112	-70	3855.9921875
112	-68	3855.7890625
112	-66	3855.6875
112	-64	3856.1640625
112	-62	3855.59375
112	-60	3855.546875
112	-58	3855.8984375
112	-56	3856.0859375
112	-54	3856.3046875
112	-52	3856.3515625
112	-50	3856.296875
112	-48	3856.203125
112	-46	3856.203125
112	-44	3856.2890625
112	-42	3856.59375
112	-40	3856.859375
112	-38	3856.8359375
112	-36	3856.8359375
112	-34	3856.4921875
112	-32	3856.8515625
112	-30	3857.1015625
112	-28	3857.0859375
112	-26	3857.1953125
112	-24	3857.3125
112	-22	3857.3515625
112	-20	3857.046875
112	-18	3857.3203125
112	-16	3857.5078125
112	-14	3857.4765625
112	-12	3857.6875
112	-10	3857.875
112	-8	3857.6796875
112	-6	3858.21875
112	-4	3857.6640625
112	-2	3857.828125
112	0	3858.2109375
112	2	3858
112	4	3858.140625
112	6	3857.8515625
112	8	3857.8984375
112	10	3857.6328125
112	12	3857.7890625
112	14	3857.8359375
112	16	3857.7265625
112	18	3857.953125
112	20	3857.3671875
112	22	3857.6796875
112	24	3857.84375
112	26	3857.5390625
112	28	3857.6171875
112	30	3857.9375
112	32	3858.09375
112	34	3857.703125
112	36	3857.7109375
112	38	3857.7734375
112	40	3857.703125
112	42	3857.3828125
112	44	3857.1015625
112	46	3857.3828125
112	48	3857.2265625
112	50	3857.1640625
112	52	3857.3359375
112	54	3857.203125
112	56	3857.328125
112	58	3857.4375
112	60	3857.375
112	62	3857.203125
112	64	3857.15625
112	66	3856.796875
112	68	3857.4453125
112	70	3857.0390625
112	72	3856.5859375
112	74	3857.203125
112	76	3856.9140625
112	78	3856.6796875
112	80	3857.03125
112	82	3856.7890625
112	84	3856.7421875
112	86	3856.921875
112	88	3856.921875
112	90	3856.6171875
112	92	3856.609375
112	94	3856.9765625
112	96	3856.890625
112	98	3856.1015625
116	-290	3811.5078125
116	-288	3811.6875
116	-286	3812.390625
116	-284	3813.6953125
116	-282	3813.6875
116	-280	3814.2265625
116	-278	3814.703125
116	-276	3815.84375
116	-274	3816.4921875
116	-272	3817.15625
116	-270	3817.515625
116	-268	3818.390625
116	-266	3818.4375
116	-264	3819.34375
116	-262	3819.609375
116	-260	3820.28125
116	-258	3821.1484375
116	-256	3821.4140625
116	-254	3822.0078125
116	-252	3821.9765625
116	-250	3822.8046875
116	-248	3823.296875
116	-246	3823.3671875
116	-244	3824.578125
116	-242	3824.2421875
116	-240	3824.65625
116	-238	3825.359375
116	-236	3825.4765625
116	-234	3825.6953125
116	-232	3826.2265625
116	-230	3826.546875
116	-228	3827.203125
116	-226	3827.140625
116	-224	3827.375
116	-222	3828.28125
116	-220	3828.1484375
116	-218	3829.359375
116	-216	3829.484375
116	-214	3830.2890625
116	-212	3830.2109375
116	-210	3830.375
116	-208	3830.8515625
116	-206	3830.9765625
116	-204	3831.3515625
116	-202	3832.0625
116	-200	3831.34375
116	-198	3832.5
116	-196	3832.53125
116	-194	3832.875
116	-192	3832.8359375
116	-190	3833.359375
116	-188	3834.046875
116	-186	3833.9765625
116	-184	3834.1484375
116	-182	3834.5234375
116	-180	3835.71875
116	-178	3835.265625
116	-176	3835.9453125
116	-174	3835.3984375
116	-172	3836.1875
116	-170	3836.3125
116	-168	3836.3515625
116	-166	3836.75
116	-164	3836.40625
116	-162	3836.984375
116	-160	3837.0078125
116	-158	3837.84375
116	-156	3838.0078125
116	-154	3838.484375
116	-152	3839.25
116	-150	3839.4609375
116	-148	3839.5234375
116	-146	3839.703125
116	-144	3839.6796875
116	-142	3840.2890625
116	-140	3840.2421875
116	-138	3840.59375
116	-136	3840.3125
116	-134	3840.890625
116	-132	3841.4453125
116	-130	3841.0625
116	-128	3841.65625
116	-126	3841.8984375
116	-124	3841.6484375
116	-122	3841.9609375
116	-120	3842.078125
116	-118	3841.953125
116	-116	3842.375
116	-114	3841.8046875
116	-112	3843.09375
116	-110	3843.3359375
116	-108	3843.3125
116	-106	3843.7109375
116	-104	3843.015625
116	-102	3843.140625
116	-100	3843.1484375
116	-98	3843.9453125
116	-96	3843.40625
116	-94	3844.28125
116	-92	3844.1015625
116	-90	3843.953125
116	-88	3844.2890625
116	-86	3844.109375
116	-84	3844.4140625
116	-82	3844.3671875
116	-80	3844.6875
116	-78	3844.8046875
116	-76	3844.8125
116	-74	3845.8671875
116	-72	3845.2265625
116	-70	3845.4765625
116	-68	3845.8046875
116	-66	3845.9921875
116	-64	3846.046875
116	-62	3845.984375
116	-60	3845.8515625
116	-58	3846.640625
116	-56	3846.140625
116	-54	3846.796875
116	-52	3845.7265625
116	-50	3846.8984375
116	-48	3846.375
116	-46	3846.453125
116	-44	3846.2734375
116	-42	3845.84375
116	-40	3846.453125
116	-38	3846.3515625
116	-36	3846.515625
116	-34	3846.859375
116	-32	3846.484375
116	-30	3846.796875
116	-28	3846.6484375
116	-26	3846.796875
116	-24	3847.0078125
116	-22	3847.0078125
116	-20	3846.9140625
116	-18	3847.390625
116	-16	3847.1171875
116	-14	3847.2578125
116	-12	3847.1953125
116	-10	3847.671875
116	-8	3847.203125
116	-6	3847.1484375
116	-4	3847.421875
116	-2	3846.90625
116	0	3847.1328125
116	2	3848.28125
116	4	3847.25
116	6	3847.46875
116	8	3847.3359375
116	10	3847.9609375
116	12	3847.7578125
116	14	3848
116	16	3847.5
116	18	3847.3515625
116	20	3847.6484375
116	22	3847.4609375
116	24	3847.5
116	26	3848.03125
116	28	3847.703125
116	30	3848.0390625
116	32	3848.0234375
116	34	3847.7734375
116	36	3848.40625
116	38	3847.796875
116	40	3847.875
116	42	3847.625
116	44	3847.5546875
116	46	3847.7109375
116	48	3847.2578125
116	50	3847.6015625
116	52	3847.984375
116	54	3847.3125
116	56	3847.9296875
116	58	3847.515625
116	60	3847.21875
116	62	3847.5234375
116	64	3847.390625
116	66	3847.59375
116	68	3847.4140625
116	70	3847.25
116	72	3847.328125
116	74	3847.265625
116	76	3847.1640625
116	78	3847.125
116	80	3847.2265625
116	82	3846.734375
116	84	3846.953125
116	86	3847.0546875
116	88	3846.984375
116	90	3846.3046875
116	92	3846.921875
116	94	3846.46875
116	96	3846.3828125
116	98	3846.1953125
120	-290	3795.5
120	-288	3795.703125
120	-286	3795.9453125
120	-284	3796.90625
120	-282	3797.109375
120	-280	3798.546875
120	-278	3798.78125
120	-276	3799.984375
120	-274	3799.484375
120	-272	3800.296875
120	-270	3801.453125
120	-268	3801.4375
120	-266	3801.140625
120	-264	3802.6875
120	-262	3802.6875
120	-260	3803.3515625
120	-258	3803.8046875
120	-256	3804.28125
120	-254	3805.4453125
120	-252	3805.140625
120	-250	3805.4140625
120	-248	3805.53125
120	-246	3806.40625
120	-244	3806.6953125
120	-242	3807.2265625
120	-240	3807.65625
120	-238	3808.4609375
120	-236	3808.7578125
120	-234	3809.234375
120	-232	3809.3046875
120	-230	3809.9140625
120	-228	3809.4609375
120	-226	3810.0390625
120	-224	3810.0390625
120	-222	3810.8125
120	-220	3810.984375
120	-218	3811.0859375
120	-216	3811.5625
120	-214	3812.4453125
120	-212	3812.0703125
120	-210	3812.8515625
120	-208	3813.390625
120	-206	3813.2890625
120	-204	3814.5390625
120	-202	3813.546875
120	-200	3814.59375
120	-198	3815.03125
120	-196	3815.234375
120	-194	3815.328125
120	-192	3815.4609375
120	-190	3815.34375
120	-188	3816.1015625
120	-186	3816.3515625
120	-184	3816.953125
120	-182	3817.1328125
120	-180	3817.2421875
120	-178	3818.140625
120	-176	3817.1640625
120	-174	3818.390625
120	-172	3818.0703125
120	-170	3818.0625
120	-168	3819.59375
120	-166	3819.8828125
120	-164	3819.65625
120	-162	3819.2890625
120	-160	3819.8046875
120	-158	3819.796875
120	-156	3819.8203125
120	-154	3819.90625
120	-152	3820.71875
120	-150	3820.9765625
120	-148	3820.9140625
120	-146	3820.6328125
120	-144	3821.3125
120	-142	3820.796875
120	-140	3821.5859375
120	-138	3821.7109375
120	-136	3821.2109375
120	-134	3822.1796875
120	-132	3822.28125
120	-130	3822.2421875
120	-128	3822.2578125
120	-126	3822.9921875
120	-124	3822.875
120	-122	3822.7890625
120	-120	3823.78125
120	-118	3824.234375
120	-116	3823.609375
120	-114	3824.3203125
120	-112	3824.109375
120	-110	3824.2109375
120	-108	3824.6015625
120	-106	3824.0546875
120	-104	3824.59375
120	-102	3824.796875
120	-100	3824.9765625
120	-98	3824.9453125
120	-96	3825.1015625
120	-94	3825.5234375
120	-92	3825.7578125
120	-90	3825.6484375
120	-88	3825.875
120	-86	3825.7578125
120	-84	3826.3359375
120	-82	3826.34375
120	-80	3826.0234375
120	-78	3826.3515625
120	-76	3826.609375
120	-74	3826.6640625
120	-72	3826.53125
120	-70	3826.5546875
120	-68	3826.859375
120	-66	3826.40625
120	-64	3827.34375
120	-62	3826.6875
120	-60	3827.6328125
120	-58	3826.96875
120	-56	3827.8671875
120	-54	3827.5859375
120	-52	3827.734375
120	-50	3827.515625
120	-48	3827.9296875
120	-46	3827.9609375
120	-44	3827.84375
120	-42	3827.984375
120	-40	3827.4296875
120	-38	3828.265625
120	-36	3828.234375
120	-34	3827.7578125
120	-32	3828.2265625
120	-30	3827.875
120	-28	3827.8046875
120	-26	3828.5
120	-24	3828.7734375
120	-22	3829.046875
120	-20	3828.6015625
120	-18	3829.109375
120	-16	3827.9765625
120	-14	3828.1171875
120	-12	3828.2734375
120	-10	3828.515625
120	-8	3828.328125
120	-6	3828.5625
120	-4	3828.515625
120	-2	3828.625
120	0	3828.625
120	2	3828.6640625
120	4	3828.4375
120	6	3828.796875
120	8	3828.671875
120	10	3828.5859375
120	12	3828.84375
120	14	3828.59375
120	16	3828.203125
120	18	3829.3984375
120	20	3829.125
120	22	3828.8515625
120	24	3829.234375
120	26	3829
120	28	3828.640625
120	30	3829.6953125
120	32	3829.3125
120	34	3828.921875
120	36	3828.8828125
120	38	3828.34375
120	40	3829.7109375
120	42	3829.0390625
120	44	3829.640625
120	46	3829.1953125
120	48	3829.8828125
120	50	3829.4765625
120	52	3829.421875
120	54	3828.984375
120	56	3830.2578125
120	58	3829.0625
120	60	3829.5625
120	62	3829.4375
120	64	3829.5625
120	66	3829.2578125
120	68	3829.3203125
120	70	3829.15625
120	72	3829.875
120	74	3829.1796875
120	76	3829.0234375
120	78	3828.859375
120	80	3829.203125
120	82	3829.15625
120	84	3829.0390625
120	86	3829.234375
120	88	3829.015625
120	90	3829.1640625
120	92	3829.0546875
120	94	3828.6328125
120	96	3828.515625
120	98	3827.8359375
