64	-290	3856.5311279296875
64	-288	3858.544677734375
64	-286	3860.30078125
64	-284	3862.096923828125
64	-282	3864.0479736328125
64	-280	3865.8729248046875
64	-278	3867.738037109375
64	-276	3869.5421142578125
64	-274	3871.3013916015625
64	-272	3873.050537109375
64	-270	3874.791259765625
64	-268	3876.5081787109375
64	-266	3878.24267578125
64	-264	3879.9066162109375
64	-262	3881.7330322265625
64	-260	3883.3973388671875
64	-258	3885.0562744140625
64	-256	3886.70947265625
64	-254	3888.376953125
64	-252	3890.04736328125
64	-250	3891.6922607421875
64	-248	3893.212158203125
64	-246	3894.833251953125
64	-244	3896.398681640625
64	-242	3897.938232421875
64	-240	3899.5345458984375
64	-238	3901.0517578125
64	-236	3902.5924072265625
64	-234	3904.0401611328125
64	-232	3905.5614013671875
64	-230	3907.008056640625
64	-228	3908.416015625
64	-226	3909.8043212890625
64	-224	3911.3018798828125
64	-222	3912.7183837890625
64	-220	3914.121337890625
64	-218	3915.4853515625
64	-216	3916.7979736328125
64	-214	3918.060791015625
64	-212	3919.357666015625
64	-210	3920.6224365234375
64	-208	3921.8338623046875
64	-206	3923.0450439453125
64	-204	3924.24853515625
64	-202	3925.3634033203125
64	-200	3926.5057373046875
64	-198	3927.5758056640625
64	-196	3928.5635986328125
64	-194	3929.640380859375
64	-192	3930.677490234375
64	-190	3931.638671875
64	-188	3932.4935302734375
64	-186	3933.4385986328125
64	-184	3934.318115234375
64	-182	3935.15185546875
64	-180	3936.007080078125
64	-178	3936.803955078125
64	-176	3937.5941162109375
64	-174	3938.288330078125
64	-172	3939.019287109375
64	-170	3939.734619140625
64	-168	3940.4022216796875
64	-166	3941.0416259765625
64	-164	3941.664306640625
64	-162	3942.2667236328125
64	-160	3942.869873046875
64	-158	3943.4801025390625
64	-156	3944.0328369140625
64	-154	3944.579833984375
64	-152	3945.0721435546875
64	-150	3945.583984375
64	-148	3946.1082763671875
64	-146	3946.5765380859375
64	-144	3947.0252685546875
64	-142	3947.5233154296875
64	-140	3947.9512939453125
64	-138	3948.3828125
64	-136	3948.80078125
64	-134	3949.175048828125
64	-132	3949.55908203125
64	-130	3949.9437255859375
64	-128	3950.271240234375
64	-126	3950.6280517578125
64	-124	3950.9720458984375
64	-122	3951.288330078125
64	-120	3951.60791015625
64	-118	3951.9412841796875
64	-116	3952.2376708984375
64	-114	3952.546875
64	-112	3952.8323974609375
64	-110	3953.1492919921875
64	-108	3953.4287109375
64	-106	3953.693603515625
64	-104	3953.94775390625
64	-102	3954.1988525390625
64	-100	3954.42724609375
64	-98	3954.6832275390625
64	-96	3954.9111328125
64	-94	3955.122802734375
64	-92	3955.33837890625
64	-90	3955.579833984375
64	-88	3955.792236328125
64	-86	3955.9749755859375
64	-84	3956.199951171875
64	-82	3956.38134765625
64	-80	3956.58837890625
64	-78	3956.7723388671875
64	-76	3956.9254150390625
64	-74	3957.1136474609375
64	-72	3957.275146484375
64	-70	3957.43701171875
64	-68	3957.5977783203125
64	-66	3957.7579345703125
64	-64	3957.9188232421875
64	-62	3958.0474853515625
64	-60	3958.1695556640625
64	-58	3958.29443359375
64	-56	3958.4251708984375
64	-54	3958.5308837890625
64	-52	3958.6495361328125
64	-50	3958.7718505859375
64	-48	3958.867919921875
64	-46	3959.007080078125
64	-44	3959.1199951171875
64	-42	3959.2093505859375
64	-40	3959.3013916015625
64	-38	3959.37451171875
64	-36	3959.4659423828125
64	-34	3959.5648193359375
64	-32	3959.628173828125
64	-30	3959.7020263671875
64	-28	3959.75927734375
64	-26	3959.8304443359375
64	-24	3959.8785400390625
64	-22	3959.9488525390625
64	-20	3959.982666015625
64	-18	3960.042724609375
64	-16	3960.1004638671875
64	-14	3960.1363525390625
64	-12	3960.1971435546875
64	-10	3960.2320556640625
64	-8	3960.265625
64	-6	3960.3089599609375
64	-4	3960.3397216796875
64	-2	3960.3751220703125
64	0	3960.3970947265625
64	2	3960.4403076171875
64	4	3960.4356689453125
64	6	3960.4599609375
64	8	3960.4576416015625
64	10	3960.4774169921875
64	12	3960.4810791015625
64	14	3960.48193359375
64	16	3960.485107421875
64	18	3960.485107421875
64	20	3960.461181640625
64	22	3960.4757080078125
64	24	3960.4794921875
64	26	3960.4727783203125
64	28	3960.4334716796875
64	30	3960.4293212890625
64	32	3960.3978271484375
64	34	3960.3607177734375
64	36	3960.3427734375
64	38	3960.3270263671875
64	40	3960.26318359375
64	42	3960.2779541015625
64	44	3960.2314453125
64	46	3960.2132568359375
64	48	3960.1630859375
64	50	3960.1121826171875
64	52	3960.072509765625
64	54	3960.0257568359375
64	56	3959.9691162109375
64	58	3959.899658203125
64	60	3959.9139404296875
64	62	3959.83349609375
64	64	3959.7640380859375
64	66	3959.7110595703125
64	68	3959.6546630859375
64	70	3959.5931396484375
64	72	3959.5531005859375
64	74	3959.475341796875
64	76	3959.3944091796875
64	78	3959.32080078125
64	80	3959.271728515625
64	82	3959.217529296875
64	84	3959.12939453125
64	86	3959.0548095703125
64	88	3958.97509765625
64	90	3958.8447265625
64	92	3958.745361328125
64	94	3958.6368408203125
64	96	3958.528564453125
64	98	3958.260986328125
68	-290	3856.7099609375
68	-288	3858.6627197265625
68	-286	3860.455078125
68	-284	3862.2799072265625
68	-282	3864.16064453125
68	-280	3865.937255859375
68	-278	3867.8067626953125
68	-276	3869.5274658203125
68	-274	3871.34765625
68	-272	3873.1309814453125
68	-270	3874.9366455078125
68	-268	3876.5650634765625
68	-266	3878.3740234375
68	-264	3880.020751953125
68	-262	3881.76171875
68	-260	3883.4793701171875
68	-258	3885.1109619140625
68	-256	3886.712646484375
68	-254	3888.3170166015625
68	-252	3890.0233154296875
68	-250	3891.6561279296875
68	-248	3893.3260498046875
68	-246	3894.9056396484375
68	-244	3896.4432373046875
68	-242	3898.01416015625
68	-240	3899.553955078125
68	-238	3901.04638671875
68	-236	3902.5948486328125
68	-234	3904.0823974609375
68	-232	3905.595703125
68	-230	3907.0224609375
68	-228	3908.4659423828125
68	-226	3909.8626708984375
68	-224	3911.2916259765625
68	-222	3912.7198486328125
68	-220	3914.0303955078125
68	-218	3915.3603515625
68	-216	3916.6466064453125
68	-214	3917.9556884765625
68	-212	3919.28466796875
68	-210	3920.548095703125
68	-208	3921.7294921875
68	-206	3922.8765869140625
68	-204	3923.94384765625
68	-202	3925.10009765625
68	-200	3926.18212890625
68	-198	3927.2569580078125
68	-196	3928.260986328125
68	-194	3929.2587890625
68	-192	3930.214599609375
68	-190	3931.1500244140625
68	-188	3932.0294189453125
68	-186	3932.897705078125
68	-184	3933.762451171875
68	-182	3934.63232421875
68	-180	3935.4229736328125
68	-178	3936.1494140625
68	-176	3936.923828125
68	-174	3937.6427001953125
68	-172	3938.3604736328125
68	-170	3939.055908203125
68	-168	3939.7303466796875
68	-166	3940.3646240234375
68	-164	3940.95263671875
68	-162	3941.58447265625
68	-160	3942.176025390625
68	-158	3942.737060546875
68	-156	3943.3099365234375
68	-154	3943.83203125
68	-152	3944.369873046875
68	-150	3944.843017578125
68	-148	3945.2884521484375
68	-146	3945.760009765625
68	-144	3946.184326171875
68	-142	3946.6385498046875
68	-140	3947.1009521484375
68	-138	3947.4912109375
68	-136	3947.9219970703125
68	-134	3948.3175048828125
68	-132	3948.6810302734375
68	-130	3949.090087890625
68	-128	3949.3961181640625
68	-126	3949.74658203125
68	-124	3950.108642578125
68	-122	3950.4244384765625
68	-120	3950.749267578125
68	-118	3951.0576171875
68	-116	3951.36328125
68	-114	3951.6351318359375
68	-112	3951.9404296875
68	-110	3952.211181640625
68	-108	3952.488037109375
68	-106	3952.7540283203125
68	-104	3953.0316162109375
68	-102	3953.2489013671875
68	-100	3953.47900390625
68	-98	3953.7098388671875
68	-96	3953.9404296875
68	-94	3954.179443359375
68	-92	3954.389892578125
68	-90	3954.580078125
68	-88	3954.7861328125
68	-86	3954.97021484375
68	-84	3955.1986083984375
68	-82	3955.37353515625
68	-80	3955.534912109375
68	-78	3955.7376708984375
68	-76	3955.87744140625
68	-74	3956.0257568359375
68	-72	3956.218994140625
68	-70	3956.3660888671875
68	-68	3956.5078125
68	-66	3956.6544189453125
68	-64	3956.784912109375
68	-62	3956.9322509765625
68	-60	3957.075927734375
68	-58	3957.2054443359375
68	-56	3957.338134765625
68	-54	3957.4595947265625
68	-52	3957.5537109375
68	-50	3957.664306640625
68	-48	3957.7796630859375
68	-46	3957.8736572265625
68	-44	3957.9725341796875
68	-42	3958.0443115234375
68	-40	3958.1689453125
68	-38	3958.2542724609375
68	-36	3958.322021484375
68	-34	3958.3890380859375
68	-32	3958.49560546875
68	-30	3958.5723876953125
68	-28	3958.6470947265625
68	-26	3958.6959228515625
68	-24	3958.75439453125
68	-22	3958.810302734375
68	-20	3958.87255859375
68	-18	3958.933837890625
68	-16	3958.9803466796875
68	-14	3958.9991455078125
68	-12	3959.072021484375
68	-10	3959.107666015625
68	-8	3959.156005859375
68	-6	3959.1888427734375
68	-4	3959.2227783203125
68	-2	3959.2276611328125
68	0	3959.26220703125
68	2	3959.292724609375
68	4	3959.3189697265625
68	6	3959.315673828125
68	8	3959.3255615234375
68	10	3959.3533935546875
68	12	3959.3773193359375
68	14	3959.374755859375
68	16	3959.359375
68	18	3959.3685302734375
68	20	3959.3475341796875
68	22	3959.342529296875
68	24	3959.315673828125
68	26	3959.33740234375
68	28	3959.3243408203125
68	30	3959.2939453125
68	32	3959.2926025390625
68	34	3959.2635498046875
68	36	3959.24853515625
68	38	3959.21484375
68	40	3959.1666259765625
68	42	3959.1766357421875
68	44	3959.125732421875
68	46	3959.0943603515625
68	48	3959.0595703125
68	50	3959.009033203125
68	52	3958.978759765625
68	54	3958.93017578125
68	56	3958.88818359375
68	58	3958.8525390625
68	60	3958.789306640625
68	62	3958.732421875
68	64	3958.6663818359375
68	66	3958.615234375
68	68	3958.5572509765625
68	70	3958.5072021484375
68	72	3958.4610595703125
68	74	3958.3934326171875
68	76	3958.3148193359375
68	78	3958.2760009765625
68	80	3958.2060546875
68	82	3958.1561279296875
68	84	3958.094482421875
68	86	3957.9739990234375
68	88	3957.899658203125
68	90	3957.7679443359375
68	92	3957.66015625
68	94	3957.552490234375
68	96	3957.4559326171875
68	98	3957.1663818359375
72	-290	3857.4166259765625
72	-288	3859.23779296875
72	-286	3861.04833984375
72	-284	3862.870361328125
72	-282	3864.6910400390625
72	-280	3866.4783935546875
72	-278	3868.2662353515625
72	-276	3870.07763671875
72	-274	3871.8040771484375
72	-272	3873.583251953125
72	-270	3875.425537109375
72	-268	3877.11572265625
72	-266	3878.7991943359375
72	-264	3880.5321044921875
72	-262	3882.1802978515625
72	-260	3883.8221435546875
72	-258	3885.46044921875
72	-256	3887.18017578125
72	-254	3888.83203125
72	-252	3890.3936767578125
72	-250	3892.0853271484375
72	-248	3893.64990234375
72	-246	3895.1990966796875
72	-244	3896.77001953125
72	-242	3898.28857421875
72	-240	3899.798828125
72	-238	3901.31298828125
72	-236	3902.7994384765625
72	-234	3904.2308349609375
72	-232	3905.7264404296875
72	-230	3907.1590576171875
72	-228	3908.521484375
72	-226	3909.97607421875
72	-224	3911.36669921875
72	-222	3912.720703125
72	-220	3914.0595703125
72	-218	3915.2874755859375
72	-216	3916.5819091796875
72	-214	3917.800048828125
72	-212	3919.040283203125
72	-210	3920.1959228515625
72	-208	3921.416748046875
72	-206	3922.5538330078125
72	-204	3923.6588134765625
72	-202	3924.7142333984375
72	-200	3925.76220703125
72	-198	3926.7681884765625
72	-196	3927.7298583984375
72	-194	3928.7020263671875
72	-192	3929.645263671875
72	-190	3930.5474853515625
72	-188	3931.4539794921875
72	-186	3932.279052734375
72	-184	3933.0833740234375
72	-182	3933.875732421875
72	-180	3934.61474609375
72	-178	3935.4171142578125
72	-176	3936.14501953125
72	-174	3936.8109130859375
72	-172	3937.458251953125
72	-170	3938.092529296875
72	-168	3938.7142333984375
72	-166	3939.2889404296875
72	-164	3939.9051513671875
72	-162	3940.5374755859375
72	-160	3941.0968017578125
72	-158	3941.618896484375
72	-156	3942.139404296875
72	-154	3942.6829833984375
72	-152	3943.1630859375
72	-150	3943.6419677734375
72	-148	3944.1087646484375
72	-146	3944.58544921875
72	-144	3945.016845703125
72	-142	3945.4359130859375
72	-140	3945.865234375
72	-138	3946.271484375
72	-136	3946.6612548828125
72	-134	3947.020263671875
72	-132	3947.399658203125
72	-130	3947.7725830078125
72	-128	3948.122314453125
72	-126	3948.4544677734375
72	-124	3948.755859375
72	-122	3949.096435546875
72	-120	3949.40869140625
72	-118	3949.7139892578125
72	-116	3950.0174560546875
72	-114	3950.301513671875
72	-112	3950.5863037109375
72	-110	3950.82080078125
72	-108	3951.0784912109375
72	-106	3951.333740234375
72	-104	3951.5838623046875
72	-102	3951.8289794921875
72	-100	3952.0755615234375
72	-98	3952.32568359375
72	-96	3952.5362548828125
72	-94	3952.7601318359375
72	-92	3952.962890625
72	-90	3953.166015625
72	-88	3953.34912109375
72	-86	3953.586181640625
72	-84	3953.74072265625
72	-82	3953.906982421875
72	-80	3954.111083984375
72	-78	3954.2760009765625
72	-76	3954.4356689453125
72	-74	3954.6121826171875
72	-72	3954.75
72	-70	3954.8917236328125
72	-68	3955.0162353515625
72	-66	3955.191650390625
72	-64	3955.3533935546875
72	-62	3955.4820556640625
72	-60	3955.56884765625
72	-58	3955.710693359375
72	-56	3955.805908203125
72	-54	3955.918701171875
72	-52	3956.039794921875
72	-50	3956.1845703125
72	-48	3956.2808837890625
72	-46	3956.37890625
72	-44	3956.44287109375
72	-42	3956.5711669921875
72	-40	3956.6607666015625
72	-38	3956.7432861328125
72	-36	3956.82275390625
72	-34	3956.8795166015625
72	-32	3956.971435546875
72	-30	3957.05224609375
72	-28	3957.1123046875
72	-26	3957.1651611328125
72	-24	3957.22119140625
72	-22	3957.276611328125
72	-20	3957.344970703125
72	-18	3957.4075927734375
72	-16	3957.438232421875
72	-14	3957.4840087890625
72	-12	3957.5308837890625
72	-10	3957.560546875
72	-8	3957.6304931640625
72	-6	3957.6622314453125
72	-4	3957.6890869140625
72	-2	3957.6922607421875
72	0	3957.70751953125
72	2	3957.7344970703125
72	4	3957.733642578125
72	6	3957.7662353515625
72	8	3957.7911376953125
72	10	3957.7828369140625
72	12	3957.7955322265625
72	14	3957.7972412109375
72	16	3957.8035888671875
72	18	3957.7806396484375
72	20	3957.8038330078125
72	22	3957.7784423828125
72	24	3957.7830810546875
72	26	3957.7864990234375
72	28	3957.7562255859375
72	30	3957.7705078125
72	32	3957.751708984375
72	34	3957.7137451171875
72	36	3957.6676025390625
72	38	3957.6617431640625
72	40	3957.6422119140625
72	42	3957.5765380859375
72	44	3957.5682373046875
72	46	3957.54736328125
72	48	3957.4927978515625
72	50	3957.468505859375
72	52	3957.4315185546875
72	54	3957.405029296875
72	56	3957.3387451171875
72	58	3957.2843017578125
72	60	3957.2366943359375
72	62	3957.1851806640625
72	64	3957.1583251953125
72	66	3957.10498046875
72	68	3957.0386962890625
72	70	3957.0052490234375
72	72	3956.9298095703125
72	74	3956.880126953125
72	76	3956.8062744140625
72	78	3956.7664794921875
72	80	3956.7166748046875
72	82	3956.6317138671875
72	84	3956.5499267578125
72	86	3956.4620361328125
72	88	3956.396484375
72	90	3956.3033447265625
72	92	3956.2130126953125
72	94	3956.0675048828125
72	96	3955.9534912109375
72	98	3955.7003173828125
76	-290	3858.110107421875
76	-288	3860.024169921875
76	-286	3861.845458984375
76	-284	3863.6800537109375
76	-282	3865.5018310546875
76	-280	3867.359130859375
76	-278	3869.114013671875
76	-276	3870.862060546875
76	-274	3872.6185302734375
76	-272	3874.423583984375
76	-270	3876.1123046875
76	-268	3877.776123046875
76	-266	3879.4378662109375
76	-264	3881.147705078125
76	-262	3882.900146484375
76	-260	3884.5440673828125
76	-258	3886.1336669921875
76	-256	3887.7803955078125
76	-254	3889.3798828125
76	-252	3891.05419921875
76	-250	3892.6121826171875
76	-248	3894.2017822265625
76	-246	3895.741943359375
76	-244	3897.2816162109375
76	-242	3898.873779296875
76	-240	3900.3785400390625
76	-238	3901.797119140625
76	-236	3903.1689453125
76	-234	3904.56494140625
76	-232	3906.0030517578125
76	-230	3907.46337890625
76	-228	3908.8275146484375
76	-226	3910.1666259765625
76	-224	3911.470947265625
76	-222	3912.7454833984375
76	-220	3914.0560302734375
76	-218	3915.3253173828125
76	-216	3916.5078125
76	-214	3917.6630859375
76	-212	3918.76806640625
76	-210	3919.9493408203125
76	-208	3921.0166015625
76	-206	3922.0582275390625
76	-204	3923.19140625
76	-202	3924.2147216796875
76	-200	3925.1829833984375
76	-198	3926.13330078125
76	-196	3927.0218505859375
76	-194	3927.9359130859375
76	-192	3928.825927734375
76	-190	3929.721435546875
76	-188	3930.542724609375
76	-186	3931.3314208984375
76	-184	3932.0853271484375
76	-182	3932.8228759765625
76	-180	3933.5518798828125
76	-178	3934.2335205078125
76	-176	3934.9141845703125
76	-174	3935.57373046875
76	-172	3936.211181640625
76	-170	3936.822021484375
76	-168	3937.4093017578125
76	-166	3937.972900390625
76	-164	3938.5277099609375
76	-162	3939.0811767578125
76	-160	3939.63330078125
76	-158	3940.128662109375
76	-156	3940.6092529296875
76	-154	3941.0830078125
76	-152	3941.56396484375
76	-150	3942.0252685546875
76	-148	3942.4576416015625
76	-146	3942.8896484375
76	-144	3943.3463134765625
76	-142	3943.711669921875
76	-140	3944.115234375
76	-138	3944.53271484375
76	-136	3944.93994140625
76	-134	3945.2969970703125
76	-132	3945.6419677734375
76	-130	3945.9964599609375
76	-128	3946.2958984375
76	-126	3946.6387939453125
76	-124	3946.955078125
76	-122	3947.2415771484375
76	-120	3947.5478515625
76	-118	3947.8448486328125
76	-116	3948.140625
76	-114	3948.421630859375
76	-112	3948.6768798828125
76	-110	3948.950439453125
76	-108	3949.15283203125
76	-106	3949.436279296875
76	-104	3949.681396484375
76	-102	3949.9134521484375
76	-100	3950.1351318359375
76	-98	3950.3858642578125
76	-96	3950.6241455078125
76	-94	3950.8126220703125
76	-92	3950.992431640625
76	-90	3951.193603515625
76	-88	3951.3990478515625
76	-86	3951.5650634765625
76	-84	3951.748291015625
76	-82	3951.9241943359375
76	-80	3952.104248046875
76	-78	3952.2637939453125
76	-76	3952.443603515625
76	-74	3952.5833740234375
76	-72	3952.7366943359375
76	-70	3952.8748779296875
76	-68	3953.0430908203125
76	-66	3953.1597900390625
76	-64	3953.3109130859375
76	-62	3953.427978515625
76	-60	3953.55517578125
76	-58	3953.668701171875
76	-56	3953.7835693359375
76	-54	3953.8936767578125
76	-52	3954.027587890625
76	-50	3954.118896484375
76	-48	3954.245849609375
76	-46	3954.355712890625
76	-44	3954.4232177734375
76	-42	3954.51171875
76	-40	3954.592041015625
76	-38	3954.6890869140625
76	-36	3954.776123046875
76	-34	3954.8260498046875
76	-32	3954.8870849609375
76	-30	3954.972900390625
76	-28	3955.0030517578125
76	-26	3955.07666015625
76	-24	3955.1402587890625
76	-22	3955.2254638671875
76	-20	3955.272705078125
76	-18	3955.296630859375
76	-16	3955.3529052734375
76	-14	3955.4012451171875
76	-12	3955.4658203125
76	-10	3955.4808349609375
76	-8	3955.5130615234375
76	-6	3955.564697265625
76	-4	3955.5897216796875
76	-2	3955.5888671875
76	0	3955.6201171875
76	2	3955.6409912109375
76	4	3955.66552734375
76	6	3955.681640625
76	8	3955.716064453125
76	10	3955.7176513671875
76	12	3955.7139892578125
76	14	3955.7232666015625
76	16	3955.7218017578125
76	18	3955.7052001953125
76	20	3955.69091796875
76	22	3955.684814453125
76	24	3955.6884765625
76	26	3955.699951171875
76	28	3955.6773681640625
76	30	3955.6685791015625
76	32	3955.6649169921875
76	34	3955.631591796875
76	36	3955.6002197265625
76	38	3955.578369140625
76	40	3955.554443359375
76	42	3955.510986328125
76	44	3955.4820556640625
76	46	3955.4459228515625
76	48	3955.4276123046875
76	50	3955.377685546875
76	52	3955.333984375
76	54	3955.296875
76	56	3955.2606201171875
76	58	3955.207275390625
76	60	3955.1763916015625
76	62	3955.1483154296875
76	64	3955.074462890625
76	66	3954.997314453125
76	68	3954.97314453125
76	70	3954.9080810546875
76	72	3954.8564453125
76	74	3954.81103515625
76	76	3954.7176513671875
76	78	3954.6641845703125
76	80	3954.6134033203125
76	82	3954.5482177734375
76	84	3954.481689453125
76	86	3954.394775390625
76	88	3954.2799072265625
76	90	3954.2332763671875
76	92	3954.1058349609375
76	94	3954.009765625
76	96	3953.861083984375
76	98	3953.5775146484375
80	-290	3859.330810546875
80	-288	3861.1600341796875
80	-286	3863.02099609375
80	-284	3864.857421875
80	-282	3866.6260986328125
80	-280	3868.406005859375
80	-278	3870.1798095703125
80	-276	3871.96630859375
80	-274	3873.6561279296875
80	-272	3875.3643798828125
80	-270	3877.0369873046875
80	-268	3878.719970703125
80	-266	3880.43017578125
80	-264	3882.02099609375
80	-262	3883.6898193359375
80	-260	3885.3780517578125
80	-258	3886.972412109375
80	-256	3888.6353759765625
80	-254	3890.231689453125
80	-252	3891.8475341796875
80	-250	3893.3497314453125
80	-248	3894.89794921875
80	-246	3896.3197021484375
80	-244	3897.85595703125
80	-242	3899.3594970703125
80	-240	3900.755859375
80	-238	3902.1549072265625
80	-236	3903.58984375
80	-234	3905.0142822265625
80	-232	3906.3809814453125
80	-230	3907.6558837890625
80	-228	3908.925048828125
80	-226	3910.1868896484375
80	-224	3911.467529296875
80	-222	3912.6854248046875
80	-220	3913.8265380859375
80	-218	3914.9853515625
80	-216	3916.09326171875
80	-214	3917.2486572265625
80	-212	3918.3232421875
80	-210	3919.41796875
80	-208	3920.3883056640625
80	-206	3921.364501953125
80	-204	3922.3642578125
80	-202	3923.2493896484375
80	-200	3924.18994140625
80	-198	3925.09765625
80	-196	3925.9935302734375
80	-194	3926.8231201171875
80	-192	3927.6077880859375
80	-190	3928.41162109375
80	-188	3929.1441650390625
80	-186	3929.8818359375
80	-184	3930.59423828125
80	-182	3931.281005859375
80	-180	3931.944580078125
80	-178	3932.6009521484375
80	-176	3933.2705078125
80	-174	3933.863037109375
80	-172	3934.4228515625
80	-170	3935.02001953125
80	-168	3935.57861328125
80	-166	3936.10791015625
80	-164	3936.65234375
80	-162	3937.13818359375
80	-160	3937.6414794921875
80	-158	3938.095703125
80	-156	3938.5162353515625
80	-154	3938.9713134765625
80	-152	3939.4354248046875
80	-150	3939.84619140625
80	-148	3940.2764892578125
80	-146	3940.7154541015625
80	-144	3941.080322265625
80	-142	3941.4857177734375
80	-140	3941.8690185546875
80	-138	3942.238525390625
80	-136	3942.5723876953125
80	-134	3942.9385986328125
80	-132	3943.2554931640625
80	-130	3943.5987548828125
80	-128	3943.9183349609375
80	-126	3944.216552734375
80	-124	3944.5562744140625
80	-122	3944.8184814453125
80	-120	3945.130859375
80	-118	3945.4097900390625
80	-116	3945.7152099609375
80	-114	3945.9901123046875
80	-112	3946.2474365234375
80	-110	3946.495361328125
80	-108	3946.732421875
80	-106	3946.9818115234375
80	-104	3947.2235107421875
80	-102	3947.4388427734375
80	-100	3947.627685546875
80	-98	3947.826416015625
80	-96	3948.06689453125
80	-94	3948.2447509765625
80	-92	3948.4471435546875
80	-90	3948.641845703125
80	-88	3948.8489990234375
80	-86	3949.0225830078125
80	-84	3949.1846923828125
80	-82	3949.364501953125
80	-80	3949.5279541015625
80	-78	3949.7037353515625
80	-76	3949.848388671875
80	-74	3950.017333984375
80	-72	3950.1630859375
80	-70	3950.2630615234375
80	-68	3950.4296875
80	-66	3950.5946044921875
80	-64	3950.708251953125
80	-62	3950.83349609375
80	-60	3950.9110107421875
80	-58	3951.0479736328125
80	-56	3951.1513671875
80	-54	3951.2572021484375
80	-52	3951.3587646484375
80	-50	3951.4649658203125
80	-48	3951.5595703125
80	-46	3951.671630859375
80	-44	3951.7520751953125
80	-42	3951.8302001953125
80	-40	3951.92236328125
80	-38	3952.0164794921875
80	-36	3952.0701904296875
80	-34	3952.123779296875
80	-32	3952.19140625
80	-30	3952.25830078125
80	-28	3952.3621826171875
80	-26	3952.365234375
80	-24	3952.47119140625
80	-22	3952.5457763671875
80	-20	3952.5772705078125
80	-18	3952.6041259765625
80	-16	3952.68798828125
80	-14	3952.7115478515625
80	-12	3952.7579345703125
80	-10	3952.7752685546875
80	-8	3952.843505859375
80	-6	3952.857177734375
80	-4	3952.88330078125
80	-2	3952.9144287109375
80	0	3952.9422607421875
80	2	3952.938720703125
80	4	3952.9774169921875
80	6	3952.9814453125
80	8	3952.995361328125
80	10	3953.013427734375
80	12	3953.02294921875
80	14	3952.9979248046875
80	16	3953.0240478515625
80	18	3953.0419921875
80	20	3953.01904296875
80	22	3953.0391845703125
80	24	3953.0452880859375
80	26	3952.986572265625
80	28	3952.9775390625
80	30	3952.99658203125
80	32	3952.9859619140625
80	34	3952.94189453125
80	36	3952.901611328125
80	38	3952.8944091796875
80	40	3952.880126953125
80	42	3952.83154296875
80	44	3952.8218994140625
80	46	3952.758056640625
80	48	3952.7222900390625
80	50	3952.707275390625
80	52	3952.6455078125
80	54	3952.6435546875
80	56	3952.570068359375
80	58	3952.5458984375
80	60	3952.4818115234375
80	62	3952.470703125
80	64	3952.4114990234375
80	66	3952.36865234375
80	68	3952.3057861328125
80	70	3952.263671875
80	72	3952.207763671875
80	74	3952.14453125
80	76	3952.0982666015625
80	78	3952.0311279296875
80	80	3951.9708251953125
80	82	3951.902587890625
80	84	3951.8681640625
80	86	3951.74658203125
80	88	3951.6785888671875
80	90	3951.5966796875
80	92	3951.499755859375
80	94	3951.438232421875
80	96	3951.2733154296875
80	98	3951.046142578125
84	-290	3860.871337890625
84	-288	3862.7572021484375
84	-286	3864.4495849609375
84	-284	3866.23388671875
84	-282	3867.978759765625
84	-280	3869.725341796875
84	-278	3871.4697265625
84	-276	3873.2073974609375
84	-274	3874.9376220703125
84	-272	3876.5625
84	-270	3878.24609375
84	-268	3879.9093017578125
84	-266	3881.590087890625
84	-264	3883.2626953125
84	-262	3884.8482666015625
84	-260	3886.4014892578125
84	-258	3887.99560546875
84	-256	3889.5673828125
84	-254	3891.06884765625
84	-252	3892.558837890625
84	-250	3894.078857421875
84	-248	3895.5294189453125
84	-246	3896.962890625
84	-244	3898.43896484375
84	-242	3899.84716796875
84	-240	3901.1756591796875
84	-238	3902.5213623046875
84	-236	3903.8382568359375
84	-234	3905.146484375
84	-232	3906.3458251953125
84	-230	3907.59814453125
84	-228	3908.734375
84	-226	3909.870361328125
84	-224	3911.0406494140625
84	-222	3912.1461181640625
84	-220	3913.2646484375
84	-218	3914.343505859375
84	-216	3915.4168701171875
84	-214	3916.4158935546875
84	-212	3917.460205078125
84	-210	3918.4224853515625
84	-208	3919.3076171875
84	-206	3920.2550048828125
84	-204	3921.142822265625
84	-202	3922.0040283203125
84	-200	3922.841064453125
84	-198	3923.6265869140625
84	-196	3924.3858642578125
84	-194	3925.154296875
84	-192	3925.8740234375
84	-190	3926.60791015625
84	-188	3927.32177734375
84	-186	3927.962158203125
84	-184	3928.611572265625
84	-182	3929.233154296875
84	-180	3929.855224609375
84	-178	3930.439453125
84	-176	3931.0087890625
84	-174	3931.5870361328125
84	-172	3932.121337890625
84	-170	3932.6357421875
84	-168	3933.1273193359375
84	-166	3933.661376953125
84	-164	3934.1033935546875
84	-162	3934.6112060546875
84	-160	3935.0662841796875
84	-158	3935.531982421875
84	-156	3935.958740234375
84	-154	3936.3875732421875
84	-152	3936.7745361328125
84	-150	3937.191162109375
84	-148	3937.56591796875
84	-146	3937.93505859375
84	-144	3938.320068359375
84	-142	3938.670166015625
84	-140	3939.0689697265625
84	-138	3939.3448486328125
84	-136	3939.6707763671875
84	-134	3939.988525390625
84	-132	3940.3436279296875
84	-130	3940.655517578125
84	-128	3940.9638671875
84	-126	3941.218505859375
84	-124	3941.5223388671875
84	-122	3941.8033447265625
84	-120	3942.067626953125
84	-118	3942.3533935546875
84	-116	3942.5728759765625
84	-114	3942.872802734375
84	-112	3943.0936279296875
84	-110	3943.3184814453125
84	-108	3943.55615234375
84	-106	3943.80126953125
84	-104	3944.0364990234375
84	-102	3944.2310791015625
84	-100	3944.42333984375
84	-98	3944.60595703125
84	-96	3944.8040771484375
84	-94	3945.057861328125
84	-92	3945.2330322265625
84	-90	3945.3856201171875
84	-88	3945.5626220703125
84	-86	3945.74072265625
84	-84	3945.9140625
84	-82	3946.094970703125
84	-80	3946.2470703125
84	-78	3946.407958984375
84	-76	3946.5302734375
84	-74	3946.6854248046875
84	-72	3946.828369140625
84	-70	3946.9691162109375
84	-68	3947.1083984375
84	-66	3947.2261962890625
84	-64	3947.3779296875
84	-62	3947.5107421875
84	-60	3947.5943603515625
84	-58	3947.7020263671875
84	-56	3947.817626953125
84	-54	3947.9383544921875
84	-52	3948.0223388671875
84	-50	3948.1290283203125
84	-48	3948.2357177734375
84	-46	3948.3035888671875
84	-44	3948.4415283203125
84	-42	3948.4962158203125
84	-40	3948.56884765625
84	-38	3948.6817626953125
84	-36	3948.771240234375
84	-34	3948.816650390625
84	-32	3948.88623046875
84	-30	3948.9365234375
84	-28	3949.0111083984375
84	-26	3949.0911865234375
84	-24	3949.1275634765625
84	-22	3949.1846923828125
84	-20	3949.23193359375
84	-18	3949.2784423828125
84	-16	3949.312744140625
84	-14	3949.370849609375
84	-12	3949.387451171875
84	-10	3949.4246826171875
84	-8	3949.4588623046875
84	-6	3949.5185546875
84	-4	3949.4981689453125
84	-2	3949.544677734375
84	0	3949.5625
84	2	3949.581298828125
84	4	3949.625244140625
84	6	3949.6387939453125
84	8	3949.6290283203125
84	10	3949.6328125
84	12	3949.6060791015625
84	14	3949.6439208984375
84	16	3949.638916015625
84	18	3949.669189453125
84	20	3949.6654052734375
84	22	3949.64501953125
84	24	3949.65234375
84	26	3949.65234375
84	28	3949.6136474609375
84	30	3949.6331787109375
84	32	3949.6456298828125
84	34	3949.606689453125
84	36	3949.568359375
84	38	3949.5302734375
84	40	3949.5242919921875
84	42	3949.5032958984375
84	44	3949.481689453125
84	46	3949.48095703125
84	48	3949.4525146484375
84	50	3949.37548828125
84	52	3949.36669921875
84	54	3949.3199462890625
84	56	3949.2379150390625
84	58	3949.2421875
84	60	3949.1796875
84	62	3949.1275634765625
84	64	3949.084716796875
84	66	3949.0509033203125
84	68	3948.9696044921875
84	70	3948.9251708984375
84	72	3948.9295654296875
84	74	3948.8673095703125
84	76	3948.794921875
84	78	3948.7347412109375
84	80	3948.6956787109375
84	82	3948.611572265625
84	84	3948.5433349609375
84	86	3948.4967041015625
84	88	3948.39990234375
84	90	3948.3349609375
84	92	3948.2353515625
84	94	3948.157470703125
84	96	3947.96630859375
84	98	3947.70849609375
88	-290	3862.593505859375
88	-288	3864.3427734375
88	-286	3866.1270751953125
88	-284	3867.9700927734375
88	-282	3869.7027587890625
88	-280	3871.4451904296875
88	-278	3873.0633544921875
88	-276	3874.7698974609375
88	-274	3876.4014892578125
88	-272	3878.0692138671875
88	-270	3879.69873046875
88	-268	3881.2535400390625
88	-266	3882.81396484375
88	-264	3884.4112548828125
88	-262	3885.9515380859375
88	-260	3887.46923828125
88	-258	3888.9554443359375
88	-256	3890.39697265625
88	-254	3891.828125
88	-252	3893.297607421875
88	-250	3894.7047119140625
88	-248	3896.0902099609375
88	-246	3897.39306640625
88	-244	3898.733154296875
88	-242	3900.030029296875
88	-240	3901.3448486328125
88	-238	3902.5225830078125
88	-236	3903.723388671875
88	-234	3904.838623046875
88	-232	3906.037109375
88	-230	3907.1324462890625
88	-228	3908.211669921875
88	-226	3909.2806396484375
88	-224	3910.3218994140625
88	-222	3911.3450927734375
88	-220	3912.2781982421875
88	-218	3913.2767333984375
88	-216	3914.2120361328125
88	-214	3915.17578125
88	-212	3916.0689697265625
88	-210	3916.8702392578125
88	-208	3917.71142578125
88	-206	3918.5074462890625
88	-204	3919.28173828125
88	-202	3920.08251953125
88	-200	3920.775146484375
88	-198	3921.4832763671875
88	-196	3922.2357177734375
88	-194	3922.88525390625
88	-192	3923.55615234375
88	-190	3924.1719970703125
88	-188	3924.8115234375
88	-186	3925.4154052734375
88	-184	3926.0411376953125
88	-182	3926.641357421875
88	-180	3927.1717529296875
88	-178	3927.7427978515625
88	-176	3928.187255859375
88	-174	3928.712646484375
88	-172	3929.17578125
88	-170	3929.7110595703125
88	-168	3930.160400390625
88	-166	3930.6219482421875
88	-164	3931.02978515625
88	-162	3931.473388671875
88	-160	3931.898681640625
88	-158	3932.275634765625
88	-156	3932.6734619140625
88	-154	3933.09130859375
88	-152	3933.4620361328125
88	-150	3933.8575439453125
88	-148	3934.198974609375
88	-146	3934.546875
88	-144	3934.906005859375
88	-142	3935.2110595703125
88	-140	3935.57275390625
88	-138	3935.8729248046875
88	-136	3936.2154541015625
88	-134	3936.5548095703125
88	-132	3936.7979736328125
88	-130	3937.1424560546875
88	-128	3937.3819580078125
88	-126	3937.656982421875
88	-124	3937.9442138671875
88	-122	3938.216552734375
88	-120	3938.453125
88	-118	3938.7066650390625
88	-116	3938.9619140625
88	-114	3939.1944580078125
88	-112	3939.396240234375
88	-110	3939.5977783203125
88	-108	3939.8363037109375
88	-106	3940.043212890625
88	-104	3940.2674560546875
88	-102	3940.473876953125
88	-100	3940.7015380859375
88	-98	3940.8739013671875
88	-96	3941.0943603515625
88	-94	3941.2752685546875
88	-92	3941.47509765625
88	-90	3941.632568359375
88	-88	3941.777099609375
88	-86	3941.9462890625
88	-84	3942.096435546875
88	-82	3942.2606201171875
88	-80	3942.4205322265625
88	-78	3942.5355224609375
88	-76	3942.6693115234375
88	-74	3942.8262939453125
88	-72	3942.934814453125
88	-70	3943.0821533203125
88	-68	3943.2056884765625
88	-66	3943.34912109375
88	-64	3943.46826171875
88	-62	3943.5924072265625
88	-60	3943.6912841796875
88	-58	3943.830810546875
88	-56	3943.91748046875
88	-54	3944.00341796875
88	-52	3944.107421875
88	-50	3944.203857421875
88	-48	3944.2843017578125
88	-46	3944.3807373046875
88	-44	3944.459228515625
88	-42	3944.5601806640625
88	-40	3944.603271484375
88	-38	3944.6976318359375
88	-36	3944.72607421875
88	-34	3944.8389892578125
88	-32	3944.8792724609375
88	-30	3944.9573974609375
88	-28	3944.994384765625
88	-26	3945.0562744140625
88	-24	3945.13623046875
88	-22	3945.1875
88	-20	3945.2347412109375
88	-18	3945.3031005859375
88	-16	3945.357666015625
88	-14	3945.38037109375
88	-12	3945.4327392578125
88	-10	3945.4520263671875
88	-8	3945.514404296875
88	-6	3945.519287109375
88	-4	3945.5374755859375
88	-2	3945.5450439453125
88	0	3945.5648193359375
88	2	3945.61181640625
88	4	3945.6346435546875
88	6	3945.6400146484375
88	8	3945.6689453125
88	10	3945.67626953125
88	12	3945.6756591796875
88	14	3945.7000732421875
88	16	3945.6900634765625
88	18	3945.7193603515625
88	20	3945.7081298828125
88	22	3945.6871337890625
88	24	3945.7003173828125
88	26	3945.6917724609375
88	28	3945.7076416015625
88	30	3945.6956787109375
88	32	3945.6612548828125
88	34	3945.6634521484375
88	36	3945.6353759765625
88	38	3945.6070556640625
88	40	3945.59521484375
88	42	3945.5560302734375
88	44	3945.5279541015625
88	46	3945.5267333984375
88	48	3945.48388671875
88	50	3945.45361328125
88	52	3945.4442138671875
88	54	3945.3648681640625
88	56	3945.3585205078125
88	58	3945.3165283203125
88	60	3945.2830810546875
88	62	3945.2054443359375
88	64	3945.2108154296875
88	66	3945.1290283203125
88	68	3945.1016845703125
88	70	3945.05712890625
88	72	3945.0008544921875
88	74	3944.9757080078125
88	76	3944.925048828125
88	78	3944.88916015625
88	80	3944.8193359375
88	82	3944.7662353515625
88	84	3944.68603515625
88	86	3944.5830078125
88	88	3944.49560546875
88	90	3944.4168701171875
88	92	3944.3447265625
88	94	3944.2423095703125
88	96	3944.1083984375
88	98	3943.83154296875
92	-290	3864.64697265625
92	-288	3866.3787841796875
92	-286	3868.0540771484375
92	-284	3869.677978515625
92	-282	3871.3060302734375
92	-280	3872.9659423828125
92	-278	3874.5672607421875
92	-276	3876.1575927734375
92	-274	3877.804443359375
92	-272	3879.3692626953125
92	-270	3880.8692626953125
92	-268	3882.326416015625
92	-266	3883.7330322265625
92	-264	3885.178466796875
92	-262	3886.6558837890625
92	-260	3888.1412353515625
92	-258	3889.4969482421875
92	-256	3890.8758544921875
92	-254	3892.220458984375
92	-252	3893.550048828125
92	-250	3894.8575439453125
92	-248	3896.0679931640625
92	-246	3897.3712158203125
92	-244	3898.5595703125
92	-242	3899.70654296875
92	-240	3900.918212890625
92	-238	3901.938720703125
92	-236	3902.981689453125
92	-234	3904.0792236328125
92	-232	3905.07666015625
92	-230	3906.083984375
92	-228	3907.0347900390625
92	-226	3908.009033203125
92	-224	3908.930908203125
92	-222	3909.8662109375
92	-220	3910.7122802734375
92	-218	3911.5877685546875
92	-216	3912.434326171875
92	-214	3913.2427978515625
92	-212	3914.0235595703125
92	-210	3914.7181396484375
92	-208	3915.4052734375
92	-206	3916.1483154296875
92	-204	3916.8089599609375
92	-202	3917.5211181640625
92	-200	3918.1583251953125
92	-198	3918.816650390625
92	-196	3919.4754638671875
92	-194	3920.0650634765625
92	-192	3920.5943603515625
92	-190	3921.18994140625
92	-188	3921.72607421875
92	-186	3922.294189453125
92	-184	3922.794677734375
92	-182	3923.2874755859375
92	-180	3923.8236083984375
92	-178	3924.3004150390625
92	-176	3924.7723388671875
92	-174	3925.1934814453125
92	-172	3925.5760498046875
92	-170	3926.0667724609375
92	-168	3926.4967041015625
92	-166	3926.8961181640625
92	-164	3927.3656005859375
92	-162	3927.781982421875
92	-160	3928.111572265625
92	-158	3928.4913330078125
92	-156	3928.8341064453125
92	-154	3929.2030029296875
92	-152	3929.5533447265625
92	-150	3929.9139404296875
92	-148	3930.265869140625
92	-146	3930.5457763671875
92	-144	3930.8125
92	-142	3931.1533203125
92	-140	3931.3948974609375
92	-138	3931.746337890625
92	-136	3932.0567626953125
92	-134	3932.2972412109375
92	-132	3932.5919189453125
92	-130	3932.8359375
92	-128	3933.1275634765625
92	-126	3933.388671875
92	-124	3933.58740234375
92	-122	3933.878173828125
92	-120	3934.1160888671875
92	-118	3934.3194580078125
92	-116	3934.5723876953125
92	-114	3934.7999267578125
92	-112	3935.0123291015625
92	-110	3935.2120361328125
92	-108	3935.4046630859375
92	-106	3935.641845703125
92	-104	3935.81005859375
92	-102	3936.00390625
92	-100	3936.17919921875
92	-98	3936.4046630859375
92	-96	3936.5584716796875
92	-94	3936.731689453125
92	-92	3936.9288330078125
92	-90	3937.072265625
92	-88	3937.241943359375
92	-86	3937.3753662109375
92	-84	3937.5316162109375
92	-82	3937.686767578125
92	-80	3937.834716796875
92	-78	3937.975830078125
92	-76	3938.0667724609375
92	-74	3938.2384033203125
92	-72	3938.3841552734375
92	-70	3938.4696044921875
92	-68	3938.5791015625
92	-66	3938.7105712890625
92	-64	3938.8394775390625
92	-62	3938.9462890625
92	-60	3939.0457763671875
92	-58	3939.143310546875
92	-56	3939.2691650390625
92	-54	3939.3609619140625
92	-52	3939.4442138671875
92	-50	3939.502197265625
92	-48	3939.619140625
92	-46	3939.730712890625
92	-44	3939.8206787109375
92	-42	3939.927490234375
92	-40	3939.9810791015625
92	-38	3940.069091796875
92	-36	3940.1400146484375
92	-34	3940.2060546875
92	-32	3940.279541015625
92	-30	3940.3271484375
92	-28	3940.4002685546875
92	-26	3940.447265625
92	-24	3940.5159912109375
92	-22	3940.5606689453125
92	-20	3940.6258544921875
92	-18	3940.646728515625
92	-16	3940.6959228515625
92	-14	3940.7579345703125
92	-12	3940.790771484375
92	-10	3940.841796875
92	-8	3940.832763671875
92	-6	3940.8802490234375
92	-4	3940.92138671875
92	-2	3940.9107666015625
92	0	3940.9451904296875
92	2	3940.975830078125
92	4	3941.044189453125
92	6	3941.022705078125
92	8	3941.0355224609375
92	10	3941.0498046875
92	12	3941.0760498046875
92	14	3941.0697021484375
92	16	3941.057861328125
92	18	3941.0933837890625
92	20	3941.06787109375
92	22	3941.07275390625
92	24	3941.084716796875
92	26	3941.0770263671875
92	28	3941.05419921875
92	30	3941.0792236328125
92	32	3941.07763671875
92	34	3941.03125
92	36	3941.0240478515625
92	38	3940.9742431640625
92	40	3940.9578857421875
92	42	3940.933837890625
92	44	3940.938232421875
92	46	3940.9136962890625
92	48	3940.885009765625
92	50	3940.864501953125
92	52	3940.7939453125
92	54	3940.79833984375
92	56	3940.720458984375
92	58	3940.7147216796875
92	60	3940.655029296875
92	62	3940.6219482421875
92	64	3940.5755615234375
92	66	3940.51953125
92	68	3940.4840087890625
92	70	3940.4136962890625
92	72	3940.401611328125
92	74	3940.3662109375
92	76	3940.3218994140625
92	78	3940.2852783203125
92	80	3940.2227783203125
92	82	3940.1524658203125
92	84	3940.071044921875
92	86	3940.0108642578125
92	88	3939.965087890625
92	90	3939.8494873046875
92	92	3939.7545166015625
92	94	3939.634033203125
92	96	3939.530029296875
92	98	3939.2506103515625
96	-290	3866.5567626953125
96	-288	3868.106689453125
96	-286	3869.65869140625
96	-284	3871.1820068359375
96	-282	3872.74169921875
96	-280	3874.33447265625
96	-278	3875.8404541015625
96	-276	3877.3355712890625
96	-274	3878.756103515625
96	-272	3880.218017578125
96	-270	3881.6376953125
96	-268	3883.0145263671875
96	-266	3884.37646484375
96	-264	3885.766845703125
96	-262	3887.033935546875
96	-260	3888.365478515625
96	-258	3889.5994873046875
96	-256	3890.846435546875
96	-254	3892.037109375
96	-252	3893.20751953125
96	-250	3894.3985595703125
96	-248	3895.452392578125
96	-246	3896.559326171875
96	-244	3897.638916015625
96	-242	3898.640625
96	-240	3899.5909423828125
96	-238	3900.56591796875
96	-236	3901.541748046875
96	-234	3902.4459228515625
96	-232	3903.303955078125
96	-230	3904.1553955078125
96	-228	3905.0048828125
96	-226	3905.8843994140625
96	-224	3906.657470703125
96	-222	3907.4779052734375
96	-220	3908.177490234375
96	-218	3908.902099609375
96	-216	3909.626953125
96	-214	3910.3115234375
96	-212	3910.968505859375
96	-210	3911.68359375
96	-208	3912.34375
96	-206	3912.9671630859375
96	-204	3913.57421875
96	-202	3914.1412353515625
96	-200	3914.759521484375
96	-198	3915.262451171875
96	-196	3915.821533203125
96	-194	3916.325439453125
96	-192	3916.8118896484375
96	-190	3917.3199462890625
96	-188	3917.826416015625
96	-186	3918.3092041015625
96	-184	3918.79296875
96	-182	3919.2392578125
96	-180	3919.717529296875
96	-178	3920.157470703125
96	-176	3920.5821533203125
96	-174	3920.98681640625
96	-172	3921.3870849609375
96	-170	3921.7738037109375
96	-168	3922.1204833984375
96	-166	3922.468994140625
96	-164	3922.8472900390625
96	-162	3923.2198486328125
96	-160	3923.537109375
96	-158	3923.8853759765625
96	-156	3924.227783203125
96	-154	3924.5794677734375
96	-152	3924.89404296875
96	-150	3925.174560546875
96	-148	3925.515869140625
96	-146	3925.765380859375
96	-144	3926.1107177734375
96	-142	3926.4202880859375
96	-140	3926.66650390625
96	-138	3926.912109375
96	-136	3927.204345703125
96	-134	3927.4927978515625
96	-132	3927.6961669921875
96	-130	3927.9820556640625
96	-128	3928.1561279296875
96	-126	3928.414794921875
96	-124	3928.661376953125
96	-122	3928.9068603515625
96	-120	3929.1220703125
96	-118	3929.31787109375
96	-116	3929.5345458984375
96	-114	3929.742919921875
96	-112	3929.9423828125
96	-110	3930.1649169921875
96	-108	3930.34765625
96	-106	3930.58349609375
96	-104	3930.7342529296875
96	-102	3930.889892578125
96	-100	3931.048583984375
96	-98	3931.243408203125
96	-96	3931.4161376953125
96	-94	3931.583251953125
96	-92	3931.744140625
96	-90	3931.8836669921875
96	-88	3932.0592041015625
96	-86	3932.2401123046875
96	-84	3932.39111328125
96	-82	3932.514404296875
96	-80	3932.661865234375
96	-78	3932.79833984375
96	-76	3932.9166259765625
96	-74	3933.0478515625
96	-72	3933.1988525390625
96	-70	3933.28271484375
96	-68	3933.3638916015625
96	-66	3933.5172119140625
96	-64	3933.6217041015625
96	-62	3933.73291015625
96	-60	3933.807373046875
96	-58	3933.921630859375
96	-56	3934.0247802734375
96	-54	3934.1392822265625
96	-52	3934.2208251953125
96	-50	3934.339599609375
96	-48	3934.370849609375
96	-46	3934.4833984375
96	-44	3934.55615234375
96	-42	3934.6513671875
96	-40	3934.69482421875
96	-38	3934.7642822265625
96	-36	3934.84033203125
96	-34	3934.870361328125
96	-32	3934.978759765625
96	-30	3935.0234375
96	-28	3935.06884765625
96	-26	3935.151611328125
96	-24	3935.2301025390625
96	-22	3935.27978515625
96	-20	3935.3262939453125
96	-18	3935.369873046875
96	-16	3935.3988037109375
96	-14	3935.4150390625
96	-12	3935.489990234375
96	-10	3935.5264892578125
96	-8	3935.5419921875
96	-6	3935.603271484375
96	-4	3935.63525390625
96	-2	3935.679931640625
96	0	3935.7003173828125
96	2	3935.769287109375
96	4	3935.72509765625
96	6	3935.7393798828125
96	8	3935.7689208984375
96	10	3935.7486572265625
96	12	3935.7733154296875
96	14	3935.785888671875
96	16	3935.7584228515625
96	18	3935.81396484375
96	20	3935.8070068359375
96	22	3935.8299560546875
96	24	3935.8275146484375
96	26	3935.7862548828125
96	28	3935.79638671875
96	30	3935.7894287109375
96	32	3935.7669677734375
96	34	3935.74267578125
96	36	3935.7843017578125
96	38	3935.7607421875
96	40	3935.7498779296875
96	42	3935.760009765625
96	44	3935.68701171875
96	46	3935.672607421875
96	48	3935.655517578125
96	50	3935.6298828125
96	52	3935.579345703125
96	54	3935.5654296875
96	56	3935.5260009765625
96	58	3935.460205078125
96	60	3935.45068359375
96	62	3935.4036865234375
96	64	3935.3631591796875
96	66	3935.3140869140625
96	68	3935.2518310546875
96	70	3935.261962890625
96	72	3935.1480712890625
96	74	3935.0841064453125
96	76	3935.0849609375
96	78	3934.9970703125
96	80	3934.967529296875
96	82	3934.8909912109375
96	84	3934.840576171875
96	86	3934.8037109375
96	88	3934.707275390625
96	90	3934.65576171875
96	92	3934.53515625
96	94	3934.41162109375
96	96	3934.32177734375
96	98	3934.004150390625
100	-290	3867.9605712890625
100	-288	3869.4920654296875
100	-286	3870.9774169921875
100	-284	3872.44287109375
100	-282	3873.8218994140625
100	-280	3875.26904296875
100	-278	3876.6024169921875
100	-276	3877.9095458984375
100	-274	3879.219482421875
100	-272	3880.4818115234375
100	-270	3881.7451171875
100	-268	3882.969482421875
100	-266	3884.1973876953125
100	-264	3885.369873046875
100	-262	3886.500244140625
100	-260	3887.6270751953125
100	-258	3888.7113037109375
100	-256	3889.7879638671875
100	-254	3890.8641357421875
100	-252	3891.8917236328125
100	-250	3892.920654296875
100	-248	3893.8778076171875
100	-246	3894.8336181640625
100	-244	3895.7308349609375
100	-242	3896.5799560546875
100	-240	3897.4112548828125
100	-238	3898.1834716796875
100	-236	3899.004150390625
100	-234	3899.837646484375
100	-232	3900.598388671875
100	-230	3901.3856201171875
100	-228	3902.0906982421875
100	-226	3902.756103515625
100	-224	3903.4521484375
100	-222	3904.118408203125
100	-220	3904.7701416015625
100	-218	3905.382080078125
100	-216	3906.001953125
100	-214	3906.5777587890625
100	-212	3907.1993408203125
100	-210	3907.7662353515625
100	-208	3908.2462158203125
100	-206	3908.8292236328125
100	-204	3909.3531494140625
100	-202	3909.8905029296875
100	-200	3910.4173583984375
100	-198	3910.9534912109375
100	-196	3911.353515625
100	-194	3911.8201904296875
100	-192	3912.2540283203125
100	-190	3912.717529296875
100	-188	3913.1956787109375
100	-186	3913.5361328125
100	-184	3913.9468994140625
100	-182	3914.35107421875
100	-180	3914.7471923828125
100	-178	3915.1353759765625
100	-176	3915.5172119140625
100	-174	3915.8677978515625
100	-172	3916.257568359375
100	-170	3916.5736083984375
100	-168	3916.961669921875
100	-166	3917.3267822265625
100	-164	3917.667236328125
100	-162	3917.9522705078125
100	-160	3918.254638671875
100	-158	3918.6011962890625
100	-156	3918.8985595703125
100	-154	3919.206298828125
100	-152	3919.4554443359375
100	-150	3919.7904052734375
100	-148	3920.0533447265625
100	-146	3920.3062744140625
100	-144	3920.6365966796875
100	-142	3920.907958984375
100	-140	3921.1080322265625
100	-138	3921.35302734375
100	-136	3921.64501953125
100	-134	3921.8818359375
100	-132	3922.10302734375
100	-130	3922.34912109375
100	-128	3922.5546875
100	-126	3922.8017578125
100	-124	3922.9705810546875
100	-122	3923.12646484375
100	-120	3923.3641357421875
100	-118	3923.592041015625
100	-116	3923.7391357421875
100	-114	3923.9505615234375
100	-112	3924.1673583984375
100	-110	3924.3197021484375
100	-108	3924.497802734375
100	-106	3924.738037109375
100	-104	3924.9090576171875
100	-102	3925.0806884765625
100	-100	3925.2388916015625
100	-98	3925.395263671875
100	-96	3925.60107421875
100	-94	3925.7384033203125
100	-92	3925.8758544921875
100	-90	3926.072265625
100	-88	3926.1864013671875
100	-86	3926.3203125
100	-84	3926.4931640625
100	-82	3926.6251220703125
100	-80	3926.7550048828125
100	-78	3926.8890380859375
100	-76	3927.0255126953125
100	-74	3927.163330078125
100	-72	3927.25732421875
100	-70	3927.35205078125
100	-68	3927.4676513671875
100	-66	3927.5574951171875
100	-64	3927.68505859375
100	-62	3927.782958984375
100	-60	3927.906494140625
100	-58	3928.019287109375
100	-56	3928.1055908203125
100	-54	3928.158935546875
100	-52	3928.20947265625
100	-50	3928.342529296875
100	-48	3928.376220703125
100	-46	3928.4818115234375
100	-44	3928.565673828125
100	-42	3928.5855712890625
100	-40	3928.677978515625
100	-38	3928.7255859375
100	-36	3928.86474609375
100	-34	3928.920654296875
100	-32	3928.96533203125
100	-30	3929.0029296875
100	-28	3929.0927734375
100	-26	3929.1732177734375
100	-24	3929.1982421875
100	-22	3929.240966796875
100	-20	3929.2681884765625
100	-18	3929.3326416015625
100	-16	3929.3614501953125
100	-14	3929.3873291015625
100	-12	3929.4527587890625
100	-10	3929.499267578125
100	-8	3929.5341796875
100	-6	3929.54638671875
100	-4	3929.5904541015625
100	-2	3929.643310546875
100	0	3929.6378173828125
100	2	3929.656494140625
100	4	3929.653564453125
100	6	3929.71142578125
100	8	3929.7081298828125
100	10	3929.72998046875
100	12	3929.7362060546875
100	14	3929.7591552734375
100	16	3929.7520751953125
100	18	3929.756103515625
100	20	3929.769287109375
100	22	3929.7603759765625
100	24	3929.7528076171875
100	26	3929.739501953125
100	28	3929.7393798828125
100	30	3929.7921142578125
100	32	3929.7269287109375
100	34	3929.7452392578125
100	36	3929.7257080078125
100	38	3929.7210693359375
100	40	3929.6937255859375
100	42	3929.67724609375
100	44	3929.6630859375
100	46	3929.6141357421875
100	48	3929.607177734375
100	50	3929.5748291015625
100	52	3929.5714111328125
100	54	3929.5079345703125
100	56	3929.4818115234375
100	58	3929.44189453125
100	60	3929.4215087890625
100	62	3929.413330078125
100	64	3929.3306884765625
100	66	3929.310546875
100	68	3929.267822265625
100	70	3929.2384033203125
100	72	3929.1654052734375
100	74	3929.151611328125
100	76	3929.0894775390625
100	78	3929.0067138671875
100	80	3928.986572265625
100	82	3928.9696044921875
100	84	3928.8779296875
100	86	3928.8150634765625
100	88	3928.76416015625
100	90	3928.7027587890625
100	92	3928.6295166015625
100	94	3928.4866943359375
100	96	3928.3126220703125
100	98	3928.002197265625
104	-290	3868.77685546875
104	-288	3870.0894775390625
104	-286	3871.3780517578125
104	-284	3872.5921630859375
104	-282	3873.898681640625
104	-280	3875.05859375
104	-278	3876.2713623046875
104	-276	3877.3731689453125
104	-274	3878.41943359375
104	-272	3879.49755859375
104	-270	3880.6153564453125
104	-268	3881.64599609375
104	-266	3882.6585693359375
104	-264	3883.7242431640625
104	-262	3884.689697265625
104	-260	3885.677001953125
104	-258	3886.58447265625
104	-256	3887.5057373046875
104	-254	3888.384765625
104	-252	3889.2459716796875
104	-250	3890.121826171875
104	-248	3890.8905029296875
104	-246	3891.681884765625
104	-244	3892.4566650390625
104	-242	3893.226806640625
104	-240	3893.994140625
104	-238	3894.7039794921875
104	-236	3895.3482666015625
104	-234	3896.036865234375
104	-232	3896.6739501953125
104	-230	3897.252685546875
104	-228	3897.9234619140625
104	-226	3898.441162109375
104	-224	3899.035400390625
104	-222	3899.66650390625
104	-220	3900.1817626953125
104	-218	3900.74853515625
104	-216	3901.294921875
104	-214	3901.77685546875
104	-212	3902.262939453125
104	-210	3902.766357421875
104	-208	3903.2235107421875
104	-206	3903.7437744140625
104	-204	3904.14794921875
104	-202	3904.612548828125
104	-200	3905.071044921875
104	-198	3905.5450439453125
104	-196	3905.9532470703125
104	-194	3906.3399658203125
104	-192	3906.7821044921875
104	-190	3907.07421875
104	-188	3907.52197265625
104	-186	3907.8668212890625
104	-184	3908.2347412109375
104	-182	3908.6339111328125
104	-180	3908.9901123046875
104	-178	3909.288818359375
104	-176	3909.6644287109375
104	-174	3909.9486083984375
104	-172	3910.388427734375
104	-170	3910.6673583984375
104	-168	3910.9788818359375
104	-166	3911.2767333984375
104	-164	3911.5477294921875
104	-162	3911.89404296875
104	-160	3912.2100830078125
104	-158	3912.4749755859375
104	-156	3912.7593994140625
104	-154	3913.0452880859375
104	-152	3913.3001708984375
104	-150	3913.535888671875
104	-148	3913.862548828125
104	-146	3914.08642578125
104	-144	3914.3245849609375
104	-142	3914.61474609375
104	-140	3914.8038330078125
104	-138	3915.05810546875
104	-136	3915.2879638671875
104	-134	3915.5404052734375
104	-132	3915.7662353515625
104	-130	3915.952392578125
104	-128	3916.1749267578125
104	-126	3916.37353515625
104	-124	3916.5390625
104	-122	3916.7760009765625
104	-120	3916.9361572265625
104	-118	3917.126953125
104	-116	3917.311279296875
104	-114	3917.491943359375
104	-112	3917.682861328125
104	-110	3917.9051513671875
104	-108	3917.9927978515625
104	-106	3918.19775390625
104	-104	3918.3355712890625
104	-102	3918.5406494140625
104	-100	3918.675048828125
104	-98	3918.8251953125
104	-96	3918.96533203125
104	-94	3919.112060546875
104	-92	3919.234375
104	-90	3919.3685302734375
104	-88	3919.52001953125
104	-86	3919.682861328125
104	-84	3919.7550048828125
104	-82	3919.9267578125
104	-80	3920.033935546875
104	-78	3920.1455078125
104	-76	3920.2384033203125
104	-74	3920.4017333984375
104	-72	3920.5
104	-70	3920.628173828125
104	-68	3920.7327880859375
104	-66	3920.752197265625
104	-64	3920.9471435546875
104	-62	3921.0020751953125
104	-60	3921.090087890625
104	-58	3921.19091796875
104	-56	3921.2926025390625
104	-54	3921.33837890625
104	-52	3921.4384765625
104	-50	3921.4820556640625
104	-48	3921.5955810546875
104	-46	3921.6419677734375
104	-44	3921.7281494140625
104	-42	3921.818115234375
104	-40	3921.8682861328125
104	-38	3921.9593505859375
104	-36	3922.005126953125
104	-34	3922.03662109375
104	-32	3922.076171875
104	-30	3922.195556640625
104	-28	3922.27001953125
104	-26	3922.2838134765625
104	-24	3922.329345703125
104	-22	3922.3494873046875
104	-20	3922.44482421875
104	-18	3922.4464111328125
104	-16	3922.4935302734375
104	-14	3922.5672607421875
104	-12	3922.6309814453125
104	-10	3922.5908203125
104	-8	3922.6429443359375
104	-6	3922.6690673828125
104	-4	3922.6932373046875
104	-2	3922.736083984375
104	0	3922.7755126953125
104	2	3922.808349609375
104	4	3922.8516845703125
104	6	3922.8431396484375
104	8	3922.8892822265625
104	10	3922.8917236328125
104	12	3922.896728515625
104	14	3922.9591064453125
104	16	3922.951904296875
104	18	3922.94873046875
104	20	3922.9482421875
104	22	3922.9439697265625
104	24	3922.9405517578125
104	26	3922.957763671875
104	28	3922.927734375
104	30	3922.9644775390625
104	32	3922.90478515625
104	34	3922.9061279296875
104	36	3922.8443603515625
104	38	3922.8460693359375
104	40	3922.864990234375
104	42	3922.864013671875
104	44	3922.7725830078125
104	46	3922.7752685546875
104	48	3922.781005859375
104	50	3922.7113037109375
104	52	3922.690673828125
104	54	3922.6165771484375
104	56	3922.6514892578125
104	58	3922.6141357421875
104	60	3922.5767822265625
104	62	3922.554443359375
104	64	3922.52587890625
104	66	3922.5135498046875
104	68	3922.4713134765625
104	70	3922.4129638671875
104	72	3922.3707275390625
104	74	3922.3453369140625
104	76	3922.2755126953125
104	78	3922.271484375
104	80	3922.2288818359375
104	82	3922.1656494140625
104	84	3922.0870361328125
104	86	3922.0616455078125
104	88	3921.9970703125
104	90	3921.96435546875
104	92	3921.8389892578125
104	94	3921.7457275390625
104	96	3921.595458984375
104	98	3921.3212890625
108	-290	3868.029296875
108	-288	3869.141845703125
108	-286	3870.217529296875
108	-284	3871.2667236328125
108	-282	3872.3743896484375
108	-280	3873.3360595703125
108	-278	3874.30908203125
108	-276	3875.3013916015625
108	-274	3876.2838134765625
108	-272	3877.23095703125
108	-270	3878.12939453125
108	-268	3878.979736328125
108	-266	3879.8629150390625
108	-264	3880.6151123046875
108	-262	3881.4713134765625
108	-260	3882.241455078125
108	-258	3882.9993896484375
108	-256	3883.7808837890625
108	-254	3884.5389404296875
108	-252	3885.3416748046875
108	-250	3886.000732421875
108	-248	3886.6510009765625
108	-246	3887.2996826171875
108	-244	3887.92822265625
108	-242	3888.613525390625
108	-240	3889.2420654296875
108	-238	3889.8194580078125
108	-236	3890.423583984375
108	-234	3890.9244384765625
108	-232	3891.4979248046875
108	-230	3892.046142578125
108	-228	3892.5748291015625
108	-226	3893.1043701171875
108	-224	3893.5986328125
108	-222	3894.099609375
108	-220	3894.6175537109375
108	-218	3895.098876953125
108	-216	3895.5518798828125
108	-214	3896.0009765625
108	-212	3896.359130859375
108	-210	3896.8763427734375
108	-208	3897.2774658203125
108	-206	3897.68798828125
108	-204	3898.0894775390625
108	-202	3898.4619140625
108	-200	3898.9219970703125
108	-198	3899.258056640625
108	-196	3899.6654052734375
108	-194	3899.97119140625
108	-192	3900.35693359375
108	-190	3900.7249755859375
108	-188	3901.048583984375
108	-186	3901.3966064453125
108	-184	3901.7357177734375
108	-182	3902.065185546875
108	-180	3902.409423828125
108	-178	3902.746337890625
108	-176	3903.015869140625
108	-174	3903.2977294921875
108	-172	3903.6048583984375
108	-170	3903.8951416015625
108	-168	3904.2442626953125
108	-166	3904.4842529296875
108	-164	3904.73583984375
108	-162	3905.0054931640625
108	-160	3905.288330078125
108	-158	3905.5855712890625
108	-156	3905.8028564453125
108	-154	3906.0377197265625
108	-152	3906.23583984375
108	-150	3906.5582275390625
108	-148	3906.8096923828125
108	-146	3907.02734375
108	-144	3907.197998046875
108	-142	3907.4515380859375
108	-140	3907.697021484375
108	-138	3907.9146728515625
108	-136	3908.1141357421875
108	-134	3908.3160400390625
108	-132	3908.48193359375
108	-130	3908.6754150390625
108	-128	3908.8660888671875
108	-126	3909.01806640625
108	-124	3909.2667236328125
108	-122	3909.3719482421875
108	-120	3909.568359375
108	-118	3909.7764892578125
108	-116	3909.9132080078125
108	-114	3910.1387939453125
108	-112	3910.2886962890625
108	-110	3910.47900390625
108	-108	3910.605224609375
108	-106	3910.7249755859375
108	-104	3910.8763427734375
108	-102	3911.0302734375
108	-100	3911.2041015625
108	-98	3911.3394775390625
108	-96	3911.445068359375
108	-94	3911.5826416015625
108	-92	3911.71435546875
108	-90	3911.8427734375
108	-88	3911.992919921875
108	-86	3912.0902099609375
108	-84	3912.2376708984375
108	-82	3912.32470703125
108	-80	3912.4825439453125
108	-78	3912.5509033203125
108	-76	3912.691162109375
108	-74	3912.822021484375
108	-72	3912.9163818359375
108	-70	3913.03173828125
108	-68	3913.07470703125
108	-66	3913.1680908203125
108	-64	3913.270263671875
108	-62	3913.357177734375
108	-60	3913.4993896484375
108	-58	3913.5552978515625
108	-56	3913.623291015625
108	-54	3913.7572021484375
108	-52	3913.8162841796875
108	-50	3913.9127197265625
108	-48	3913.9515380859375
108	-46	3913.9854736328125
108	-44	3914.040771484375
108	-42	3914.1507568359375
108	-40	3914.239990234375
108	-38	3914.2757568359375
108	-36	3914.3798828125
108	-34	3914.4205322265625
108	-32	3914.4833984375
108	-30	3914.5855712890625
108	-28	3914.6138916015625
108	-26	3914.57861328125
108	-24	3914.7235107421875
108	-22	3914.7384033203125
108	-20	3914.8072509765625
108	-18	3914.8304443359375
108	-16	3914.880126953125
108	-14	3914.9178466796875
108	-12	3914.9697265625
108	-10	3914.981689453125
108	-8	3915.035888671875
108	-6	3915.0587158203125
108	-4	3915.026123046875
108	-2	3915.0906982421875
108	0	3915.104248046875
108	2	3915.1182861328125
108	4	3915.139404296875
108	6	3915.1480712890625
108	8	3915.197509765625
108	10	3915.186279296875
108	12	3915.1722412109375
108	14	3915.2138671875
108	16	3915.203125
108	18	3915.1773681640625
108	20	3915.216552734375
108	22	3915.275634765625
108	24	3915.2720947265625
108	26	3915.2742919921875
108	28	3915.255615234375
108	30	3915.26416015625
108	32	3915.2308349609375
108	34	3915.2247314453125
108	36	3915.2462158203125
108	38	3915.25390625
108	40	3915.2232666015625
108	42	3915.2132568359375
108	44	3915.233642578125
108	46	3915.1585693359375
108	48	3915.12255859375
108	50	3915.076416015625
108	52	3915.0958251953125
108	54	3915.0838623046875
108	56	3915.059326171875
108	58	3914.984375
108	60	3914.9649658203125
108	62	3914.977294921875
108	64	3914.9241943359375
108	66	3914.900390625
108	68	3914.9127197265625
108	70	3914.8475341796875
108	72	3914.85009765625
108	74	3914.8294677734375
108	76	3914.74951171875
108	78	3914.702880859375
108	80	3914.6817626953125
108	82	3914.5946044921875
108	84	3914.557861328125
108	86	3914.519775390625
108	88	3914.4722900390625
108	90	3914.386474609375
108	92	3914.32568359375
108	94	3914.21435546875
108	96	3913.9954833984375
108	98	3913.6910400390625
112	-290	3865.5059814453125
112	-288	3866.5025634765625
112	-286	3867.3865966796875
112	-284	3868.2669677734375
112	-282	3869.10986328125
112	-280	3869.913330078125
112	-278	3870.783447265625
112	-276	3871.54833984375
112	-274	3872.3443603515625
112	-272	3873.1112060546875
112	-270	3873.8814697265625
112	-268	3874.6053466796875
112	-266	3875.324951171875
112	-264	3875.983642578125
112	-262	3876.67041015625
112	-260	3877.3131103515625
112	-258	3878.0076904296875
112	-256	3878.6292724609375
112	-254	3879.2694091796875
112	-252	3879.7806396484375
112	-250	3880.376708984375
112	-248	3880.9583740234375
112	-246	3881.535400390625
112	-244	3881.998779296875
112	-242	3882.6075439453125
112	-240	3883.074951171875
112	-238	3883.5506591796875
112	-236	3884.090576171875
112	-234	3884.5709228515625
112	-232	3885.0362548828125
112	-230	3885.5184326171875
112	-228	3885.9974365234375
112	-226	3886.409423828125
112	-224	3886.864013671875
112	-222	3887.3057861328125
112	-220	3887.7384033203125
112	-218	3888.132080078125
112	-216	3888.5345458984375
112	-214	3888.9088134765625
112	-212	3889.3211669921875
112	-210	3889.69921875
112	-208	3890.055908203125
112	-206	3890.428955078125
112	-204	3890.74462890625
112	-202	3891.0548095703125
112	-200	3891.40478515625
112	-198	3891.769775390625
112	-196	3892.15625
112	-194	3892.4619140625
112	-192	3892.793701171875
112	-190	3893.1435546875
112	-188	3893.489501953125
112	-186	3893.7625732421875
112	-184	3894.0955810546875
112	-182	3894.3680419921875
112	-180	3894.721435546875
112	-178	3895.00634765625
112	-176	3895.2918701171875
112	-174	3895.5616455078125
112	-172	3895.7823486328125
112	-170	3896.065673828125
112	-168	3896.3194580078125
112	-166	3896.5716552734375
112	-164	3896.845947265625
112	-162	3897.1204833984375
112	-160	3897.356689453125
112	-158	3897.61572265625
112	-156	3897.830810546875
112	-154	3898.0433349609375
112	-152	3898.2703857421875
112	-150	3898.443603515625
112	-148	3898.6815185546875
112	-146	3898.8914794921875
112	-144	3899.0765380859375
112	-142	3899.2767333984375
112	-140	3899.51220703125
112	-138	3899.666015625
112	-136	3899.8321533203125
112	-134	3900.0213623046875
112	-132	3900.3114013671875
112	-130	3900.3675537109375
112	-128	3900.611328125
112	-126	3900.766357421875
112	-124	3900.9510498046875
112	-122	3901.081298828125
112	-120	3901.2750244140625
112	-118	3901.456787109375
112	-116	3901.564208984375
112	-114	3901.78125
112	-112	3901.874755859375
112	-110	3902.0933837890625
112	-108	3902.1815185546875
112	-106	3902.3121337890625
112	-104	3902.4371337890625
112	-102	3902.580810546875
112	-100	3902.7076416015625
112	-98	3902.8653564453125
112	-96	3903.03759765625
112	-94	3903.184814453125
112	-92	3903.2373046875
112	-90	3903.44580078125
112	-88	3903.5263671875
112	-86	3903.6033935546875
112	-84	3903.7567138671875
112	-82	3903.8543701171875
112	-80	3903.982421875
112	-78	3904.07470703125
112	-76	3904.1468505859375
112	-74	3904.3228759765625
112	-72	3904.4185791015625
112	-70	3904.471435546875
112	-68	3904.6322021484375
112	-66	3904.6396484375
112	-64	3904.7823486328125
112	-62	3904.8851318359375
112	-60	3904.9793701171875
112	-58	3905.0360107421875
112	-56	3905.1016845703125
112	-54	3905.159912109375
112	-52	3905.223876953125
112	-50	3905.26953125
112	-48	3905.367431640625
112	-46	3905.490478515625
112	-44	3905.5076904296875
112	-42	3905.6072998046875
112	-40	3905.6307373046875
112	-38	3905.6593017578125
112	-36	3905.7412109375
112	-34	3905.8447265625
112	-32	3905.829833984375
112	-30	3905.9139404296875
112	-28	3905.9644775390625
112	-26	3906.0303955078125
112	-24	3906.0220947265625
112	-22	3906.062255859375
112	-20	3906.107666015625
112	-18	3906.205810546875
112	-16	3906.223388671875
112	-14	3906.2509765625
112	-12	3906.2733154296875
112	-10	3906.30517578125
112	-8	3906.4036865234375
112	-6	3906.43896484375
112	-4	3906.4278564453125
112	-2	3906.429931640625
112	0	3906.4302978515625
112	2	3906.523193359375
112	4	3906.543212890625
112	6	3906.5787353515625
112	8	3906.6085205078125
112	10	3906.6180419921875
112	12	3906.63623046875
112	14	3906.5751953125
112	16	3906.6143798828125
112	18	3906.6712646484375
112	20	3906.6654052734375
112	22	3906.6900634765625
112	24	3906.7550048828125
112	26	3906.678955078125
112	28	3906.6470947265625
112	30	3906.6611328125
112	32	3906.571533203125
112	34	3906.68359375
112	36	3906.67626953125
112	38	3906.726318359375
112	40	3906.6895751953125
112	42	3906.6331787109375
112	44	3906.6064453125
112	46	3906.6287841796875
112	48	3906.578125
112	50	3906.6220703125
112	52	3906.5679931640625
112	54	3906.5789794921875
112	56	3906.5269775390625
112	58	3906.457275390625
112	60	3906.439208984375
112	62	3906.4423828125
112	64	3906.4248046875
112	66	3906.3470458984375
112	68	3906.4124755859375
112	70	3906.31396484375
112	72	3906.2852783203125
112	74	3906.25244140625
112	76	3906.191162109375
112	78	3906.144287109375
112	80	3906.138671875
112	82	3906.051513671875
112	84	3906.01806640625
112	86	3905.966796875
112	88	3905.9110107421875
112	90	3905.8746337890625
112	92	3905.7996826171875
112	94	3905.672119140625
112	96	3905.4786376953125
112	98	3905.115234375
116	-290	3861.0264892578125
116	-288	3861.6727294921875
116	-286	3862.45556640625
116	-284	3863.1102294921875
116	-282	3863.8580322265625
116	-280	3864.5977783203125
116	-278	3865.286865234375
116	-276	3865.94970703125
116	-274	3866.6336669921875
116	-272	3867.279541015625
116	-270	3867.8763427734375
116	-268	3868.36572265625
116	-266	3869.0028076171875
116	-264	3869.6021728515625
116	-262	3870.159912109375
116	-260	3870.72607421875
116	-258	3871.24169921875
116	-256	3871.776123046875
116	-254	3872.26806640625
116	-252	3872.7435302734375
116	-250	3873.197265625
116	-248	3873.7010498046875
116	-246	3874.1859130859375
116	-244	3874.67626953125
116	-242	3875.1202392578125
116	-240	3875.5953369140625
116	-238	3876.0576171875
116	-236	3876.438232421875
116	-234	3876.8834228515625
116	-232	3877.255859375
116	-230	3877.6370849609375
116	-228	3878.057373046875
116	-226	3878.4581298828125
116	-224	3878.8175048828125
116	-222	3879.1761474609375
116	-220	3879.5947265625
116	-218	3879.9322509765625
116	-216	3880.2938232421875
116	-214	3880.754150390625
116	-212	3881.0367431640625
116	-210	3881.37939453125
116	-208	3881.6951904296875
116	-206	3882.043701171875
116	-204	3882.3531494140625
116	-202	3882.5718994140625
116	-200	3882.95458984375
116	-198	3883.2979736328125
116	-196	3883.6317138671875
116	-194	3883.85546875
116	-192	3884.15771484375
116	-190	3884.4068603515625
116	-188	3884.6851806640625
116	-186	3884.9693603515625
116	-184	3885.268310546875
116	-182	3885.5936279296875
116	-180	3885.7457275390625
116	-178	3886.0806884765625
116	-176	3886.3037109375
116	-174	3886.6376953125
116	-172	3886.7686767578125
116	-170	3887.0635986328125
116	-168	3887.272216796875
116	-166	3887.4932861328125
116	-164	3887.746826171875
116	-162	3887.940673828125
116	-160	3888.1395263671875
116	-158	3888.35693359375
116	-156	3888.538818359375
116	-154	3888.73828125
116	-152	3888.986083984375
116	-150	3889.2425537109375
116	-148	3889.4276123046875
116	-146	3889.630126953125
116	-144	3889.7669677734375
116	-142	3889.9400634765625
116	-140	3890.1575927734375
116	-138	3890.26708984375
116	-136	3890.541015625
116	-134	3890.6837158203125
116	-132	3890.8590087890625
116	-130	3891.0433349609375
116	-128	3891.240234375
116	-126	3891.421630859375
116	-124	3891.5994873046875
116	-122	3891.7205810546875
116	-120	3891.8675537109375
116	-118	3892.0845947265625
116	-116	3892.1549072265625
116	-114	3892.2667236328125
116	-112	3892.451171875
116	-110	3892.602294921875
116	-108	3892.781005859375
116	-106	3892.8868408203125
116	-104	3892.9852294921875
116	-102	3893.121337890625
116	-100	3893.1878662109375
116	-98	3893.396484375
116	-96	3893.5439453125
116	-94	3893.6322021484375
116	-92	3893.7618408203125
116	-90	3893.8370361328125
116	-88	3893.9925537109375
116	-86	3894.16796875
116	-84	3894.1826171875
116	-82	3894.30126953125
116	-80	3894.3974609375
116	-78	3894.505859375
116	-76	3894.5728759765625
116	-74	3894.712646484375
116	-72	3894.7891845703125
116	-70	3894.8865966796875
116	-68	3895.05029296875
116	-66	3895.10888671875
116	-64	3895.1455078125
116	-62	3895.2294921875
116	-60	3895.3060302734375
116	-58	3895.4111328125
116	-56	3895.44384765625
116	-54	3895.5428466796875
116	-52	3895.6156005859375
116	-50	3895.6593017578125
116	-48	3895.669921875
116	-46	3895.8232421875
116	-44	3895.841064453125
116	-42	3895.94921875
116	-40	3895.9747314453125
116	-38	3895.9735107421875
116	-36	3896.0986328125
116	-34	3896.1195068359375
116	-32	3896.21240234375
116	-30	3896.24365234375
116	-28	3896.3177490234375
116	-26	3896.36962890625
116	-24	3896.4267578125
116	-22	3896.46044921875
116	-20	3896.5142822265625
116	-18	3896.5625
116	-16	3896.583251953125
116	-14	3896.656005859375
116	-12	3896.6702880859375
116	-10	3896.6385498046875
116	-8	3896.715087890625
116	-6	3896.692626953125
116	-4	3896.787841796875
116	-2	3896.764404296875
116	0	3896.790283203125
116	2	3896.80322265625
116	4	3896.88623046875
116	6	3896.8829345703125
116	8	3896.8677978515625
116	10	3896.9063720703125
116	12	3896.90966796875
116	14	3896.885498046875
116	16	3896.9105224609375
116	18	3896.906494140625
116	20	3896.929443359375
116	22	3896.9642333984375
116	24	3896.957275390625
116	26	3896.9632568359375
116	28	3896.882080078125
116	30	3896.9073486328125
116	32	3896.8939208984375
116	34	3896.9193115234375
116	36	3896.9068603515625
116	38	3896.92138671875
116	40	3896.9166259765625
116	42	3896.8585205078125
116	44	3896.8289794921875
116	46	3896.8865966796875
116	48	3896.7972412109375
116	50	3896.7628173828125
116	52	3896.8121337890625
116	54	3896.7406005859375
116	56	3896.7215576171875
116	58	3896.7156982421875
116	60	3896.6978759765625
116	62	3896.7083740234375
116	64	3896.6668701171875
116	66	3896.6378173828125
116	68	3896.54736328125
116	70	3896.556884765625
116	72	3896.515380859375
116	74	3896.515869140625
116	76	3896.429443359375
116	78	3896.3719482421875
116	80	3896.419677734375
116	82	3896.3140869140625
116	84	3896.269287109375
116	86	3896.2528076171875
116	88	3896.22509765625
116	90	3896.2127685546875
116	92	3896.125732421875
116	94	3895.981689453125
116	96	3895.7388916015625
116	98	3895.468505859375
120	-290	3854.1304931640625
120	-288	3854.848388671875
120	-286	3855.4849853515625
120	-284	3855.919677734375
120	-282	3856.4918212890625
120	-280	3857.117919921875
120	-278	3857.6148681640625
120	-276	3858.2010498046875
120	-274	3858.7620849609375
120	-272	3859.3348388671875
120	-270	3859.8265380859375
120	-268	3860.2587890625
120	-266	3860.756103515625
120	-264	3861.19140625
120	-262	3861.6802978515625
120	-260	3862.2423095703125
120	-258	3862.6197509765625
120	-256	3863.08154296875
120	-254	3863.5667724609375
120	-252	3864.0643310546875
120	-250	3864.4248046875
120	-248	3864.8302001953125
120	-246	3865.2149658203125
120	-244	3865.5885009765625
120	-242	3866.04052734375
120	-240	3866.388671875
120	-238	3866.783935546875
120	-236	3867.17626953125
120	-234	3867.5211181640625
120	-232	3867.9185791015625
120	-230	3868.2879638671875
120	-228	3868.5772705078125
120	-226	3868.9251708984375
120	-224	3869.2960205078125
120	-222	3869.5787353515625
120	-220	3869.9556884765625
120	-218	3870.3388671875
120	-216	3870.5645751953125
120	-214	3870.8323974609375
120	-212	3871.229248046875
120	-210	3871.560302734375
120	-208	3871.8031005859375
120	-206	3872.1082763671875
120	-204	3872.364501953125
120	-202	3872.6561279296875
120	-200	3872.902587890625
120	-198	3873.2166748046875
120	-196	3873.41845703125
120	-194	3873.7581787109375
120	-192	3874.0401611328125
120	-190	3874.2938232421875
120	-188	3874.5743408203125
120	-186	3874.8126220703125
120	-184	3875.0576171875
120	-182	3875.28564453125
120	-180	3875.538330078125
120	-178	3875.8792724609375
120	-176	3876.0634765625
120	-174	3876.1873779296875
120	-172	3876.4603271484375
120	-170	3876.67041015625
120	-168	3876.855224609375
120	-166	3877.0732421875
120	-164	3877.247314453125
120	-162	3877.4644775390625
120	-160	3877.6441650390625
120	-158	3877.9000244140625
120	-156	3878.0428466796875
120	-154	3878.2314453125
120	-152	3878.5042724609375
120	-150	3878.585205078125
120	-148	3878.8115234375
120	-146	3879.052734375
120	-144	3879.287353515625
120	-142	3879.4417724609375
120	-140	3879.576904296875
120	-138	3879.7603759765625
120	-136	3879.905517578125
120	-134	3880.0543212890625
120	-132	3880.2088623046875
120	-130	3880.4031982421875
120	-128	3880.5472412109375
120	-126	3880.6873779296875
120	-124	3880.8870849609375
120	-122	3881.0123291015625
120	-120	3881.126220703125
120	-118	3881.3209228515625
120	-116	3881.4251708984375
120	-114	3881.6220703125
120	-112	3881.663330078125
120	-110	3881.840576171875
120	-108	3881.9617919921875
120	-106	3882.069091796875
120	-104	3882.1729736328125
120	-102	3882.314453125
120	-100	3882.3388671875
120	-98	3882.4879150390625
120	-96	3882.572265625
120	-94	3882.75439453125
120	-92	3882.777587890625
120	-90	3883.01611328125
120	-88	3883.0975341796875
120	-86	3883.15380859375
120	-84	3883.2490234375
120	-82	3883.496337890625
120	-80	3883.51611328125
120	-78	3883.5545654296875
120	-76	3883.6610107421875
120	-74	3883.709716796875
120	-72	3883.8128662109375
120	-70	3883.866943359375
120	-68	3884.0296630859375
120	-66	3884.1744384765625
120	-64	3884.1158447265625
120	-62	3884.16748046875
120	-60	3884.3197021484375
120	-58	3884.4403076171875
120	-56	3884.4989013671875
120	-54	3884.5
120	-52	3884.5870361328125
120	-50	3884.662841796875
120	-48	3884.72119140625
120	-46	3884.80615234375
120	-44	3884.846923828125
120	-42	3884.8267822265625
120	-40	3884.9276123046875
120	-38	3885.0267333984375
120	-36	3884.968017578125
120	-34	3884.9779052734375
120	-32	3885.15625
120	-30	3885.184814453125
120	-28	3885.25146484375
120	-26	3885.3214111328125
120	-24	3885.3731689453125
120	-22	3885.4451904296875
120	-20	3885.45654296875
120	-18	3885.4896240234375
120	-16	3885.56494140625
120	-14	3885.5692138671875
120	-12	3885.5894775390625
120	-10	3885.5667724609375
120	-8	3885.58740234375
120	-6	3885.7078857421875
120	-4	3885.698486328125
120	-2	3885.734619140625
120	0	3885.7021484375
120	2	3885.7197265625
120	4	3885.7718505859375
120	6	3885.7503662109375
120	8	3885.8154296875
120	10	3885.872802734375
120	12	3885.900146484375
120	14	3885.9044189453125
120	16	3885.9068603515625
120	18	3885.8992919921875
120	20	3885.8609619140625
120	22	3885.89892578125
120	24	3885.8001708984375
120	26	3885.923828125
120	28	3885.881591796875
120	30	3885.9462890625
120	32	3885.9444580078125
120	34	3885.884033203125
120	36	3885.8961181640625
120	38	3885.8853759765625
120	40	3885.878173828125
120	42	3885.878173828125
120	44	3885.8701171875
120	46	3885.8309326171875
120	48	3885.82470703125
120	50	3885.767578125
120	52	3885.8333740234375
120	54	3885.791015625
120	56	3885.75146484375
120	58	3885.778076171875
120	60	3885.7022705078125
120	62	3885.755615234375
120	64	3885.7054443359375
120	66	3885.755126953125
120	68	3885.718017578125
120	70	3885.704833984375
120	72	3885.596923828125
120	74	3885.5455322265625
120	76	3885.5289306640625
120	78	3885.5257568359375
120	80	3885.477294921875
120	82	3885.4739990234375
120	84	3885.3800048828125
120	86	3885.382568359375
120	88	3885.285888671875
120	90	3885.3184814453125
120	92	3885.23583984375
120	94	3885.0921630859375
120	96	3884.8621826171875
120	98	3884.581787109375
