64	-290	1630
64	-288	1641
64	-286	1643
64	-284	1659
64	-282	1671
64	-280	1671
64	-278	1698
64	-276	1693
64	-274	1707
64	-272	1709
64	-270	1724
64	-268	1729
64	-266	1737
64	-264	1739
64	-262	1740
64	-260	1766
64	-258	1779
64	-256	1782
64	-254	1791
64	-252	1792
64	-250	1795
64	-248	1814
64	-246	1831
64	-244	1830
64	-242	1859
64	-240	1861
64	-238	1868
64	-236	1890
64	-234	1931
64	-232	1955
64	-230	1959
64	-228	1967
64	-226	1975
64	-224	1979
64	-222	1993
64	-220	1984
64	-218	2002
64	-216	1997
64	-214	2028
64	-212	2035
64	-210	2040
64	-208	2056
64	-206	2053
64	-204	2063
64	-202	2068
64	-200	2072
64	-198	2072
64	-196	2093
64	-194	2087
64	-192	2117
64	-190	2105
64	-188	2104
64	-186	2111
64	-184	2112
64	-182	2117
64	-180	2115
64	-178	2111
64	-176	2111
64	-174	2108
64	-172	2111
64	-170	2124
64	-168	2128
64	-166	2128
64	-164	2129
64	-162	2132
64	-160	2133
64	-158	2128
64	-156	2125
64	-154	2133
64	-152	2131
64	-150	2134
64	-148	2142
64	-146	2142
64	-144	2140
64	-142	2141
64	-140	2141
64	-138	2149
64	-136	2150
64	-134	2150
64	-132	2152
64	-130	2151
64	-128	2153
64	-126	2158
64	-124	2157
64	-122	2167
64	-120	2163
64	-118	2163
64	-116	2168
64	-114	2166
64	-112	2170
64	-110	2172
64	-108	2171
64	-106	2172
64	-104	2174
64	-102	2176
64	-100	2173
64	-98	2174
64	-96	2171
64	-94	2177
64	-92	2179
64	-90	2180
64	-88	2180
64	-86	2180
64	-84	2177
64	-82	2178
64	-80	2179
64	-78	2179
64	-76	2174
64	-74	2181
64	-72	2180
64	-70	2181
64	-68	2181
64	-66	2180
64	-64	2177
64	-62	2181
64	-60	2179
64	-58	2180
64	-56	2180
64	-54	2184
64	-52	2185
64	-50	2179
64	-48	2181
64	-46	2181
64	-44	2183
64	-42	2182
64	-40	2187
64	-38	2186
64	-36	2187
64	-34	2185
64	-32	2186
64	-30	2187
64	-28	2187
64	-26	2187
64	-24	2189
64	-22	2187
64	-20	2192
64	-18	2187
64	-16	2190
64	-14	2185
64	-12	2185
64	-10	2192
64	-8	2189
64	-6	2192
64	-4	2188
64	-2	2191
64	0	2187
64	2	2191
64	4	2188
64	6	2190
64	8	2193
64	10	2194
64	12	2191
64	14	2192
64	16	2195
64	18	2194
64	20	2187
64	22	2188
64	24	2190
64	26	2191
64	28	2191
64	30	2190
64	32	2194
64	34	2188
64	36	2192
64	38	2192
64	40	2190
64	42	2193
64	44	2193
64	46	2193
64	48	2192
64	50	2188
64	52	2189
64	54	2192
64	56	2190
64	58	2192
64	60	2188
64	62	2189
64	64	2188
64	66	2185
64	68	2188
64	70	2186
64	72	2189
64	74	2189
64	76	2186
64	78	2190
64	80	2188
64	82	2186
64	84	2188
64	86	2186
64	88	2186
64	90	2190
64	92	2184
64	94	2186
64	96	2184
64	98	2184
68	-290	1616
68	-288	1631
68	-286	1633
68	-284	1638
68	-282	1638
68	-280	1655
68	-278	1656
68	-276	1654
68	-274	1691
68	-272	1696
68	-270	1703
68	-268	1744
68	-266	1765
68	-264	1770
68	-262	1772
68	-260	1775
68	-258	1778
68	-256	1780
68	-254	1789
68	-252	1793
68	-250	1824
68	-248	1843
68	-246	1851
68	-244	1856
68	-242	1864
68	-240	1890
68	-238	1901
68	-236	1901
68	-234	1912
68	-232	1929
68	-230	1932
68	-228	1940
68	-226	1954
68	-224	1961
68	-222	1978
68	-220	1988
68	-218	1994
68	-216	2012
68	-214	2016
68	-212	2026
68	-210	2031
68	-208	2064
68	-206	2068
68	-204	2066
68	-202	2070
68	-200	2068
68	-198	2075
68	-196	2075
68	-194	2079
68	-192	2089
68	-190	2093
68	-188	2097
68	-186	2097
68	-184	2096
68	-182	2098
68	-180	2103
68	-178	2104
68	-176	2108
68	-174	2114
68	-172	2109
68	-170	2114
68	-168	2116
68	-166	2120
68	-164	2119
68	-162	2121
68	-160	2124
68	-158	2134
68	-156	2137
68	-154	2146
68	-152	2150
68	-150	2156
68	-148	2151
68	-146	2155
68	-144	2146
68	-142	2147
68	-140	2149
68	-138	2149
68	-136	2155
68	-134	2152
68	-132	2154
68	-130	2155
68	-128	2160
68	-126	2158
68	-124	2163
68	-122	2166
68	-120	2163
68	-118	2165
68	-116	2163
68	-114	2166
68	-112	2167
68	-110	2171
68	-108	2166
68	-106	2171
68	-104	2174
68	-102	2169
68	-100	2174
68	-98	2175
68	-96	2175
68	-94	2173
68	-92	2176
68	-90	2176
68	-88	2175
68	-86	2177
68	-84	2179
68	-82	2179
68	-80	2178
68	-78	2177
68	-76	2176
68	-74	2177
68	-72	2179
68	-70	2183
68	-68	2175
68	-66	2172
68	-64	2178
68	-62	2183
68	-60	2186
68	-58	2180
68	-56	2180
68	-54	2178
68	-52	2181
68	-50	2178
68	-48	2179
68	-46	2178
68	-44	2182
68	-42	2180
68	-40	2179
68	-38	2181
68	-36	2183
68	-34	2182
68	-32	2181
68	-30	2180
68	-28	2180
68	-26	2180
68	-24	2184
68	-22	2187
68	-20	2185
68	-18	2183
68	-16	2186
68	-14	2187
68	-12	2184
68	-10	2186
68	-8	2188
68	-6	2187
68	-4	2187
68	-2	2188
68	0	2188
68	2	2188
68	4	2188
68	6	2187
68	8	2189
68	10	2191
68	12	2190
68	14	2187
68	16	2188
68	18	2189
68	20	2188
68	22	2188
68	24	2188
68	26	2187
68	28	2188
68	30	2191
68	32	2188
68	34	2190
68	36	2188
68	38	2189
68	40	2191
68	42	2190
68	44	2183
68	46	2187
68	48	2187
68	50	2194
68	52	2192
68	54	2190
68	56	2190
68	58	2189
68	60	2192
68	62	2190
68	64	2190
68	66	2191
68	68	2191
68	70	2189
68	72	2182
68	74	2189
68	76	2192
68	78	2191
68	80	2191
68	82	2189
68	84	2188
68	86	2183
68	88	2189
68	90	2192
68	92	2191
68	94	2194
68	96	2190
68	98	2188
72	-290	1599
72	-288	1610
72	-286	1597
72	-284	1616
72	-282	1669
72	-280	1683
72	-278	1688
72	-276	1698
72	-274	1699
72	-272	1707
72	-270	1706
72	-268	1712
72	-266	1729
72	-264	1722
72	-262	1730
72	-260	1747
72	-258	1769
72	-256	1783
72	-254	1820
72	-252	1823
72	-250	1856
72	-248	1866
72	-246	1879
72	-244	1882
72	-242	1892
72	-240	1893
72	-238	1894
72	-236	1905
72	-234	1902
72	-232	1907
72	-230	1944
72	-228	1950
72	-226	1953
72	-224	1959
72	-222	1981
72	-220	1982
72	-218	1997
72	-216	1999
72	-214	2010
72	-212	2005
72	-210	2023
72	-208	2033
72	-206	2052
72	-204	2054
72	-202	2056
72	-200	2070
72	-198	2082
72	-196	2086
72	-194	2089
72	-192	2089
72	-190	2092
72	-188	2092
72	-186	2097
72	-184	2090
72	-182	2093
72	-180	2094
72	-178	2097
72	-176	2099
72	-174	2105
72	-172	2100
72	-170	2101
72	-168	2113
72	-166	2120
72	-164	2120
72	-162	2121
72	-160	2122
72	-158	2123
72	-156	2126
72	-154	2126
72	-152	2128
72	-150	2131
72	-148	2134
72	-146	2127
72	-144	2135
72	-142	2136
72	-140	2139
72	-138	2151
72	-136	2145
72	-134	2151
72	-132	2156
72	-130	2153
72	-128	2153
72	-126	2155
72	-124	2152
72	-122	2158
72	-120	2153
72	-118	2156
72	-116	2160
72	-114	2160
72	-112	2156
72	-110	2164
72	-108	2161
72	-106	2160
72	-104	2166
72	-102	2164
72	-100	2164
72	-98	2166
72	-96	2168
72	-94	2165
72	-92	2164
72	-90	2169
72	-88	2173
72	-86	2176
72	-84	2177
72	-82	2174
72	-80	2174
72	-78	2173
72	-76	2175
72	-74	2174
72	-72	2176
72	-70	2174
72	-68	2172
72	-66	2175
72	-64	2173
72	-62	2176
72	-60	2173
72	-58	2168
72	-56	2175
72	-54	2177
72	-52	2176
72	-50	2175
72	-48	2177
72	-46	2177
72	-44	2176
72	-42	2174
72	-40	2177
72	-38	2177
72	-36	2177
72	-34	2178
72	-32	2180
72	-30	2179
72	-28	2179
72	-26	2179
72	-24	2180
72	-22	2180
72	-20	2180
72	-18	2183
72	-16	2182
72	-14	2179
72	-12	2180
72	-10	2183
72	-8	2182
72	-6	2180
72	-4	2186
72	-2	2179
72	0	2173
72	2	2181
72	4	2182
72	6	2183
72	8	2183
72	10	2190
72	12	2188
72	14	2183
72	16	2185
72	18	2186
72	20	2183
72	22	2187
72	24	2187
72	26	2185
72	28	2187
72	30	2189
72	32	2187
72	34	2186
72	36	2190
72	38	2188
72	40	2189
72	42	2187
72	44	2189
72	46	2185
72	48	2185
72	50	2185
72	52	2186
72	54	2187
72	56	2188
72	58	2185
72	60	2183
72	62	2177
72	64	2182
72	66	2181
72	68	2183
72	70	2183
72	72	2181
72	74	2184
72	76	2183
72	78	2182
72	80	2183
72	82	2179
72	84	2182
72	86	2178
72	88	2178
72	90	2184
72	92	2182
72	94	2179
72	96	2170
72	98	2177
76	-290	1601
76	-288	1610
76	-286	1615
76	-284	1627
76	-282	1633
76	-280	1640
76	-278	1671
76	-276	1671
76	-274	1673
76	-272	1690
76	-270	1707
76	-268	1711
76	-266	1718
76	-264	1731
76	-262	1736
76	-260	1752
76	-258	1765
76	-256	1796
76	-254	1798
76	-252	1802
76	-250	1812
76	-248	1856
76	-246	1879
76	-244	1882
76	-242	1893
76	-240	1913
76	-238	1926
76	-236	1923
76	-234	1943
76	-232	1942
76	-230	1952
76	-228	1954
76	-226	1954
76	-224	1959
76	-222	1968
76	-220	1977
76	-218	1977
76	-216	1992
76	-214	1979
76	-212	2007
76	-210	2009
76	-208	2031
76	-206	2032
76	-204	2033
76	-202	2034
76	-200	2039
76	-198	2039
76	-196	2044
76	-194	2050
76	-192	2058
76	-190	2059
76	-188	2063
76	-186	2088
76	-184	2092
76	-182	2096
76	-180	2099
76	-178	2099
76	-176	2100
76	-174	2107
76	-172	2105
76	-170	2110
76	-168	2114
76	-166	2111
76	-164	2121
76	-162	2117
76	-160	2117
76	-158	2124
76	-156	2125
76	-154	2122
76	-152	2130
76	-150	2130
76	-148	2130
76	-146	2130
76	-144	2132
76	-142	2133
76	-140	2136
76	-138	2135
76	-136	2134
76	-134	2134
76	-132	2147
76	-130	2139
76	-128	2141
76	-126	2141
76	-124	2141
76	-122	2148
76	-120	2148
76	-118	2151
76	-116	2152
76	-114	2152
76	-112	2150
76	-110	2157
76	-108	2150
76	-106	2154
76	-104	2158
76	-102	2150
76	-100	2150
76	-98	2156
76	-96	2158
76	-94	2154
76	-92	2158
76	-90	2159
76	-88	2159
76	-86	2154
76	-84	2159
76	-82	2161
76	-80	2160
76	-78	2164
76	-76	2167
76	-74	2168
76	-72	2160
76	-70	2172
76	-68	2165
76	-66	2168
76	-64	2172
76	-62	2170
76	-60	2168
76	-58	2169
76	-56	2169
76	-54	2172
76	-52	2168
76	-50	2171
76	-48	2171
76	-46	2172
76	-44	2171
76	-42	2173
76	-40	2171
76	-38	2173
76	-36	2173
76	-34	2170
76	-32	2173
76	-30	2174
76	-28	2170
76	-26	2171
76	-24	2172
76	-22	2170
76	-20	2171
76	-18	2177
76	-16	2176
76	-14	2174
76	-12	2171
76	-10	2172
76	-8	2179
76	-6	2178
76	-4	2177
76	-2	2179
76	0	2174
76	2	2177
76	4	2180
76	6	2178
76	8	2179
76	10	2181
76	12	2178
76	14	2180
76	16	2184
76	18	2179
76	20	2177
76	22	2179
76	24	2179
76	26	2180
76	28	2178
76	30	2178
76	32	2178
76	34	2179
76	36	2178
76	38	2176
76	40	2176
76	42	2176
76	44	2176
76	46	2178
76	48	2173
76	50	2176
76	52	2180
76	54	2175
76	56	2179
76	58	2179
76	60	2180
76	62	2176
76	64	2180
76	66	2181
76	68	2180
76	70	2180
76	72	2180
76	74	2176
76	76	2179
76	78	2175
76	80	2177
76	82	2175
76	84	2177
76	86	2177
76	88	2176
76	90	2177
76	92	2178
76	94	2176
76	96	2175
76	98	2172
80	-290	1550
80	-288	1552
80	-286	1567
80	-284	1604
80	-282	1602
80	-280	1628
80	-278	1651
80	-276	1655
80	-274	1684
80	-272	1683
80	-270	1692
80	-268	1695
80	-266	1707
80	-264	1748
80	-262	1749
80	-260	1744
80	-258	1762
80	-256	1795
80	-254	1794
80	-252	1806
80	-250	1834
80	-248	1851
80	-246	1857
80	-244	1878
80	-242	1933
80	-240	1933
80	-238	1935
80	-236	1952
80	-234	1948
80	-232	1955
80	-230	1959
80	-228	1960
80	-226	1960
80	-224	1960
80	-222	1969
80	-220	1970
80	-218	1984
80	-216	1989
80	-214	1989
80	-212	2007
80	-210	2010
80	-208	2018
80	-206	2024
80	-204	2017
80	-202	2024
80	-200	2027
80	-198	2030
80	-196	2041
80	-194	2056
80	-192	2058
80	-190	2058
80	-188	2062
80	-186	2060
80	-184	2068
80	-182	2071
80	-180	2073
80	-178	2074
80	-176	2075
80	-174	2080
80	-172	2094
80	-170	2093
80	-168	2091
80	-166	2090
80	-164	2099
80	-162	2096
80	-160	2101
80	-158	2106
80	-156	2104
80	-154	2119
80	-152	2105
80	-150	2113
80	-148	2116
80	-146	2114
80	-144	2115
80	-142	2126
80	-140	2127
80	-138	2126
80	-136	2129
80	-134	2131
80	-132	2130
80	-130	2132
80	-128	2135
80	-126	2128
80	-124	2137
80	-122	2145
80	-120	2143
80	-118	2142
80	-116	2144
80	-114	2143
80	-112	2142
80	-110	2140
80	-108	2146
80	-106	2151
80	-104	2150
80	-102	2148
80	-100	2149
80	-98	2148
80	-96	2153
80	-94	2151
80	-92	2148
80	-90	2157
80	-88	2157
80	-86	2159
80	-84	2160
80	-82	2157
80	-80	2159
80	-78	2157
80	-76	2161
80	-74	2161
80	-72	2165
80	-70	2161
80	-68	2166
80	-66	2164
80	-64	2161
80	-62	2165
80	-60	2164
80	-58	2165
80	-56	2167
80	-54	2167
80	-52	2166
80	-50	2166
80	-48	2172
80	-46	2168
80	-44	2169
80	-42	2164
80	-40	2170
80	-38	2169
80	-36	2170
80	-34	2166
80	-32	2169
80	-30	2165
80	-28	2167
80	-26	2170
80	-24	2169
80	-22	2169
80	-20	2171
80	-18	2173
80	-16	2173
80	-14	2172
80	-12	2170
80	-10	2170
80	-8	2172
80	-6	2170
80	-4	2169
80	-2	2175
80	0	2174
80	2	2173
80	4	2173
80	6	2175
80	8	2174
80	10	2170
80	12	2165
80	14	2175
80	16	2172
80	18	2174
80	20	2176
80	22	2177
80	24	2178
80	26	2176
80	28	2174
80	30	2178
80	32	2170
80	34	2169
80	36	2179
80	38	2172
80	40	2174
80	42	2175
80	44	2174
80	46	2172
80	48	2176
80	50	2175
80	52	2172
80	54	2174
80	56	2171
80	58	2168
80	60	2169
80	62	2173
80	64	2173
80	66	2172
80	68	2171
80	70	2166
80	72	2166
80	74	2165
80	76	2167
80	78	2172
80	80	2169
80	82	2161
80	84	2170
80	86	2169
80	88	2164
80	90	2165
80	92	2162
80	94	2164
80	96	2166
80	98	2165
84	-290	1594
84	-288	1606
84	-286	1612
84	-284	1647
84	-282	1653
84	-280	1654
84	-278	1674
84	-276	1709
84	-274	1725
84	-272	1731
84	-270	1731
84	-268	1738
84	-266	1754
84	-264	1754
84	-262	1799
84	-260	1792
84	-258	1822
84	-256	1827
84	-254	1822
84	-252	1842
84	-250	1849
84	-248	1853
84	-246	1863
84	-244	1878
84	-242	1890
84	-240	1889
84	-238	1911
84	-236	1920
84	-234	1914
84	-232	1929
84	-230	1943
84	-228	1958
84	-226	1949
84	-224	1958
84	-222	1970
84	-220	1971
84	-218	1981
84	-216	1980
84	-214	1983
84	-212	1981
84	-210	1983
84	-208	1988
84	-206	1995
84	-204	2005
84	-202	2025
84	-200	2027
84	-198	2025
84	-196	2035
84	-194	2029
84	-192	2041
84	-190	2050
84	-188	2053
84	-186	2055
84	-184	2059
84	-182	2063
84	-180	2057
84	-178	2067
84	-176	2070
84	-174	2076
84	-172	2077
84	-170	2076
84	-168	2074
84	-166	2075
84	-164	2083
84	-162	2086
84	-160	2084
84	-158	2087
84	-156	2102
84	-154	2090
84	-152	2098
84	-150	2104
84	-148	2099
84	-146	2103
84	-144	2101
84	-142	2104
84	-140	2106
84	-138	2114
84	-136	2115
84	-134	2118
84	-132	2118
84	-130	2123
84	-128	2122
84	-126	2123
84	-124	2127
84	-122	2123
84	-120	2128
84	-118	2130
84	-116	2134
84	-114	2137
84	-112	2129
84	-110	2131
84	-108	2139
84	-106	2130
84	-104	2138
84	-102	2137
84	-100	2139
84	-98	2142
84	-96	2143
84	-94	2143
84	-92	2142
84	-90	2155
84	-88	2149
84	-86	2151
84	-84	2151
84	-82	2152
84	-80	2149
84	-78	2150
84	-76	2143
84	-74	2143
84	-72	2150
84	-70	2145
84	-68	2142
84	-66	2144
84	-64	2141
84	-62	2147
84	-60	2144
84	-58	2145
84	-56	2153
84	-54	2146
84	-52	2156
84	-50	2154
84	-48	2153
84	-46	2151
84	-44	2152
84	-42	2155
84	-40	2152
84	-38	2153
84	-36	2151
84	-34	2151
84	-32	2152
84	-30	2155
84	-28	2152
84	-26	2150
84	-24	2162
84	-22	2150
84	-20	2156
84	-18	2149
84	-16	2159
84	-14	2157
84	-12	2159
84	-10	2158
84	-8	2160
84	-6	2158
84	-4	2161
84	-2	2159
84	0	2162
84	2	2154
84	4	2164
84	6	2161
84	8	2164
84	10	2162
84	12	2159
84	14	2157
84	16	2156
84	18	2164
84	20	2157
84	22	2163
84	24	2155
84	26	2161
84	28	2160
84	30	2152
84	32	2155
84	34	2154
84	36	2159
84	38	2162
84	40	2156
84	42	2157
84	44	2160
84	46	2154
84	48	2157
84	50	2152
84	52	2154
84	54	2157
84	56	2162
84	58	2155
84	60	2157
84	62	2149
84	64	2152
84	66	2153
84	68	2161
84	70	2167
84	72	2152
84	74	2160
84	76	2152
84	78	2159
84	80	2162
84	82	2153
84	84	2149
84	86	2149
84	88	2149
84	90	2148
84	92	2148
84	94	2147
84	96	2149
84	98	2143
88	-290	1581
88	-288	1595
88	-286	1596
88	-284	1616
88	-282	1648
88	-280	1665
88	-278	1680
88	-276	1688
88	-274	1704
88	-272	1715
88	-270	1735
88	-268	1761
88	-266	1757
88	-264	1769
88	-262	1781
88	-260	1791
88	-258	1821
88	-256	1824
88	-254	1837
88	-252	1836
88	-250	1862
88	-248	1884
88	-246	1887
88	-244	1887
88	-242	1899
88	-240	1911
88	-238	1914
88	-236	1917
88	-234	1930
88	-232	1926
88	-230	1930
88	-228	1932
88	-226	1936
88	-224	1951
88	-222	1951
88	-220	1975
88	-218	1980
88	-216	1991
88	-214	1998
88	-212	1999
88	-210	2002
88	-208	2001
88	-206	2019
88	-204	2015
88	-202	2021
88	-200	2017
88	-198	2018
88	-196	2017
88	-194	2039
88	-192	2037
88	-190	2040
88	-188	2042
88	-186	2047
88	-184	2043
88	-182	2053
88	-180	2054
88	-178	2047
88	-176	2051
88	-174	2056
88	-172	2061
88	-170	2067
88	-168	2063
88	-166	2064
88	-164	2069
88	-162	2074
88	-160	2075
88	-158	2077
88	-156	2082
88	-154	2080
88	-152	2092
88	-150	2094
88	-148	2101
88	-146	2100
88	-144	2094
88	-142	2096
88	-140	2103
88	-138	2104
88	-136	2108
88	-134	2107
88	-132	2117
88	-130	2111
88	-128	2117
88	-126	2115
88	-124	2113
88	-122	2114
88	-120	2114
88	-118	2116
88	-116	2116
88	-114	2124
88	-112	2123
88	-110	2125
88	-108	2124
88	-106	2126
88	-104	2122
88	-102	2126
88	-100	2123
88	-98	2125
88	-96	2125
88	-94	2133
88	-92	2129
88	-90	2135
88	-88	2123
88	-86	2129
88	-84	2130
88	-82	2132
88	-80	2131
88	-78	2135
88	-76	2127
88	-74	2134
88	-72	2130
88	-70	2135
88	-68	2138
88	-66	2135
88	-64	2139
88	-62	2138
88	-60	2136
88	-58	2138
88	-56	2138
88	-54	2138
88	-52	2139
88	-50	2139
88	-48	2140
88	-46	2139
88	-44	2142
88	-42	2138
88	-40	2130
88	-38	2141
88	-36	2137
88	-34	2135
88	-32	2138
88	-30	2135
88	-28	2136
88	-26	2137
88	-24	2138
88	-22	2136
88	-20	2140
88	-18	2142
88	-16	2141
88	-14	2140
88	-12	2142
88	-10	2145
88	-8	2145
88	-6	2157
88	-4	2144
88	-2	2141
88	0	2138
88	2	2142
88	4	2139
88	6	2141
88	8	2143
88	10	2144
88	12	2138
88	14	2139
88	16	2138
88	18	2142
88	20	2144
88	22	2137
88	24	2141
88	26	2150
88	28	2146
88	30	2152
88	32	2141
88	34	2139
88	36	2150
88	38	2144
88	40	2153
88	42	2153
88	44	2152
88	46	2147
88	48	2144
88	50	2144
88	52	2146
88	54	2150
88	56	2147
88	58	2141
88	60	2142
88	62	2146
88	64	2140
88	66	2140
88	68	2140
88	70	2141
88	72	2139
88	74	2140
88	76	2145
88	78	2147
88	80	2146
88	82	2145
88	84	2140
88	86	2143
88	88	2138
88	90	2142
88	92	2142
88	94	2134
88	96	2134
88	98	2142
92	-290	1612
92	-288	1647
92	-286	1689
92	-284	1695
92	-282	1697
92	-280	1711
92	-278	1716
92	-276	1715
92	-274	1720
92	-272	1743
92	-270	1747
92	-268	1776
92	-266	1792
92	-264	1792
92	-262	1800
92	-260	1803
92	-258	1832
92	-256	1849
92	-254	1853
92	-252	1851
92	-250	1864
92	-248	1871
92	-246	1894
92	-244	1883
92	-242	1897
92	-240	1899
92	-238	1902
92	-236	1915
92	-234	1928
92	-232	1930
92	-230	1922
92	-228	1930
92	-226	1932
92	-224	1940
92	-222	1965
92	-220	1978
92	-218	1976
92	-216	1983
92	-214	1983
92	-212	1992
92	-210	1998
92	-208	2015
92	-206	2013
92	-204	2017
92	-202	2024
92	-200	2019
92	-198	2021
92	-196	2021
92	-194	2025
92	-192	2017
92	-190	2038
92	-188	2025
92	-186	2028
92	-184	2041
92	-182	2041
92	-180	2041
92	-178	2039
92	-176	2042
92	-174	2040
92	-172	2046
92	-170	2043
92	-168	2056
92	-166	2044
92	-164	2051
92	-162	2054
92	-160	2051
92	-158	2062
92	-156	2055
92	-154	2059
92	-152	2080
92	-150	2072
92	-148	2067
92	-146	2078
92	-144	2082
92	-142	2083
92	-140	2087
92	-138	2087
92	-136	2093
92	-134	2091
92	-132	2094
92	-130	2097
92	-128	2094
92	-126	2097
92	-124	2096
92	-122	2099
92	-120	2101
92	-118	2100
92	-116	2103
92	-114	2106
92	-112	2109
92	-110	2113
92	-108	2102
92	-106	2113
92	-104	2108
92	-102	2101
92	-100	2111
92	-98	2103
92	-96	2114
92	-94	2110
92	-92	2126
92	-90	2116
92	-88	2114
92	-86	2117
92	-84	2122
92	-82	2117
92	-80	2121
92	-78	2116
92	-76	2114
92	-74	2117
92	-72	2114
92	-70	2117
92	-68	2121
92	-66	2125
92	-64	2114
92	-62	2121
92	-60	2114
92	-58	2110
92	-56	2113
92	-54	2110
92	-52	2119
92	-50	2123
92	-48	2125
92	-46	2120
92	-44	2123
92	-42	2118
92	-40	2123
92	-38	2121
92	-36	2129
92	-34	2117
92	-32	2125
92	-30	2127
92	-28	2127
92	-26	2119
92	-24	2130
92	-22	2127
92	-20	2127
92	-18	2127
92	-16	2128
92	-14	2125
92	-12	2125
92	-10	2125
92	-8	2131
92	-6	2121
92	-4	2125
92	-2	2124
92	0	2135
92	2	2128
92	4	2127
92	6	2123
92	8	2124
92	10	2120
92	12	2120
92	14	2121
92	16	2121
92	18	2122
92	20	2127
92	22	2134
92	24	2120
92	26	2121
92	28	2121
92	30	2119
92	32	2121
92	34	2119
92	36	2122
92	38	2131
92	40	2133
92	42	2117
92	44	2125
92	46	2132
92	48	2126
92	50	2123
92	52	2125
92	54	2126
92	56	2126
92	58	2128
92	60	2123
92	62	2118
92	64	2135
92	66	2121
92	68	2125
92	70	2128
92	72	2125
92	74	2127
92	76	2118
92	78	2117
92	80	2123
92	82	2125
92	84	2125
92	86	2125
92	88	2125
92	90	2128
92	92	2126
92	94	2122
92	96	2125
92	98	2123
96	-290	1594
96	-288	1611
96	-286	1694
96	-284	1712
96	-282	1715
96	-280	1719
96	-278	1746
96	-276	1753
96	-274	1753
96	-272	1766
96	-270	1772
96	-268	1802
96	-266	1823
96	-264	1822
96	-262	1826
96	-260	1835
96	-258	1848
96	-256	1854
96	-254	1871
96	-252	1873
96	-250	1882
96	-248	1894
96	-246	1895
96	-244	1905
96	-242	1926
96	-240	1938
96	-238	1931
96	-236	1937
96	-234	1937
96	-232	1943
96	-230	1943
96	-228	1944
96	-226	1945
96	-224	1949
96	-222	1952
96	-220	1960
96	-218	1964
96	-216	1959
96	-214	1962
96	-212	1956
96	-210	1968
96	-208	1970
96	-206	1975
96	-204	1982
96	-202	1993
96	-200	1993
96	-198	1999
96	-196	2008
96	-194	2000
96	-192	2011
96	-190	2011
96	-188	2010
96	-186	2012
96	-184	2005
96	-182	2003
96	-180	2007
96	-178	2013
96	-176	2025
96	-174	2025
96	-172	2027
96	-170	2026
96	-168	2025
96	-166	2027
96	-164	2034
96	-162	2036
96	-160	2036
96	-158	2034
96	-156	2032
96	-154	2032
96	-152	2035
96	-150	2036
96	-148	2038
96	-146	2042
96	-144	2045
96	-142	2046
96	-140	2053
96	-138	2049
96	-136	2050
96	-134	2045
96	-132	2044
96	-130	2061
96	-128	2062
96	-126	2048
96	-124	2055
96	-122	2067
96	-120	2065
96	-118	2062
96	-116	2065
96	-114	2060
96	-112	2058
96	-110	2066
96	-108	2070
96	-106	2067
96	-104	2075
96	-102	2073
96	-100	2077
96	-98	2078
96	-96	2074
96	-94	2075
96	-92	2075
96	-90	2076
96	-88	2077
96	-86	2076
96	-84	2074
96	-82	2071
96	-80	2077
96	-78	2076
96	-76	2078
96	-74	2078
96	-72	2081
96	-70	2076
96	-68	2080
96	-66	2079
96	-64	2081
96	-62	2087
96	-60	2087
96	-58	2082
96	-56	2083
96	-54	2085
96	-52	2088
96	-50	2088
96	-48	2093
96	-46	2088
96	-44	2101
96	-42	2078
96	-40	2086
96	-38	2098
96	-36	2091
96	-34	2087
96	-32	2086
96	-30	2093
96	-28	2083
96	-26	2086
96	-24	2093
96	-22	2087
96	-20	2091
96	-18	2087
96	-16	2100
96	-14	2087
96	-12	2089
96	-10	2085
96	-8	2086
96	-6	2086
96	-4	2087
96	-2	2089
96	0	2089
96	2	2092
96	4	2088
96	6	2090
96	8	2095
96	10	2089
96	12	2090
96	14	2090
96	16	2089
96	18	2100
96	20	2097
96	22	2090
96	24	2090
96	26	2093
96	28	2097
96	30	2093
96	32	2095
96	34	2090
96	36	2104
96	38	2100
96	40	2095
96	42	2102
96	44	2096
96	46	2091
96	48	2093
96	50	2094
96	52	2091
96	54	2095
96	56	2096
96	58	2091
96	60	2100
96	62	2095
96	64	2094
96	66	2090
96	68	2086
96	70	2089
96	72	2088
96	74	2101
96	76	2089
96	78	2088
96	80	2089
96	82	2090
96	84	2089
96	86	2090
96	88	2086
96	90	2088
96	92	2088
96	94	2088
96	96	2083
96	98	2090
100	-290	1660
100	-288	1708
100	-286	1731
100	-284	1754
100	-282	1761
100	-280	1754
100	-278	1757
100	-276	1765
100	-274	1790
100	-272	1801
100	-270	1813
100	-268	1817
100	-266	1822
100	-264	1824
100	-262	1839
100	-260	1847
100	-258	1862
100	-256	1868
100	-254	1873
100	-252	1882
100	-250	1882
100	-248	1894
100	-246	1896
100	-244	1897
100	-242	1908
100	-240	1908
100	-238	1909
100	-236	1938
100	-234	1931
100	-232	1930
100	-230	1933
100	-228	1933
100	-226	1935
100	-224	1940
100	-222	1942
100	-220	1939
100	-218	1943
100	-216	1943
100	-214	1943
100	-212	1948
100	-210	1946
100	-208	1953
100	-206	1961
100	-204	1965
100	-202	1958
100	-200	1971
100	-198	1971
100	-196	1968
100	-194	1972
100	-192	1975
100	-190	1980
100	-188	1987
100	-186	1983
100	-184	1995
100	-182	1984
100	-180	1999
100	-178	1994
100	-176	1999
100	-174	2003
100	-172	2003
100	-170	2002
100	-168	2001
100	-166	2003
100	-164	2010
100	-162	2014
100	-160	2010
100	-158	2019
100	-156	2011
100	-154	2007
100	-152	2017
100	-150	2009
100	-148	2012
100	-146	2018
100	-144	2020
100	-142	2020
100	-140	2019
100	-138	2022
100	-136	2018
100	-134	2027
100	-132	2023
100	-130	2018
100	-128	2018
100	-126	2025
100	-124	2025
100	-122	2017
100	-120	2025
100	-118	2021
100	-116	2027
100	-114	2021
100	-112	2022
100	-110	2027
100	-108	2025
100	-106	2026
100	-104	2031
100	-102	2031
100	-100	2035
100	-98	2033
100	-96	2033
100	-94	2040
100	-92	2042
100	-90	2038
100	-88	2054
100	-86	2056
100	-84	2045
100	-82	2046
100	-80	2047
100	-78	2043
100	-76	2042
100	-74	2056
100	-72	2040
100	-70	2050
100	-68	2042
100	-66	2044
100	-64	2043
100	-62	2042
100	-60	2043
100	-58	2037
100	-56	2044
100	-54	2044
100	-52	2064
100	-50	2049
100	-48	2050
100	-46	2048
100	-44	2056
100	-42	2055
100	-40	2051
100	-38	2050
100	-36	2061
100	-34	2064
100	-32	2061
100	-30	2063
100	-28	2066
100	-26	2066
100	-24	2062
100	-22	2062
100	-20	2078
100	-18	2071
100	-16	2065
100	-14	2069
100	-12	2069
100	-10	2071
100	-8	2065
100	-6	2069
100	-4	2057
100	-2	2070
100	0	2061
100	2	2059
100	4	2074
100	6	2074
100	8	2080
100	10	2080
100	12	2080
100	14	2086
100	16	2074
100	18	2081
100	20	2078
100	22	2084
100	24	2076
100	26	2077
100	28	2081
100	30	2077
100	32	2072
100	34	2076
100	36	2094
100	38	2088
100	40	2077
100	42	2079
100	44	2074
100	46	2077
100	48	2078
100	50	2076
100	52	2076
100	54	2075
100	56	2078
100	58	2077
100	60	2081
100	62	2076
100	64	2085
100	66	2076
100	68	2083
100	70	2083
100	72	2087
100	74	2079
100	76	2084
100	78	2081
100	80	2077
100	82	2075
100	84	2072
100	86	2078
100	88	2077
100	90	2076
100	92	2087
100	94	2081
100	96	2080
100	98	2085
104	-290	1722
104	-288	1741
104	-286	1756
104	-284	1757
104	-282	1760
104	-280	1764
104	-278	1765
104	-276	1784
104	-274	1790
104	-272	1783
104	-270	1809
104	-268	1819
104	-266	1822
104	-264	1815
104	-262	1824
104	-260	1827
104	-258	1828
104	-256	1832
104	-254	1833
104	-252	1833
104	-250	1837
104	-248	1856
104	-246	1858
104	-244	1859
104	-242	1863
104	-240	1868
104	-238	1872
104	-236	1875
104	-234	1893
104	-232	1885
104	-230	1884
104	-228	1879
104	-226	1878
104	-224	1890
104	-222	1888
104	-220	1891
104	-218	1901
104	-216	1906
104	-214	1907
104	-212	1909
104	-210	1912
104	-208	1923
104	-206	1936
104	-204	1923
104	-202	1935
104	-200	1944
104	-198	1943
104	-196	1943
104	-194	1945
104	-192	1948
104	-190	1945
104	-188	1945
104	-186	1950
104	-184	1949
104	-182	1947
104	-180	1951
104	-178	1950
104	-176	1969
104	-174	1955
104	-172	1953
104	-170	1961
104	-168	1964
104	-166	1964
104	-164	1967
104	-162	1966
104	-160	1970
104	-158	1968
104	-156	1966
104	-154	1983
104	-152	1986
104	-150	1986
104	-148	1985
104	-146	1982
104	-144	1985
104	-142	1986
104	-140	1983
104	-138	1984
104	-136	1983
104	-134	1987
104	-132	1988
104	-130	1989
104	-128	1989
104	-126	1988
104	-124	1994
104	-122	1989
104	-120	1998
104	-118	2012
104	-116	2002
104	-114	2003
104	-112	2006
104	-110	2008
104	-108	2014
104	-106	2009
104	-104	2010
104	-102	2004
104	-100	2009
104	-98	2011
104	-96	2011
104	-94	2022
104	-92	2010
104	-90	2013
104	-88	2027
104	-86	2020
104	-84	2022
104	-82	2020
104	-80	2023
104	-78	2027
104	-76	2028
104	-74	2036
104	-72	2031
104	-70	2030
104	-68	2033
104	-66	2036
104	-64	2036
104	-62	2036
104	-60	2035
104	-58	2036
104	-56	2037
104	-54	2035
104	-52	2034
104	-50	2039
104	-48	2037
104	-46	2037
104	-44	2036
104	-42	2035
104	-40	2033
104	-38	2029
104	-36	2036
104	-34	2031
104	-32	2040
104	-30	2035
104	-28	2031
104	-26	2035
104	-24	2035
104	-22	2037
104	-20	2042
104	-18	2037
104	-16	2042
104	-14	2029
104	-12	2030
104	-10	2026
104	-8	2037
104	-6	2044
104	-4	2038
104	-2	2036
104	0	2040
104	2	2042
104	4	2035
104	6	2040
104	8	2027
104	10	2030
104	12	2032
104	14	2033
104	16	2033
104	18	2036
104	20	2034
104	22	2031
104	24	2033
104	26	2026
104	28	2043
104	30	2033
104	32	2027
104	34	2034
104	36	2036
104	38	2036
104	40	2036
104	42	2039
104	44	2036
104	46	2035
104	48	2039
104	50	2037
104	52	2047
104	54	2036
104	56	2048
104	58	2041
104	60	2061
104	62	2032
104	64	2041
104	66	2039
104	68	2041
104	70	2039
104	72	2047
104	74	2035
104	76	2040
104	78	2038
104	80	2038
104	82	2048
104	84	2039
104	86	2036
104	88	2039
104	90	2037
104	92	2037
104	94	2036
104	96	2030
104	98	2038
108	-290	1729
108	-288	1746
108	-286	1752
108	-284	1756
108	-282	1761
108	-280	1751
108	-278	1760
108	-276	1758
108	-274	1760
108	-272	1764
108	-270	1774
108	-268	1776
108	-266	1783
108	-264	1805
108	-262	1811
108	-260	1808
108	-258	1815
108	-256	1823
108	-254	1809
108	-252	1818
108	-250	1828
108	-248	1819
108	-246	1824
108	-244	1825
108	-242	1826
108	-240	1818
108	-238	1811
108	-236	1826
108	-234	1821
108	-232	1839
108	-230	1843
108	-228	1838
108	-226	1841
108	-224	1841
108	-222	1850
108	-220	1843
108	-218	1842
108	-216	1841
108	-214	1860
108	-212	1892
108	-210	1881
108	-208	1874
108	-206	1892
108	-204	1889
108	-202	1882
108	-200	1889
108	-198	1893
108	-196	1894
108	-194	1891
108	-192	1897
108	-190	1897
108	-188	1899
108	-186	1894
108	-184	1898
108	-182	1906
108	-180	1898
108	-178	1907
108	-176	1911
108	-174	1923
108	-172	1910
108	-170	1930
108	-168	1907
108	-166	1920
108	-164	1930
108	-162	1924
108	-160	1933
108	-158	1923
108	-156	1939
108	-154	1926
108	-152	1928
108	-150	1958
108	-148	1928
108	-146	1927
108	-144	1928
108	-142	1931
108	-140	1937
108	-138	1935
108	-136	1930
108	-134	1949
108	-132	1928
108	-130	1953
108	-128	1933
108	-126	1946
108	-124	1937
108	-122	1934
108	-120	1941
108	-118	1981
108	-116	1948
108	-114	1960
108	-112	1968
108	-110	1964
108	-108	1975
108	-106	1980
108	-104	1970
108	-102	1968
108	-100	1977
108	-98	1985
108	-96	1988
108	-94	1968
108	-92	1975
108	-90	1970
108	-88	1987
108	-86	1971
108	-84	1979
108	-82	1966
108	-80	1977
108	-78	1981
108	-76	1974
108	-74	1975
108	-72	1974
108	-70	1980
108	-68	1979
108	-66	1977
108	-64	1977
108	-62	1983
108	-60	1976
108	-58	1985
108	-56	1987
108	-54	1979
108	-52	1973
108	-50	1991
108	-48	1973
108	-46	1978
108	-44	1992
108	-42	1977
108	-40	1978
108	-38	1982
108	-36	1978
108	-34	1977
108	-32	2003
108	-30	1978
108	-28	1980
108	-26	1982
108	-24	1980
108	-22	1992
108	-20	1976
108	-18	1964
108	-16	1984
108	-14	1983
108	-12	1992
108	-10	1998
108	-8	1978
108	-6	1990
108	-4	1991
108	-2	1975
108	0	1977
108	2	1991
108	4	2002
108	6	2005
108	8	1983
108	10	1985
108	12	1976
108	14	1996
108	16	1988
108	18	1985
108	20	1988
108	22	1990
108	24	1977
108	26	1982
108	28	1983
108	30	1991
108	32	1983
108	34	1978
108	36	1980
108	38	1980
108	40	1990
108	42	1977
108	44	1978
108	46	1978
108	48	1981
108	50	1980
108	52	1978
108	54	1971
108	56	1971
108	58	1977
108	60	1973
108	62	2015
108	64	1985
108	66	1978
108	68	1978
108	70	1981
108	72	1980
108	74	1982
108	76	1976
108	78	1985
108	80	1978
108	82	1975
108	84	1974
108	86	1998
108	88	1965
108	90	1998
108	92	1985
108	94	1977
108	96	1978
108	98	1967
112	-290	1673
112	-288	1685
112	-286	1681
112	-284	1691
112	-282	1702
112	-280	1692
112	-278	1693
112	-276	1724
112	-274	1708
112	-272	1703
112	-270	1713
112	-268	1723
112	-266	1722
112	-264	1732
112	-262	1740
112	-260	1776
112	-258	1750
112	-256	1768
112	-254	1760
112	-252	1761
112	-250	1763
112	-248	1764
112	-246	1774
112	-244	1775
112	-242	1783
112	-240	1796
112	-238	1800
112	-236	1800
112	-234	1812
112	-232	1805
112	-230	1810
112	-228	1821
112	-226	1820
112	-224	1822
112	-222	1831
112	-220	1818
112	-218	1823
112	-216	1828
112	-214	1842
112	-212	1835
112	-210	1829
112	-208	1830
112	-206	1833
112	-204	1836
112	-202	1836
112	-200	1834
112	-198	1839
112	-196	1840
112	-194	1843
112	-192	1843
112	-190	1844
112	-188	1851
112	-186	1846
112	-184	1841
112	-182	1846
112	-180	1852
112	-178	1863
112	-176	1865
112	-174	1874
112	-172	1876
112	-170	1863
112	-168	1858
112	-166	1865
112	-164	1868
112	-162	1873
112	-160	1872
112	-158	1880
112	-156	1875
112	-154	1885
112	-152	1871
112	-150	1880
112	-148	1887
112	-146	1903
112	-144	1885
112	-142	1875
112	-140	1882
112	-138	1881
112	-136	1888
112	-134	1897
112	-132	1885
112	-130	1904
112	-128	1891
112	-126	1892
112	-124	1892
112	-122	1892
112	-120	1893
112	-118	1898
112	-116	1896
112	-114	1902
112	-112	1894
112	-110	1935
112	-108	1908
112	-106	1909
112	-104	1941
112	-102	1929
112	-100	1928
112	-98	1911
112	-96	1926
112	-94	1927
112	-92	1925
112	-90	1909
112	-88	1929
112	-86	1933
112	-84	1923
112	-82	1925
112	-80	1945
112	-78	1956
112	-76	1937
112	-74	1942
112	-72	1949
112	-70	1942
112	-68	1923
112	-66	1926
112	-64	1926
112	-62	1921
112	-60	1935
112	-58	1928
112	-56	1956
112	-54	1935
112	-52	1953
112	-50	1949
112	-48	1947
112	-46	1933
112	-44	1938
112	-42	1947
112	-40	1940
112	-38	1936
112	-36	1937
112	-34	1939
112	-32	1940
112	-30	1946
112	-28	1958
112	-26	1938
112	-24	1929
112	-22	1943
112	-20	1926
112	-18	1941
112	-16	1944
112	-14	1937
112	-12	1940
112	-10	1934
112	-8	1931
112	-6	1929
112	-4	1930
112	-2	1949
112	0	1929
112	2	1938
112	4	1939
112	6	1941
112	8	1934
112	10	1945
112	12	1931
112	14	1944
112	16	1939
112	18	1926
112	20	1932
112	22	1932
112	24	1931
112	26	1929
112	28	1926
112	30	1932
112	32	1946
112	34	1935
112	36	1933
112	38	1934
112	40	1926
112	42	1933
112	44	1932
112	46	1938
112	48	1946
112	50	1945
112	52	1959
112	54	1946
112	56	1939
112	58	1944
112	60	1943
112	62	1972
112	64	1944
112	66	1954
112	68	1947
112	70	1954
112	72	1957
112	74	1968
112	76	1973
112	78	1953
112	80	1953
112	82	1952
112	84	1955
112	86	1948
112	88	1950
112	90	1954
112	92	1949
112	94	1949
112	96	1944
112	98	1945
116	-290	1605
116	-288	1610
116	-286	1622
116	-284	1628
116	-282	1634
116	-280	1613
116	-278	1624
116	-276	1640
116	-274	1633
116	-272	1630
116	-270	1641
116	-268	1660
116	-266	1674
116	-264	1681
116	-262	1680
116	-260	1698
116	-258	1681
116	-256	1696
116	-254	1708
116	-252	1703
116	-250	1676
116	-248	1698
116	-246	1716
116	-244	1698
116	-242	1698
116	-240	1702
116	-238	1706
116	-236	1714
116	-234	1731
116	-232	1732
116	-230	1743
116	-228	1733
116	-226	1732
116	-224	1726
116	-222	1764
116	-220	1742
116	-218	1774
116	-216	1747
116	-214	1765
116	-212	1797
116	-210	1763
116	-208	1764
116	-206	1762
116	-204	1769
116	-202	1767
116	-200	1774
116	-198	1780
116	-196	1776
116	-194	1795
116	-192	1794
116	-190	1779
116	-188	1799
116	-186	1792
116	-184	1789
116	-182	1799
116	-180	1821
116	-178	1803
116	-176	1804
116	-174	1836
116	-172	1802
116	-170	1820
116	-168	1806
116	-166	1810
116	-164	1808
116	-162	1804
116	-160	1807
116	-158	1822
116	-156	1815
116	-154	1845
116	-152	1810
116	-150	1818
116	-148	1820
116	-146	1809
116	-144	1812
116	-142	1821
116	-140	1821
116	-138	1836
116	-136	1835
116	-134	1833
116	-132	1832
116	-130	1843
116	-128	1824
116	-126	1830
116	-124	1828
116	-122	1824
116	-120	1823
116	-118	1824
116	-116	1822
116	-114	1828
116	-112	1823
116	-110	1823
116	-108	1875
116	-106	1824
116	-104	1856
116	-102	1841
116	-100	1840
116	-98	1845
116	-96	1844
116	-94	1846
116	-92	1838
116	-90	1832
116	-88	1821
116	-86	1842
116	-84	1837
116	-82	1826
116	-80	1826
116	-78	1812
116	-76	1811
116	-74	1801
116	-72	1824
116	-70	1814
116	-68	1811
116	-66	1808
116	-64	1820
116	-62	1808
116	-60	1821
116	-58	1818
116	-56	1822
116	-54	1818
116	-52	1809
116	-50	1816
116	-48	1814
116	-46	1820
116	-44	1826
116	-42	1818
116	-40	1812
116	-38	1812
116	-36	1821
116	-34	1811
116	-32	1826
116	-30	1816
116	-28	1825
116	-26	1827
116	-24	1822
116	-22	1822
116	-20	1822
116	-18	1846
116	-16	1848
116	-14	1827
116	-12	1864
116	-10	1825
116	-8	1819
116	-6	1824
116	-4	1826
116	-2	1806
116	0	1824
116	2	1833
116	4	1820
116	6	1836
116	8	1854
116	10	1858
116	12	1834
116	14	1877
116	16	1840
116	18	1829
116	20	1851
116	22	1860
116	24	1809
116	26	1814
116	28	1843
116	30	1822
116	32	1849
116	34	1824
116	36	1813
116	38	1812
116	40	1817
116	42	1808
116	44	1818
116	46	1813
116	48	1804
116	50	1813
116	52	1839
116	54	1822
116	56	1810
116	58	1806
116	60	1806
116	62	1812
116	64	1820
116	66	1808
116	68	1805
116	70	1800
116	72	1805
116	74	1807
116	76	1806
116	78	1808
116	80	1833
116	82	1816
116	84	1806
116	86	1813
116	88	1807
116	90	1797
116	92	1797
116	94	1792
116	96	1791
116	98	1799
120	-290	1432
120	-288	1451
120	-286	1461
120	-284	1497
120	-282	1478
120	-280	1543
120	-278	1538
120	-276	1536
120	-274	1538
120	-272	1538
120	-270	1536
120	-268	1599
120	-266	1610
120	-264	1581
120	-262	1581
120	-260	1594
120	-258	1587
120	-256	1586
120	-254	1583
120	-252	1599
120	-250	1594
120	-248	1579
120	-246	1600
120	-244	1600
120	-242	1601
120	-240	1603
120	-238	1603
120	-236	1604
120	-234	1603
120	-232	1604
120	-230	1615
120	-228	1608
120	-226	1650
120	-224	1615
120	-222	1624
120	-220	1615
120	-218	1618
120	-216	1604
120	-214	1615
120	-212	1599
120	-210	1637
120	-208	1603
120	-206	1602
120	-204	1603
120	-202	1609
120	-200	1664
120	-198	1597
120	-196	1640
120	-194	1627
120	-192	1637
120	-190	1650
120	-188	1642
120	-186	1639
120	-184	1638
120	-182	1662
120	-180	1664
120	-178	1652
120	-176	1663
120	-174	1661
120	-172	1705
120	-170	1682
120	-168	1666
120	-166	1681
120	-164	1662
120	-162	1664
120	-160	1660
120	-158	1666
120	-156	1683
120	-154	1669
120	-152	1689
120	-150	1677
120	-148	1695
120	-146	1688
120	-144	1683
120	-142	1686
120	-140	1682
120	-138	1685
120	-136	1694
120	-134	1671
120	-132	1692
120	-130	1691
120	-128	1699
120	-126	1684
120	-124	1695
120	-122	1692
120	-120	1721
120	-118	1696
120	-116	1699
120	-114	1738
120	-112	1696
120	-110	1704
120	-108	1698
120	-106	1723
120	-104	1721
120	-102	1690
120	-100	1688
120	-98	1693
120	-96	1698
120	-94	1705
120	-92	1683
120	-90	1707
120	-88	1707
120	-86	1733
120	-84	1742
120	-82	1719
120	-80	1694
120	-78	1692
120	-76	1700
120	-74	1746
120	-72	1711
120	-70	1687
120	-68	1689
120	-66	1690
120	-64	1725
120	-62	1697
120	-60	1689
120	-58	1690
120	-56	1689
120	-54	1692
120	-52	1695
120	-50	1772
120	-48	1687
120	-46	1693
120	-44	1683
120	-42	1715
120	-40	1686
120	-38	1686
120	-36	1694
120	-34	1691
120	-32	1694
120	-30	1690
120	-28	1686
120	-26	1762
120	-24	1730
120	-22	1717
120	-20	1722
120	-18	1757
120	-16	1747
120	-14	1716
120	-12	1711
120	-10	1714
120	-8	1718
120	-6	1712
120	-4	1709
120	-2	1735
120	0	1736
120	2	1716
120	4	1740
120	6	1717
120	8	1714
120	10	1779
120	12	1726
120	14	1717
120	16	1735
120	18	1716
120	20	1718
120	22	1728
120	24	1713
120	26	1726
120	28	1715
120	30	1718
120	32	1731
120	34	1718
120	36	1718
120	38	1712
120	40	1711
120	42	1762
120	44	1729
120	46	1737
120	48	1766
120	50	1761
120	52	1733
120	54	1737
120	56	1731
120	58	1763
120	60	1739
120	62	1770
120	64	1742
120	66	1725
120	68	1724
120	70	1724
120	72	1728
120	74	1743
120	76	1735
120	78	1726
120	80	1723
120	82	1729
120	84	1753
120	86	1777
120	88	1722
120	90	1725
120	92	1732
120	94	1736
120	96	1715
120	98	1717
