64	-290	3672.4375
64	-288	3676
64	-286	3678.6875
64	-284	3680.125
64	-282	3682.0625
64	-280	3684.875
64	-278	3687.5
64	-276	3694.375
64	-274	3696.375
64	-272	3696.9375
64	-270	3698.3125
64	-268	3700.5625
64	-266	3701.9375
64	-264	3706.75
64	-262	3707.625
64	-260	3711.1875
64	-258	3710.875
64	-256	3712.25
64	-254	3713.6875
64	-252	3716.8125
64	-250	3718.9375
64	-248	3720.5
64	-246	3723.625
64	-244	3725.6875
64	-242	3727.375
64	-240	3729.625
64	-238	3734.75
64	-236	3734.9375
64	-234	3736.3125
64	-232	3738.6875
64	-230	3740.8125
64	-228	3743
64	-226	3745.3125
64	-224	3745.875
64	-222	3748
64	-220	3748.75
64	-218	3749.3125
64	-216	3750.375
64	-214	3751.875
64	-212	3753.4375
64	-210	3754.0625
64	-208	3756.8125
64	-206	3758.3125
64	-204	3760.8125
64	-202	3761.3125
64	-200	3762.8125
64	-198	3764.25
64	-196	3766.0625
64	-194	3766.6875
64	-192	3768.625
64	-190	3769.4375
64	-188	3769.8125
64	-186	3770.5
64	-184	3771.6875
64	-182	3772.1875
64	-180	3773.125
64	-178	3773.875
64	-176	3774.1875
64	-174	3775.875
64	-172	3776.9375
64	-170	3776.5
64	-168	3777.4375
64	-166	3778.75
64	-164	3779.125
64	-162	3779.9375
64	-160	3781
64	-158	3781.875
64	-156	3782.125
64	-154	3782.5625
64	-152	3783.4375
64	-150	3783.875
64	-148	3784.125
64	-146	3785
64	-144	3785.3125
64	-142	3785.3125
64	-140	3785.1875
64	-138	3785.8125
64	-136	3787.25
64	-134	3787.875
64	-132	3787.875
64	-130	3787.875
64	-128	3788.0625
64	-126	3788.625
64	-124	3789.0625
64	-122	3790.125
64	-120	3790
64	-118	3790
64	-116	3791.0625
64	-114	3790.8125
64	-112	3790.5625
64	-110	3790.875
64	-108	3791.75
64	-106	3791.875
64	-104	3791.4375
64	-102	3792.25
64	-100	3792.9375
64	-98	3792.5625
64	-96	3792.8125
64	-94	3792.5
64	-92	3792.75
64	-90	3793.6875
64	-88	3793.125
64	-86	3794.125
64	-84	3794.5
64	-82	3795.0625
64	-80	3795.125
64	-78	3795.3125
64	-76	3795
64	-74	3795.5625
64	-72	3795.75
64	-70	3795.6875
64	-68	3796.1875
64	-66	3796.75
64	-64	3796.6875
64	-62	3796.375
64	-60	3797.5625
64	-58	3797.875
64	-56	3797.375
64	-54	3798.0625
64	-52	3798.125
64	-50	3798.3125
64	-48	3798.375
64	-46	3798.375
64	-44	3798.25
64	-42	3798.6875
64	-40	3798.625
64	-38	3798.8125
64	-36	3798.5
64	-34	3798.9375
64	-32	3798.625
64	-30	3798.75
64	-28	3798.625
64	-26	3799.125
64	-24	3799.25
64	-22	3799.0625
64	-20	3799.125
64	-18	3798.9375
64	-16	3798.9375
64	-14	3799.125
64	-12	3799.3125
64	-10	3799.125
64	-8	3799.375
64	-6	3799.6875
64	-4	3799.5
64	-2	3799.75
64	0	3800
64	2	3799.8125
64	4	3799.8125
64	6	3800
64	8	3800.4375
64	10	3800.125
64	12	3800.375
64	14	3800.25
64	16	3800.1875
64	18	3800.875
64	20	3800.8125
64	22	3800.875
64	24	3800.375
64	26	3800.75
64	28	3800.5
64	30	3800.6875
64	32	3800.5625
64	34	3800.8125
64	36	3800.3125
64	38	3800.25
64	40	3799.8125
64	42	3800.25
64	44	3799.0625
64	46	3799.4375
64	48	3799.375
64	50	3799.0625
64	52	3798.9375
64	54	3798.8125
64	56	3798.875
64	58	3798.9375
64	60	3798.9375
64	62	3799
64	64	3798.75
64	66	3799.0625
64	68	3799
64	70	3798.875
64	72	3799.125
64	74	3798.875
64	76	3799.1875
64	78	3798.8125
64	80	3798.375
64	82	3798.25
64	84	3798.1875
64	86	3797.8125
64	88	3797.625
64	90	3797.375
64	92	3797.4375
64	94	3796.875
64	96	3797.625
64	98	3797.5
68	-290	3668.8125
68	-288	3671.75
68	-286	3674.375
68	-284	3678.1875
68	-282	3680.3125
68	-280	3682.6875
68	-278	3685
68	-276	3689.4375
68	-274	3693.3125
68	-272	3694.375
68	-270	3695.625
68	-268	3697
68	-266	3700.25
68	-264	3701.9375
68	-262	3704.1875
68	-260	3707.5
68	-258	3711.5
68	-256	3714.6875
68	-254	3716.9375
68	-252	3718.5625
68	-250	3719.8125
68	-248	3721.6875
68	-246	3725.0625
68	-244	3725.9375
68	-242	3726.875
68	-240	3729.875
68	-238	3732
68	-236	3733.6875
68	-234	3736.5
68	-232	3736.8125
68	-230	3739.3125
68	-228	3740.75
68	-226	3742.25
68	-224	3742.875
68	-222	3744.375
68	-220	3746.6875
68	-218	3747.625
68	-216	3749.4375
68	-214	3750.9375
68	-212	3751.9375
68	-210	3754.875
68	-208	3755.75
68	-206	3758.75
68	-204	3760.75
68	-202	3761.5
68	-200	3763.0625
68	-198	3765.5625
68	-196	3765.75
68	-194	3766.5
68	-192	3767.5
68	-190	3767.9375
68	-188	3769.5625
68	-186	3771.1875
68	-184	3772.1875
68	-182	3772.75
68	-180	3773.3125
68	-178	3774.125
68	-176	3775.375
68	-174	3774.9375
68	-172	3775.9375
68	-170	3776.75
68	-168	3777.5
68	-166	3778.5625
68	-164	3780.25
68	-162	3780.375
68	-160	3781.0625
68	-158	3780.9375
68	-156	3781.75
68	-154	3782.0625
68	-152	3783.25
68	-150	3783.8125
68	-148	3783.6875
68	-146	3784.4375
68	-144	3784.375
68	-142	3784.625
68	-140	3784.8125
68	-138	3785.625
68	-136	3786.1875
68	-134	3786.625
68	-132	3787.3125
68	-130	3787.125
68	-128	3787.0625
68	-126	3787
68	-124	3787.75
68	-122	3788.125
68	-120	3789
68	-118	3789.125
68	-116	3789.875
68	-114	3789.5
68	-112	3790.6875
68	-110	3790.5
68	-108	3790.5
68	-106	3790.75
68	-104	3791.25
68	-102	3791.125
68	-100	3791.625
68	-98	3791.8125
68	-96	3792.125
68	-94	3792
68	-92	3792.375
68	-90	3793
68	-88	3792.8125
68	-86	3793.1875
68	-84	3793.625
68	-82	3793.75
68	-80	3794.4375
68	-78	3794.25
68	-76	3793.4375
68	-74	3793.5625
68	-72	3793.9375
68	-70	3794.5625
68	-68	3794.5625
68	-66	3795.4375
68	-64	3795.1875
68	-62	3795.375
68	-60	3795.9375
68	-58	3795.9375
68	-56	3796
68	-54	3796.375
68	-52	3796.0625
68	-50	3796.5625
68	-48	3796.5
68	-46	3797.125
68	-44	3796
68	-42	3797.1875
68	-40	3797.0625
68	-38	3797.0625
68	-36	3797.5625
68	-34	3797.5625
68	-32	3797.6875
68	-30	3797.625
68	-28	3797.5625
68	-26	3797.5625
68	-24	3798
68	-22	3797.75
68	-20	3797.125
68	-18	3797.4375
68	-16	3797.5
68	-14	3797.5
68	-12	3798.125
68	-10	3798
68	-8	3798.125
68	-6	3798.5625
68	-4	3798.8125
68	-2	3798.625
68	0	3798.5
68	2	3798.5
68	4	3799.125
68	6	3799.4375
68	8	3799.375
68	10	3798.8125
68	12	3798.75
68	14	3798.8125
68	16	3799.0625
68	18	3799.25
68	20	3799.125
68	22	3799.5
68	24	3799.875
68	26	3799.5625
68	28	3799.0625
68	30	3799.6875
68	32	3799.1875
68	34	3798.875
68	36	3799.125
68	38	3798.3125
68	40	3798.6875
68	42	3798.6875
68	44	3798.4375
68	46	3798.125
68	48	3798.4375
68	50	3798.125
68	52	3798
68	54	3798.3125
68	56	3798.25
68	58	3798.4375
68	60	3798.375
68	62	3797.6875
68	64	3797.875
68	66	3798.0625
68	68	3798
68	70	3798.125
68	72	3797.9375
68	74	3797.8125
68	76	3798.25
68	78	3798.125
68	80	3798
68	82	3797.9375
68	84	3797.5
68	86	3797.8125
68	88	3797.3125
68	90	3797.25
68	92	3796.8125
68	94	3796.1875
68	96	3797.25
68	98	3796.625
72	-290	3667.4375
72	-288	3673.25
72	-286	3679.125
72	-284	3680.8125
72	-282	3683.5625
72	-280	3686.1875
72	-278	3687.875
72	-276	3690.5625
72	-274	3692.5
72	-272	3694.3125
72	-270	3695.375
72	-268	3698.625
72	-266	3701.375
72	-264	3702.6875
72	-262	3705.125
72	-260	3705.6875
72	-258	3707.4375
72	-256	3712.1875
72	-254	3713.875
72	-252	3715.9375
72	-250	3717.5625
72	-248	3719.9375
72	-246	3724.6875
72	-244	3725.6875
72	-242	3728.3125
72	-240	3731.1875
72	-238	3732.625
72	-236	3735.6875
72	-234	3737.375
72	-232	3738.0625
72	-230	3739.8125
72	-228	3741.5625
72	-226	3742.75
72	-224	3743.625
72	-222	3745.625
72	-220	3747
72	-218	3748.4375
72	-216	3748.75
72	-214	3751.25
72	-212	3752.625
72	-210	3754.125
72	-208	3756.1875
72	-206	3756.9375
72	-204	3758
72	-202	3760.375
72	-200	3762.1875
72	-198	3763.125
72	-196	3762.9375
72	-194	3763.875
72	-192	3765.4375
72	-190	3764.6875
72	-188	3767.4375
72	-186	3768
72	-184	3770.375
72	-182	3770.75
72	-180	3772.1875
72	-178	3772.8125
72	-176	3773.625
72	-174	3774.375
72	-172	3774.5625
72	-170	3775.1875
72	-168	3776.25
72	-166	3776.4375
72	-164	3777.625
72	-162	3778.3125
72	-160	3778.375
72	-158	3779.5
72	-156	3780.375
72	-154	3780.75
72	-152	3781.625
72	-150	3782.375
72	-148	3782.5
72	-146	3783.125
72	-144	3783.3125
72	-142	3783.6875
72	-140	3784
72	-138	3784.5625
72	-136	3785.4375
72	-134	3785.75
72	-132	3785.1875
72	-130	3786.1875
72	-128	3786.0625
72	-126	3786.75
72	-124	3786.9375
72	-122	3787.6875
72	-120	3788.625
72	-118	3788.5
72	-116	3788.8125
72	-114	3788.9375
72	-112	3789.4375
72	-110	3790.125
72	-108	3789.625
72	-106	3789.5625
72	-104	3790.4375
72	-102	3790.75
72	-100	3791.25
72	-98	3790.9375
72	-96	3791.1875
72	-94	3791.375
72	-92	3791.875
72	-90	3792.4375
72	-88	3792.3125
72	-86	3792.4375
72	-84	3791.6875
72	-82	3792.6875
72	-80	3793.0625
72	-78	3793.3125
72	-76	3793.4375
72	-74	3792.9375
72	-72	3793.25
72	-70	3793.375
72	-68	3793.5625
72	-66	3794.5
72	-64	3794.5625
72	-62	3794.125
72	-60	3795.0625
72	-58	3794.875
72	-56	3795
72	-54	3794.5625
72	-52	3794.3125
72	-50	3795.5625
72	-48	3795
72	-46	3795.3125
72	-44	3795.3125
72	-42	3795.5625
72	-40	3795.3125
72	-38	3795.4375
72	-36	3795
72	-34	3795.625
72	-32	3795.4375
72	-30	3795.4375
72	-28	3795.875
72	-26	3796.1875
72	-24	3795.375
72	-22	3795.8125
72	-20	3796.5
72	-18	3796.375
72	-16	3796.875
72	-14	3796.875
72	-12	3796.5
72	-10	3796.5625
72	-8	3796.5625
72	-6	3796.875
72	-4	3796.625
72	-2	3797.1875
72	0	3797.25
72	2	3797.0625
72	4	3797
72	6	3797.375
72	8	3797.75
72	10	3797.6875
72	12	3797.0625
72	14	3796.75
72	16	3797.5
72	18	3797.3125
72	20	3797.75
72	22	3796.9375
72	24	3797.4375
72	26	3797.5
72	28	3797.875
72	30	3797.8125
72	32	3797.6875
72	34	3796.9375
72	36	3797.125
72	38	3796.375
72	40	3796.8125
72	42	3796.75
72	44	3796.25
72	46	3796.5625
72	48	3797.1875
72	50	3796.5625
72	52	3796.5625
72	54	3797.1875
72	56	3796.9375
72	58	3796.625
72	60	3796.8125
72	62	3796.6875
72	64	3796.25
72	66	3796.625
72	68	3796.5
72	70	3795.875
72	72	3796
72	74	3795.75
72	76	3795.875
72	78	3795.8125
72	80	3794.5625
72	82	3795
72	84	3795.125
72	86	3795.25
72	88	3795.3125
72	90	3795.25
72	92	3795.0625
72	94	3795.0625
72	96	3795.1875
72	98	3795.75
76	-290	3672.3125
76	-288	3675.25
76	-286	3678.25
76	-284	3680.6875
76	-282	3685
76	-280	3684.875
76	-278	3688.875
76	-276	3693.0625
76	-274	3692.5625
76	-272	3695.75
76	-270	3699
76	-268	3699.5
76	-266	3700.0625
76	-264	3702.1875
76	-262	3704.125
76	-260	3705.3125
76	-258	3707.5625
76	-256	3714.0625
76	-254	3716.375
76	-252	3719.25
76	-250	3720.5
76	-248	3724.125
76	-246	3724.625
76	-244	3728.25
76	-242	3728.8125
76	-240	3730.5
76	-238	3732
76	-236	3733.4375
76	-234	3735.8125
76	-232	3737.3125
76	-230	3739
76	-228	3740.5
76	-226	3743.0625
76	-224	3743.5
76	-222	3744.5
76	-220	3745.375
76	-218	3746.1875
76	-216	3749.0625
76	-214	3750.25
76	-212	3753.3125
76	-210	3754.125
76	-208	3756
76	-206	3757.0625
76	-204	3758.5
76	-202	3758.75
76	-200	3761.1875
76	-198	3761.375
76	-196	3761.8125
76	-194	3763.1875
76	-192	3764.5625
76	-190	3764.875
76	-188	3766.5625
76	-186	3767.9375
76	-184	3768.4375
76	-182	3768.875
76	-180	3771.75
76	-178	3771.9375
76	-176	3771.25
76	-174	3772.4375
76	-172	3772.25
76	-170	3773.125
76	-168	3774.25
76	-166	3774.9375
76	-164	3776.0625
76	-162	3776.375
76	-160	3776.875
76	-158	3776.75
76	-156	3777.125
76	-154	3778.0625
76	-152	3778.5625
76	-150	3778.1875
76	-148	3779.9375
76	-146	3780.1875
76	-144	3781.3125
76	-142	3781.8125
76	-140	3782.5
76	-138	3782.375
76	-136	3782.5625
76	-134	3783.625
76	-132	3783.75
76	-130	3783.375
76	-128	3783.9375
76	-126	3784.0625
76	-124	3784.0625
76	-122	3784.1875
76	-120	3784.9375
76	-118	3785.875
76	-116	3785.6875
76	-114	3786.375
76	-112	3786.8125
76	-110	3786.6875
76	-108	3787.1875
76	-106	3786.25
76	-104	3787.0625
76	-102	3787.5
76	-100	3788.1875
76	-98	3787.9375
76	-96	3788.625
76	-94	3789.5625
76	-92	3789.4375
76	-90	3789.9375
76	-88	3789.875
76	-86	3790.5
76	-84	3790.375
76	-82	3790.25
76	-80	3790.5625
76	-78	3791.1875
76	-76	3790.125
76	-74	3790.9375
76	-72	3790.6875
76	-70	3791.1875
76	-68	3791.5
76	-66	3791.6875
76	-64	3791.5625
76	-62	3792.3125
76	-60	3791.8125
76	-58	3792.125
76	-56	3792.3125
76	-54	3792.125
76	-52	3792
76	-50	3792.6875
76	-48	3792.125
76	-46	3793.0625
76	-44	3793
76	-42	3793.4375
76	-40	3793.875
76	-38	3793.5625
76	-36	3793.625
76	-34	3794.25
76	-32	3794.5
76	-30	3794
76	-28	3794.6875
76	-26	3794.5625
76	-24	3794.5625
76	-22	3794.9375
76	-20	3794.3125
76	-18	3794.5625
76	-16	3794.3125
76	-14	3794.4375
76	-12	3794.8125
76	-10	3794.75
76	-8	3794.6875
76	-6	3795.25
76	-4	3794.8125
76	-2	3794.75
76	0	3794.875
76	2	3795.0625
76	4	3795.0625
76	6	3794.9375
76	8	3795
76	10	3794.625
76	12	3795.25
76	14	3795.5
76	16	3794.5625
76	18	3794.5
76	20	3794.1875
76	22	3794.1875
76	24	3794.375
76	26	3794.75
76	28	3794.3125
76	30	3794.75
76	32	3794.75
76	34	3794.4375
76	36	3794.75
76	38	3794.375
76	40	3794.375
76	42	3794.25
76	44	3794.625
76	46	3794.5625
76	48	3794.3125
76	50	3793.6875
76	52	3794.25
76	54	3794.6875
76	56	3795.1875
76	58	3794.75
76	60	3794.8125
76	62	3794.3125
76	64	3795
76	66	3794.8125
76	68	3794.9375
76	70	3794.0625
76	72	3794
76	74	3794.4375
76	76	3794.5
76	78	3794.125
76	80	3794.375
76	82	3794.125
76	84	3793.875
76	86	3794.125
76	88	3794
76	90	3793.25
76	92	3793.375
76	94	3793.875
76	96	3793.4375
76	98	3792.6875
80	-290	3673.375
80	-288	3675.5
80	-286	3681.25
80	-284	3684.6875
80	-282	3686.25
80	-280	3689.75
80	-278	3691.25
80	-276	3692.625
80	-274	3695.6875
80	-272	3698.25
80	-270	3699.125
80	-268	3699.8125
80	-266	3700.75
80	-264	3701.625
80	-262	3711
80	-260	3711.3125
80	-258	3713.3125
80	-256	3714.75
80	-254	3716.25
80	-252	3719.875
80	-250	3722.5
80	-248	3723.6875
80	-246	3724.1875
80	-244	3727
80	-242	3729.3125
80	-240	3730.375
80	-238	3732.9375
80	-236	3734.75
80	-234	3736.9375
80	-232	3738.1875
80	-230	3738.9375
80	-228	3740.8125
80	-226	3741.25
80	-224	3744.1875
80	-222	3746
80	-220	3746.125
80	-218	3747.4375
80	-216	3747.5
80	-214	3749
80	-212	3750.0625
80	-210	3750.3125
80	-208	3751.5625
80	-206	3753.3125
80	-204	3756.6875
80	-202	3756.5625
80	-200	3759.25
80	-198	3761.25
80	-196	3762.375
80	-194	3762.4375
80	-192	3764.125
80	-190	3765.25
80	-188	3765.6875
80	-186	3766.375
80	-184	3767.5625
80	-182	3767.5625
80	-180	3767.75
80	-178	3768.375
80	-176	3768.875
80	-174	3770.0625
80	-172	3771.25
80	-170	3771.75
80	-168	3772.5
80	-166	3774.1875
80	-164	3775.4375
80	-162	3775.5
80	-160	3776.3125
80	-158	3776.5
80	-156	3776.875
80	-154	3778.125
80	-152	3778.0625
80	-150	3778.5625
80	-148	3778.875
80	-146	3778.5
80	-144	3779.375
80	-142	3780.75
80	-140	3780.0625
80	-138	3781.125
80	-136	3780.625
80	-134	3781.125
80	-132	3781.375
80	-130	3780.6875
80	-128	3780.75
80	-126	3781.25
80	-124	3781.9375
80	-122	3782.5625
80	-120	3782.875
80	-118	3783.3125
80	-116	3783.9375
80	-114	3783.25
80	-112	3783.8125
80	-110	3784.5625
80	-108	3784.875
80	-106	3785.0625
80	-104	3785.6875
80	-102	3785.25
80	-100	3785.6875
80	-98	3786
80	-96	3784.9375
80	-94	3785.625
80	-92	3786.5625
80	-90	3787.4375
80	-88	3787.8125
80	-86	3787.5
80	-84	3787.75
80	-82	3788.125
80	-80	3787.625
80	-78	3788.5
80	-76	3788.25
80	-74	3788.8125
80	-72	3788.8125
80	-70	3789
80	-68	3789.3125
80	-66	3789.125
80	-64	3789.375
80	-62	3789.3125
80	-60	3789.6875
80	-58	3789.5
80	-56	3789.1875
80	-54	3789.8125
80	-52	3789.875
80	-50	3789.75
80	-48	3789.625
80	-46	3790.4375
80	-44	3790.9375
80	-42	3790.5625
80	-40	3791.1875
80	-38	3790.5
80	-36	3790.5625
80	-34	3791.5
80	-32	3792.4375
80	-30	3791.875
80	-28	3790.875
80	-26	3791.625
80	-24	3791
80	-22	3792
80	-20	3791.75
80	-18	3792.8125
80	-16	3792.3125
80	-14	3792.375
80	-12	3792.8125
80	-10	3792.125
80	-8	3792.625
80	-6	3792.9375
80	-4	3793.0625
80	-2	3792.6875
80	0	3792
80	2	3792.25
80	4	3792.5
80	6	3792.375
80	8	3792.75
80	10	3792.875
80	12	3792.9375
80	14	3792.8125
80	16	3793.25
80	18	3792.9375
80	20	3792.5625
80	22	3793
80	24	3792.875
80	26	3793.1875
80	28	3792.5625
80	30	3792.6875
80	32	3792.4375
80	34	3792.75
80	36	3792.375
80	38	3792.1875
80	40	3792.625
80	42	3792.6875
80	44	3792.5625
80	46	3792.875
80	48	3792.5625
80	50	3792.625
80	52	3792.25
80	54	3792.9375
80	56	3792.9375
80	58	3792.6875
80	60	3792.25
80	62	3791.5625
80	64	3791.8125
80	66	3792.8125
80	68	3792.25
80	70	3791.1875
80	72	3792.5
80	74	3791.375
80	76	3791
80	78	3791.1875
80	80	3790.5625
80	82	3791.5
80	84	3790.375
80	86	3791.1875
80	88	3791.25
80	90	3791.1875
80	92	3790.4375
80	94	3791.3125
80	96	3790.75
80	98	3790.4375
84	-290	3676.4375
84	-288	3678.75
84	-286	3679.75
84	-284	3684.1875
84	-282	3685.6875
84	-280	3687.75
84	-278	3692.25
84	-276	3695.375
84	-274	3697.25
84	-272	3699.125
84	-270	3703.25
84	-268	3706.0625
84	-266	3706.4375
84	-264	3706.625
84	-262	3711.375
84	-260	3711.9375
84	-258	3714.875
84	-256	3718.0625
84	-254	3719.3125
84	-252	3720.9375
84	-250	3722.625
84	-248	3723.8125
84	-246	3724.5625
84	-244	3727.375
84	-242	3728
84	-240	3730
84	-238	3731.875
84	-236	3732.6875
84	-234	3737.6875
84	-232	3739.5
84	-230	3740
84	-228	3741.25
84	-226	3742.75
84	-224	3743.6875
84	-222	3745.375
84	-220	3746.25
84	-218	3747.8125
84	-216	3747.625
84	-214	3750.1875
84	-212	3751.6875
84	-210	3753.3125
84	-208	3754.125
84	-206	3754
84	-204	3755.5
84	-202	3755.1875
84	-200	3756.3125
84	-198	3758
84	-196	3760
84	-194	3761.875
84	-192	3762.875
84	-190	3763.25
84	-188	3762.5
84	-186	3763.0625
84	-184	3765.5625
84	-182	3764.875
84	-180	3765.8125
84	-178	3765.625
84	-176	3767.4375
84	-174	3768.25
84	-172	3768.875
84	-170	3770.375
84	-168	3771.5
84	-166	3771.0625
84	-164	3771.6875
84	-162	3772.0625
84	-160	3772.5625
84	-158	3773.5625
84	-156	3773.75
84	-154	3775.875
84	-152	3775
84	-150	3775.8125
84	-148	3775.6875
84	-146	3776.4375
84	-144	3777
84	-142	3777.4375
84	-140	3777.75
84	-138	3778.8125
84	-136	3778.625
84	-134	3779.125
84	-132	3778.875
84	-130	3779.625
84	-128	3779.875
84	-126	3779.9375
84	-124	3779.8125
84	-122	3780.25
84	-120	3780.4375
84	-118	3781.0625
84	-116	3780.0625
84	-114	3781.125
84	-112	3780.4375
84	-110	3781.5625
84	-108	3781.75
84	-106	3782
84	-104	3781.9375
84	-102	3782
84	-100	3783.375
84	-98	3782.375
84	-96	3783.625
84	-94	3784.125
84	-92	3783.0625
84	-90	3783.75
84	-88	3784.0625
84	-86	3784.625
84	-84	3784.5
84	-82	3785.5
84	-80	3785.25
84	-78	3785.75
84	-76	3786.5625
84	-74	3786.0625
84	-72	3786.1875
84	-70	3786.6875
84	-68	3786.375
84	-66	3787.125
84	-64	3786.875
84	-62	3786.5
84	-60	3786.3125
84	-58	3786.6875
84	-56	3787.375
84	-54	3787.5
84	-52	3787.3125
84	-50	3787
84	-48	3786.875
84	-46	3787.8125
84	-44	3787.8125
84	-42	3787.5625
84	-40	3788.3125
84	-38	3788.0625
84	-36	3787.9375
84	-34	3788.5
84	-32	3788.3125
84	-30	3788.625
84	-28	3789.0625
84	-26	3789
84	-24	3789.875
84	-22	3789.4375
84	-20	3788.9375
84	-18	3789.375
84	-16	3789.3125
84	-14	3789.1875
84	-12	3789
84	-10	3788.5
84	-8	3789
84	-6	3789
84	-4	3789.75
84	-2	3789.1875
84	0	3789.25
84	2	3789.1875
84	4	3788.8125
84	6	3789.75
84	8	3789.8125
84	10	3789.125
84	12	3789.625
84	14	3789.25
84	16	3789.5625
84	18	3789
84	20	3789.4375
84	22	3789.5
84	24	3790.0625
84	26	3789.3125
84	28	3789.125
84	30	3788.875
84	32	3789.625
84	34	3789.375
84	36	3789.3125
84	38	3789.3125
84	40	3789.6875
84	42	3790.125
84	44	3788.9375
84	46	3789.5625
84	48	3789.75
84	50	3789.6875
84	52	3789.0625
84	54	3788.6875
84	56	3788.8125
84	58	3788.75
84	60	3788.9375
84	62	3788.5
84	64	3788.5
84	66	3788.5625
84	68	3788.5
84	70	3788.5625
84	72	3788.3125
84	74	3788.5
84	76	3789.0625
84	78	3788.6875
84	80	3788.75
84	82	3788.6875
84	84	3788.5625
84	86	3788.5
84	88	3788.5625
84	90	3788.125
84	92	3788.5625
84	94	3788.1875
84	96	3788.3125
84	98	3788.125
88	-290	3671.875
88	-288	3675.375
88	-286	3684.625
88	-284	3687.1875
88	-282	3689.0625
88	-280	3691.625
88	-278	3693.375
88	-276	3694.9375
88	-274	3699.6875
88	-272	3700.4375
88	-270	3701.6875
88	-268	3704
88	-266	3708.625
88	-264	3709.625
88	-262	3713.125
88	-260	3716.0625
88	-258	3717.375
88	-256	3718.5
88	-254	3719.625
88	-252	3723.1875
88	-250	3723.5
88	-248	3725.0625
88	-246	3726.625
88	-244	3728.875
88	-242	3729.0625
88	-240	3730.9375
88	-238	3731.625
88	-236	3733.5
88	-234	3733.5
88	-232	3735.9375
88	-230	3737.4375
88	-228	3739.375
88	-226	3741.4375
88	-224	3741.875
88	-222	3742.625
88	-220	3743.9375
88	-218	3745.375
88	-216	3746.8125
88	-214	3746.1875
88	-212	3748.5
88	-210	3749.875
88	-208	3750
88	-206	3751.875
88	-204	3752.6875
88	-202	3753.9375
88	-200	3753.75
88	-198	3755.625
88	-196	3756.25
88	-194	3757.25
88	-192	3757.9375
88	-190	3759.0625
88	-188	3759.8125
88	-186	3760.3125
88	-184	3761.0625
88	-182	3761.6875
88	-180	3762.0625
88	-178	3762.4375
88	-176	3762.9375
88	-174	3763
88	-172	3765.75
88	-170	3765.4375
88	-168	3766.25
88	-166	3767.0625
88	-164	3767.1875
88	-162	3768.3125
88	-160	3769
88	-158	3768.25
88	-156	3769.5625
88	-154	3770.4375
88	-152	3770.625
88	-150	3770.875
88	-148	3771.5
88	-146	3771.25
88	-144	3771.625
88	-142	3771.4375
88	-140	3771.9375
88	-138	3772.375
88	-136	3772.75
88	-134	3773.25
88	-132	3773.375
88	-130	3773.625
88	-128	3774.5625
88	-126	3774.375
88	-124	3775
88	-122	3776.125
88	-120	3774.5625
88	-118	3775.875
88	-116	3775.9375
88	-114	3777.0625
88	-112	3776.3125
88	-110	3777.6875
88	-108	3776.9375
88	-106	3777.3125
88	-104	3776.4375
88	-102	3778.125
88	-100	3778.375
88	-98	3778.4375
88	-96	3778.5625
88	-94	3778.4375
88	-92	3779.625
88	-90	3779.25
88	-88	3780.6875
88	-86	3781.0625
88	-84	3780.3125
88	-82	3780.3125
88	-80	3779.5
88	-78	3780.6875
88	-76	3780.8125
88	-74	3780.6875
88	-72	3780.75
88	-70	3781.4375
88	-68	3781.375
88	-66	3780.8125
88	-64	3780.9375
88	-62	3781.9375
88	-60	3781.375
88	-58	3781.8125
88	-56	3782.4375
88	-54	3782.1875
88	-52	3782.5625
88	-50	3782.375
88	-48	3781.8125
88	-46	3781.8125
88	-44	3782.5
88	-42	3782.1875
88	-40	3781.5625
88	-38	3782.9375
88	-36	3782.6875
88	-34	3782.8125
88	-32	3782.3125
88	-30	3782.625
88	-28	3783.25
88	-26	3783.875
88	-24	3783.875
88	-22	3783.5
88	-20	3783.9375
88	-18	3784.375
88	-16	3784.375
88	-14	3784.125
88	-12	3784.5625
88	-10	3784.625
88	-8	3784.1875
88	-6	3784.3125
88	-4	3784.6875
88	-2	3785
88	0	3784.75
88	2	3784.75
88	4	3784.5625
88	6	3785.25
88	8	3785.6875
88	10	3785.875
88	12	3785.375
88	14	3785.3125
88	16	3784.5
88	18	3784.875
88	20	3785
88	22	3785.4375
88	24	3785.1875
88	26	3785.3125
88	28	3784.5
88	30	3784.9375
88	32	3784.9375
88	34	3785.0625
88	36	3784.6875
88	38	3785.1875
88	40	3784.9375
88	42	3784.625
88	44	3784.5625
88	46	3784.5625
88	48	3785.0625
88	50	3785.5
88	52	3785.0625
88	54	3785
88	56	3785.3125
88	58	3785.25
88	60	3784.9375
88	62	3784.4375
88	64	3784.375
88	66	3785
88	68	3784
88	70	3784.125
88	72	3784.6875
88	74	3784.25
88	76	3784.3125
88	78	3783.9375
88	80	3783.3125
88	82	3783.5625
88	84	3784
88	86	3783.9375
88	88	3784.5625
88	90	3784.1875
88	92	3783.5625
88	94	3782.9375
88	96	3783.5625
88	98	3782.6875
92	-290	3684.4375
92	-288	3687.8125
92	-286	3690.25
92	-284	3691
92	-282	3696.4375
92	-280	3699.5
92	-278	3700.375
92	-276	3702.0625
92	-274	3702.625
92	-272	3704.9375
92	-270	3706.5
92	-268	3707.25
92	-266	3710.125
92	-264	3713.25
92	-262	3714
92	-260	3716.125
92	-258	3716.3125
92	-256	3717.9375
92	-254	3720.75
92	-252	3723.3125
92	-250	3725.4375
92	-248	3726
92	-246	3727.3125
92	-244	3728.4375
92	-242	3729.75
92	-240	3731
92	-238	3732.1875
92	-236	3732.625
92	-234	3733.875
92	-232	3735.0625
92	-230	3735.75
92	-228	3737
92	-226	3739.1875
92	-224	3740.1875
92	-222	3742.9375
92	-220	3742.9375
92	-218	3744.375
92	-216	3745.4375
92	-214	3745.1875
92	-212	3746.4375
92	-210	3747.3125
92	-208	3748.625
92	-206	3749.125
92	-204	3749.8125
92	-202	3750.6875
92	-200	3751.375
92	-198	3752.9375
92	-196	3754.1875
92	-194	3754.75
92	-192	3755.25
92	-190	3755.6875
92	-188	3756.5625
92	-186	3756.875
92	-184	3758.375
92	-182	3759.25
92	-180	3759.625
92	-178	3760.1875
92	-176	3760.0625
92	-174	3760.8125
92	-172	3761.25
92	-170	3762
92	-168	3762.3125
92	-166	3763.5
92	-164	3763.125
92	-162	3764
92	-160	3764.6875
92	-158	3764.6875
92	-156	3764.75
92	-154	3764.9375
92	-152	3765.125
92	-150	3766.0625
92	-148	3766.5625
92	-146	3767.375
92	-144	3767.25
92	-142	3766.5
92	-140	3767.625
92	-138	3768.25
92	-136	3767.5625
92	-134	3768.125
92	-132	3767.875
92	-130	3769.375
92	-128	3769.4375
92	-126	3769.6875
92	-124	3770.25
92	-122	3770.625
92	-120	3771.1875
92	-118	3770.4375
92	-116	3771
92	-114	3771.125
92	-112	3771.9375
92	-110	3771.6875
92	-108	3772.8125
92	-106	3773.0625
92	-104	3773.125
92	-102	3774.5
92	-100	3775.0625
92	-98	3774.625
92	-96	3775.4375
92	-94	3775.5
92	-92	3774.875
92	-90	3775.75
92	-88	3775.8125
92	-86	3775.4375
92	-84	3775.875
92	-82	3775.4375
92	-80	3776.375
92	-78	3776.125
92	-76	3776
92	-74	3776
92	-72	3776.8125
92	-70	3777.5625
92	-68	3777.75
92	-66	3776.5
92	-64	3776.9375
92	-62	3777.25
92	-60	3776.9375
92	-58	3776.875
92	-56	3776.875
92	-54	3776.875
92	-52	3777.5
92	-50	3776.875
92	-48	3777.75
92	-46	3777.625
92	-44	3777.8125
92	-42	3777.0625
92	-40	3778.125
92	-38	3779
92	-36	3778.625
92	-34	3778
92	-32	3778.0625
92	-30	3779.4375
92	-28	3778.875
92	-26	3779.375
92	-24	3779.4375
92	-22	3779.125
92	-20	3779.9375
92	-18	3779.5
92	-16	3779.6875
92	-14	3780.1875
92	-12	3781
92	-10	3779.8125
92	-8	3779.6875
92	-6	3779.875
92	-4	3780.6875
92	-2	3780.25
92	0	3779.875
92	2	3780.3125
92	4	3780.1875
92	6	3781.5625
92	8	3780.8125
92	10	3780.875
92	12	3781.1875
92	14	3780.375
92	16	3780.875
92	18	3780.5
92	20	3779.9375
92	22	3780.125
92	24	3780.8125
92	26	3780.6875
92	28	3780.5625
92	30	3780.875
92	32	3780.875
92	34	3781.5
92	36	3781.375
92	38	3780.375
92	40	3781.0625
92	42	3781
92	44	3780.8125
92	46	3780.9375
92	48	3780.6875
92	50	3780.5625
92	52	3779.9375
92	54	3779.6875
92	56	3779.4375
92	58	3779.625
92	60	3780.1875
92	62	3778.75
92	64	3778.625
92	66	3778.5
92	68	3778.5
92	70	3778.375
92	72	3779.4375
92	74	3779.1875
92	76	3777.375
92	78	3777.375
92	80	3777.9375
92	82	3777.5
92	84	3777.6875
92	86	3776.75
92	88	3777.8125
92	90	3776.625
92	92	3776.25
92	94	3776.9375
92	96	3775.75
92	98	3776.4375
96	-290	3686.5
96	-288	3687.8125
96	-286	3690.0625
96	-284	3694.3125
96	-282	3695.6875
96	-280	3697.0625
96	-278	3700.125
96	-276	3702.0625
96	-274	3702.9375
96	-272	3704.375
96	-270	3705.5
96	-268	3707.3125
96	-266	3709.3125
96	-264	3711.6875
96	-262	3712.875
96	-260	3715.125
96	-258	3717.0625
96	-256	3719.375
96	-254	3720.5625
96	-252	3721.75
96	-250	3721.75
96	-248	3723.625
96	-246	3726.125
96	-244	3727.4375
96	-242	3728.375
96	-240	3728.875
96	-238	3729.5
96	-236	3731.0625
96	-234	3732
96	-232	3732.9375
96	-230	3734.75
96	-228	3735.4375
96	-226	3736.625
96	-224	3736.625
96	-222	3736.625
96	-220	3739
96	-218	3739.125
96	-216	3740.125
96	-214	3742
96	-212	3741.75
96	-210	3742.4375
96	-208	3742.125
96	-206	3744.375
96	-204	3744.875
96	-202	3745.1875
96	-200	3745.875
96	-198	3747.0625
96	-196	3747.5625
96	-194	3747.3125
96	-192	3748.8125
96	-190	3749.25
96	-188	3749.1875
96	-186	3750.5
96	-184	3751.5625
96	-182	3751.9375
96	-180	3752.4375
96	-178	3753.6875
96	-176	3753.9375
96	-174	3754.875
96	-172	3754.1875
96	-170	3755
96	-168	3756.0625
96	-166	3756
96	-164	3756.25
96	-162	3757.25
96	-160	3757.75
96	-158	3757.875
96	-156	3757.6875
96	-154	3757.75
96	-152	3757.5625
96	-150	3758
96	-148	3759
96	-146	3760.5625
96	-144	3760.5625
96	-142	3760.6875
96	-140	3761.625
96	-138	3761.6875
96	-136	3761.0625
96	-134	3763.0625
96	-132	3762.3125
96	-130	3762.4375
96	-128	3762.6875
96	-126	3762.25
96	-124	3763.6875
96	-122	3763.75
96	-120	3763.875
96	-118	3764.0625
96	-116	3765.375
96	-114	3765.625
96	-112	3764.8125
96	-110	3766.375
96	-108	3767.6875
96	-106	3766.875
96	-104	3766.4375
96	-102	3766.8125
96	-100	3766.8125
96	-98	3767.125
96	-96	3768.6875
96	-94	3768.5625
96	-92	3766.875
96	-90	3767.75
96	-88	3768.875
96	-86	3768.5
96	-84	3768.8125
96	-82	3768
96	-80	3768.375
96	-78	3769.3125
96	-76	3769.75
96	-74	3769.75
96	-72	3770.25
96	-70	3770.3125
96	-68	3771.75
96	-66	3770.375
96	-64	3770.375
96	-62	3770.8125
96	-60	3771
96	-58	3770.4375
96	-56	3771.5625
96	-54	3770.1875
96	-52	3770.875
96	-50	3769.9375
96	-48	3770.6875
96	-46	3770.6875
96	-44	3770.75
96	-42	3771.1875
96	-40	3771.0625
96	-38	3771.375
96	-36	3771.9375
96	-34	3772.8125
96	-32	3771.8125
96	-30	3772.125
96	-28	3770.875
96	-26	3771.5
96	-24	3772.25
96	-22	3772.625
96	-20	3772.375
96	-18	3771.875
96	-16	3772.875
96	-14	3772.625
96	-12	3772.625
96	-10	3772.1875
96	-8	3773.1875
96	-6	3772.125
96	-4	3772.375
96	-2	3772.75
96	0	3773
96	2	3773.8125
96	4	3773
96	6	3773.0625
96	8	3772.875
96	10	3774.5625
96	12	3773.375
96	14	3773
96	16	3773.1875
96	18	3773.1875
96	20	3773.625
96	22	3774.5625
96	24	3773
96	26	3772.5
96	28	3773.0625
96	30	3773.4375
96	32	3773.375
96	34	3773.8125
96	36	3772.875
96	38	3773.125
96	40	3772.6875
96	42	3774.1875
96	44	3773.1875
96	46	3774
96	48	3774.125
96	50	3773.25
96	52	3772.75
96	54	3772.8125
96	56	3773.1875
96	58	3774.3125
96	60	3772.8125
96	62	3773.4375
96	64	3772.4375
96	66	3772.9375
96	68	3774.3125
96	70	3772.8125
96	72	3772.4375
96	74	3772.3125
96	76	3772.125
96	78	3772.9375
96	80	3772.8125
96	82	3773
96	84	3772.6875
96	86	3772.9375
96	88	3772.3125
96	90	3772
96	92	3771.875
96	94	3771.25
96	96	3771.75
96	98	3771.5
100	-290	3689.75
100	-288	3692.0625
100	-286	3694
100	-284	3694.5625
100	-282	3698.1875
100	-280	3699.125
100	-278	3700.5625
100	-276	3702.4375
100	-274	3703.9375
100	-272	3706.5625
100	-270	3708.5
100	-268	3709.8125
100	-266	3710.5625
100	-264	3711.0625
100	-262	3711.75
100	-260	3715.25
100	-258	3715.75
100	-256	3717.75
100	-254	3718.9375
100	-252	3719.8125
100	-250	3720.75
100	-248	3721.375
100	-246	3723.25
100	-244	3722.8125
100	-242	3725.5625
100	-240	3727.5
100	-238	3728.5
100	-236	3729
100	-234	3729.6875
100	-232	3730.3125
100	-230	3730.625
100	-228	3732.75
100	-226	3731.9375
100	-224	3732
100	-222	3732.875
100	-220	3733.8125
100	-218	3735.9375
100	-216	3738.5
100	-214	3736.125
100	-212	3737.8125
100	-210	3738.4375
100	-208	3739
100	-206	3739.125
100	-204	3739.5
100	-202	3740.125
100	-200	3740.9375
100	-198	3741.4375
100	-196	3743.3125
100	-194	3744.0625
100	-192	3744.5
100	-190	3745.625
100	-188	3745.75
100	-186	3746.5
100	-184	3747.5
100	-182	3746.6875
100	-180	3745.75
100	-178	3746.6875
100	-176	3748.375
100	-174	3747.625
100	-172	3748.9375
100	-170	3749
100	-168	3749.5625
100	-166	3749.9375
100	-164	3750.4375
100	-162	3751.5625
100	-160	3751.25
100	-158	3752.5625
100	-156	3751.8125
100	-154	3752.4375
100	-152	3752.1875
100	-150	3751.875
100	-148	3752.625
100	-146	3753.1875
100	-144	3752.8125
100	-142	3752.6875
100	-140	3754.4375
100	-138	3754.5625
100	-136	3755.4375
100	-134	3755.75
100	-132	3755.875
100	-130	3756.4375
100	-128	3757.5
100	-126	3755.9375
100	-124	3757.1875
100	-122	3757.1875
100	-120	3758.375
100	-118	3757.4375
100	-116	3758.8125
100	-114	3758.3125
100	-112	3758.6875
100	-110	3759.625
100	-108	3758.1875
100	-106	3758.75
100	-104	3760.3125
100	-102	3759.0625
100	-100	3760.125
100	-98	3760
100	-96	3760.75
100	-94	3760.3125
100	-92	3761.0625
100	-90	3761.0625
100	-88	3761.3125
100	-86	3762.875
100	-84	3761.6875
100	-82	3762.0625
100	-80	3762.4375
100	-78	3762.6875
100	-76	3762.6875
100	-74	3763.25
100	-72	3762.875
100	-70	3764.125
100	-68	3762.9375
100	-66	3764.0625
100	-64	3763.75
100	-62	3764.8125
100	-60	3764.375
100	-58	3765.625
100	-56	3764.8125
100	-54	3764.75
100	-52	3764.1875
100	-50	3765.5
100	-48	3763.9375
100	-46	3765.0625
100	-44	3765.0625
100	-42	3765.625
100	-40	3765.8125
100	-38	3765.1875
100	-36	3766.6875
100	-34	3765.125
100	-32	3765.9375
100	-30	3765.875
100	-28	3764.8125
100	-26	3765
100	-24	3764.75
100	-22	3765
100	-20	3765.125
100	-18	3765.875
100	-16	3765
100	-14	3765.4375
100	-12	3766.25
100	-10	3765.9375
100	-8	3765.5
100	-6	3765.9375
100	-4	3765.6875
100	-2	3766.3125
100	0	3766.375
100	2	3767.125
100	4	3766.0625
100	6	3766.5625
100	8	3765.125
100	10	3766
100	12	3766.0625
100	14	3766.3125
100	16	3766.1875
100	18	3766.375
100	20	3766.6875
100	22	3766
100	24	3765.875
100	26	3765.8125
100	28	3766.5
100	30	3767.125
100	32	3766.9375
100	34	3765.625
100	36	3766.375
100	38	3766.6875
100	40	3765.3125
100	42	3765.875
100	44	3765.3125
100	46	3765.6875
100	48	3765.8125
100	50	3766.25
100	52	3765.1875
100	54	3765.5625
100	56	3765.3125
100	58	3766.1875
100	60	3765.875
100	62	3765.75
100	64	3766.25
100	66	3765.125
100	68	3765.375
100	70	3765.8125
100	72	3765.0625
100	74	3765.0625
100	76	3764.875
100	78	3767.875
100	80	3764.8125
100	82	3765.75
100	84	3765.4375
100	86	3764.6875
100	88	3764.6875
100	90	3764.6875
100	92	3764.625
100	94	3764.5625
100	96	3764.625
100	98	3764.625
104	-290	3691.8125
104	-288	3692.1875
104	-286	3695.125
104	-284	3696.125
104	-282	3696.8125
104	-280	3698.5625
104	-278	3700.75
104	-276	3701.1875
104	-274	3703.625
104	-272	3704.3125
104	-270	3706.25
104	-268	3707.625
104	-266	3708.0625
104	-264	3710.25
104	-262	3712.8125
104	-260	3713.5625
104	-258	3714.875
104	-256	3714.875
104	-254	3715.625
104	-252	3716.875
104	-250	3717.5
104	-248	3717
104	-246	3718.1875
104	-244	3719.4375
104	-242	3720.75
104	-240	3721.25
104	-238	3722.8125
104	-236	3722.5
104	-234	3723.9375
104	-232	3725.4375
104	-230	3724.6875
104	-228	3726.3125
104	-226	3728.4375
104	-224	3728.3125
104	-222	3729.3125
104	-220	3729.3125
104	-218	3729.6875
104	-216	3730.0625
104	-214	3732.75
104	-212	3734.6875
104	-210	3733.5625
104	-208	3734.1875
104	-206	3735.0625
104	-204	3736.25
104	-202	3736.75
104	-200	3737.9375
104	-198	3736.6875
104	-196	3737.5625
104	-194	3737.3125
104	-192	3738.25
104	-190	3738.875
104	-188	3740.1875
104	-186	3739.3125
104	-184	3740.5625
104	-182	3741.0625
104	-180	3741.75
104	-178	3741.875
104	-176	3742.375
104	-174	3742.5
104	-172	3743.5
104	-170	3743.625
104	-168	3745.375
104	-166	3745.125
104	-164	3743.75
104	-162	3743.6875
104	-160	3745.4375
104	-158	3744.75
104	-156	3745.4375
104	-154	3746.625
104	-152	3746
104	-150	3746.625
104	-148	3747.5
104	-146	3747.9375
104	-144	3747.9375
104	-142	3748.125
104	-140	3749.75
104	-138	3748.6875
104	-136	3749.6875
104	-134	3749.3125
104	-132	3749.25
104	-130	3749.25
104	-128	3748.5
104	-126	3750.4375
104	-124	3751.375
104	-122	3750.375
104	-120	3750.5625
104	-118	3751.25
104	-116	3750.625
104	-114	3750.875
104	-112	3751.5
104	-110	3750.9375
104	-108	3751.5625
104	-106	3752.375
104	-104	3753.25
104	-102	3753.25
104	-100	3753.5625
104	-98	3752.8125
104	-96	3752.1875
104	-94	3752.5
104	-92	3752.8125
104	-90	3752
104	-88	3753.3125
104	-86	3753.125
104	-84	3753.4375
104	-82	3753.25
104	-80	3755.1875
104	-78	3754.1875
104	-76	3754.5
104	-74	3754.75
104	-72	3754.6875
104	-70	3754.0625
104	-68	3754
104	-66	3754.375
104	-64	3754.9375
104	-62	3755.625
104	-60	3754.6875
104	-58	3757.5625
104	-56	3755.5625
104	-54	3756.5625
104	-52	3755.75
104	-50	3755.25
104	-48	3755.3125
104	-46	3755.4375
104	-44	3755.5
104	-42	3756.1875
104	-40	3755.4375
104	-38	3756.6875
104	-36	3755.9375
104	-34	3755.9375
104	-32	3756.4375
104	-30	3757.625
104	-28	3756
104	-26	3755.8125
104	-24	3757.5625
104	-22	3756.375
104	-20	3757
104	-18	3761.0625
104	-16	3758
104	-14	3757.4375
104	-12	3757.875
104	-10	3757.5625
104	-8	3757.5625
104	-6	3757.625
104	-4	3757.5625
104	-2	3758.1875
104	0	3757.8125
104	2	3758.4375
104	4	3758.375
104	6	3758.6875
104	8	3758.5625
104	10	3757.9375
104	12	3758.375
104	14	3760.1875
104	16	3758.25
104	18	3758.1875
104	20	3757.9375
104	22	3757.5625
104	24	3758.5625
104	26	3758.3125
104	28	3757.5
104	30	3758.625
104	32	3758.1875
104	34	3758.5625
104	36	3758.0625
104	38	3759.6875
104	40	3758.0625
104	42	3758.4375
104	44	3759.6875
104	46	3758.5625
104	48	3757.5
104	50	3758.375
104	52	3757.4375
104	54	3758.3125
104	56	3758.1875
104	58	3758.125
104	60	3758.125
104	62	3757.9375
104	64	3757.375
104	66	3759.25
104	68	3758.125
104	70	3757.375
104	72	3756.875
104	74	3757.875
104	76	3757.125
104	78	3756.625
104	80	3757.0625
104	82	3757.3125
104	84	3758.0625
104	86	3757.1875
104	88	3756.3125
104	90	3756.4375
104	92	3757.75
104	94	3757.25
104	96	3757
104	98	3755.625
108	-290	3687.9375
108	-288	3688
108	-286	3690.125
108	-284	3691.0625
108	-282	3693.0625
108	-280	3694.1875
108	-278	3696.25
108	-276	3697.0625
108	-274	3697.875
108	-272	3698.6875
108	-270	3699.25
108	-268	3700.5625
108	-266	3700.875
108	-264	3701.875
108	-262	3702.625
108	-260	3705
108	-258	3705.3125
108	-256	3706.625
108	-254	3707.4375
108	-252	3707.8125
108	-250	3710.3125
108	-248	3712.25
108	-246	3710.75
108	-244	3712.6875
108	-242	3712.375
108	-240	3712.1875
108	-238	3714.9375
108	-236	3713.8125
108	-234	3715.1875
108	-232	3717.8125
108	-230	3717.9375
108	-228	3717.375
108	-226	3718.875
108	-224	3718.5
108	-222	3718
108	-220	3720.6875
108	-218	3720.3125
108	-216	3721.75
108	-214	3720.875
108	-212	3723.5
108	-210	3723.4375
108	-208	3724.75
108	-206	3724.5625
108	-204	3724.5
108	-202	3724.5625
108	-200	3725.875
108	-198	3726.3125
108	-196	3726.9375
108	-194	3727.9375
108	-192	3727.5625
108	-190	3727.875
108	-188	3727.6875
108	-186	3731
108	-184	3730.125
108	-182	3730.625
108	-180	3731.1875
108	-178	3730.625
108	-176	3732
108	-174	3732.3125
108	-172	3731.5
108	-170	3731.75
108	-168	3732
108	-166	3733.125
108	-164	3733.5625
108	-162	3734
108	-160	3735.4375
108	-158	3735.4375
108	-156	3735.75
108	-154	3735.5
108	-152	3735.6875
108	-150	3737.375
108	-148	3736.25
108	-146	3737
108	-144	3737.625
108	-142	3738.9375
108	-140	3738.9375
108	-138	3737
108	-136	3737.0625
108	-134	3737.4375
108	-132	3739
108	-130	3738.1875
108	-128	3738.625
108	-126	3739.5
108	-124	3737.75
108	-122	3739.4375
108	-120	3738.25
108	-118	3739.3125
108	-116	3740.6875
108	-114	3740.5
108	-112	3740
108	-110	3739.5625
108	-108	3740.1875
108	-106	3739.5
108	-104	3740.75
108	-102	3741.5
108	-100	3741.4375
108	-98	3741.625
108	-96	3741.25
108	-94	3743.8125
108	-92	3741.4375
108	-90	3742.0625
108	-88	3742.3125
108	-86	3743.0625
108	-84	3742.0625
108	-82	3743.4375
108	-80	3743.125
108	-78	3742.1875
108	-76	3742.0625
108	-74	3743.3125
108	-72	3742.9375
108	-70	3743.75
108	-68	3745.1875
108	-66	3744.0625
108	-64	3742.5
108	-62	3744
108	-60	3742.875
108	-58	3744.0625
108	-56	3743.875
108	-54	3743.375
108	-52	3743.6875
108	-50	3744
108	-48	3743.625
108	-46	3744.125
108	-44	3743.4375
108	-42	3744
108	-40	3743.4375
108	-38	3744.5
108	-36	3745.6875
108	-34	3743.75
108	-32	3744.75
108	-30	3747.9375
108	-28	3745.1875
108	-26	3744.5625
108	-24	3745.1875
108	-22	3744.875
108	-20	3745.1875
108	-18	3744.6875
108	-16	3745.3125
108	-14	3745.5
108	-12	3745.8125
108	-10	3745.8125
108	-8	3746.8125
108	-6	3746.5625
108	-4	3746.5625
108	-2	3746
108	0	3745.875
108	2	3746.625
108	4	3746.1875
108	6	3746.4375
108	8	3748.0625
108	10	3746.4375
108	12	3746.5
108	14	3746.875
108	16	3746.8125
108	18	3746.6875
108	20	3746.375
108	22	3747
108	24	3745.875
108	26	3747.0625
108	28	3746.4375
108	30	3746.0625
108	32	3746.75
108	34	3746.625
108	36	3746.9375
108	38	3746.125
108	40	3747.625
108	42	3745.8125
108	44	3747.4375
108	46	3746.75
108	48	3746.9375
108	50	3746.8125
108	52	3747.0625
108	54	3745.625
108	56	3748.3125
108	58	3747.1875
108	60	3746.375
108	62	3747.5
108	64	3747.8125
108	66	3746.875
108	68	3747.875
108	70	3746.3125
108	72	3746.375
108	74	3746.6875
108	76	3746.4375
108	78	3746.125
108	80	3747.5
108	82	3745.875
108	84	3746.3125
108	86	3745.3125
108	88	3745.625
108	90	3746.1875
108	92	3746.0625
108	94	3745.6875
108	96	3745.375
108	98	3746.125
112	-290	3681.875
112	-288	3683.4375
112	-286	3685.3125
112	-284	3686.375
112	-282	3688.75
112	-280	3688.5625
112	-278	3692
112	-276	3692.375
112	-274	3692.6875
112	-272	3693.375
112	-270	3693.875
112	-268	3695.625
112	-266	3694.6875
112	-264	3697
112	-262	3695.6875
112	-260	3697.6875
112	-258	3697.1875
112	-256	3700.8125
112	-254	3699.3125
112	-252	3700.75
112	-250	3701.75
112	-248	3704.25
112	-246	3704.625
112	-244	3704.875
112	-242	3708.4375
112	-240	3708.6875
112	-238	3708.9375
112	-236	3709.625
112	-234	3710.375
112	-232	3711.5
112	-230	3710.25
112	-228	3711.375
112	-226	3711.8125
112	-224	3712.3125
112	-222	3712.0625
112	-220	3713.1875
112	-218	3713.25
112	-216	3714.5625
112	-214	3715
112	-212	3715.8125
112	-210	3714.875
112	-208	3715.5625
112	-206	3716.875
112	-204	3716.9375
112	-202	3717.375
112	-200	3718.3125
112	-198	3718.9375
112	-196	3720.8125
112	-194	3721.8125
112	-192	3719.4375
112	-190	3721.0625
112	-188	3723.125
112	-186	3721.75
112	-184	3722.1875
112	-182	3721.9375
112	-180	3722
112	-178	3723.75
112	-176	3722.875
112	-174	3722.3125
112	-172	3724.25
112	-170	3724.5625
112	-168	3725.125
112	-166	3728.125
112	-164	3724.25
112	-162	3725.1875
112	-160	3725.0625
112	-158	3725.125
112	-156	3727.4375
112	-154	3726.0625
112	-152	3726
112	-150	3725.75
112	-148	3725.5625
112	-146	3725
112	-144	3726.1875
112	-142	3727
112	-140	3726.875
112	-138	3727.625
112	-136	3728.375
112	-134	3728.375
112	-132	3731
112	-130	3728.625
112	-128	3729.25
112	-126	3729.5625
112	-124	3728.1875
112	-122	3727.5625
112	-120	3729
112	-118	3729.3125
112	-116	3731.625
112	-114	3731.6875
112	-112	3730.0625
112	-110	3733.6875
112	-108	3731.3125
112	-106	3731.9375
112	-104	3730.9375
112	-102	3732
112	-100	3733.375
112	-98	3731.9375
112	-96	3732.5625
112	-94	3733.125
112	-92	3732.9375
112	-90	3732.4375
112	-88	3732.125
112	-86	3734.0625
112	-84	3734.625
112	-82	3734.4375
112	-80	3734.25
112	-78	3734.5
112	-76	3734.0625
112	-74	3734.875
112	-72	3735.5625
112	-70	3734.5
112	-68	3735.5
112	-66	3734.8125
112	-64	3734.75
112	-62	3734.125
112	-60	3734.25
112	-58	3735.1875
112	-56	3736.3125
112	-54	3734.5
112	-52	3735.6875
112	-50	3735
112	-48	3736.4375
112	-46	3735.8125
112	-44	3736.875
112	-42	3735.8125
112	-40	3734.3125
112	-38	3737.6875
112	-36	3736.875
112	-34	3735.5625
112	-32	3736.0625
112	-30	3735.9375
112	-28	3736.125
112	-26	3735.5625
112	-24	3736.5625
112	-22	3738.375
112	-20	3737.125
112	-18	3736
112	-16	3736.5
112	-14	3735.8125
112	-12	3735.0625
112	-10	3735.5
112	-8	3735.3125
112	-6	3736.1875
112	-4	3736.75
112	-2	3736.25
112	0	3737.5
112	2	3737.4375
112	4	3736.5
112	6	3736
112	8	3737
112	10	3735.875
112	12	3738.625
112	14	3736.1875
112	16	3735.8125
112	18	3736.5625
112	20	3736.25
112	22	3736.4375
112	24	3736.0625
112	26	3736.1875
112	28	3736.75
112	30	3736.5625
112	32	3735.9375
112	34	3736.5625
112	36	3737.3125
112	38	3737.3125
112	40	3735.875
112	42	3735.875
112	44	3735.8125
112	46	3737.3125
112	48	3735.9375
112	50	3736.9375
112	52	3737.75
112	54	3736.1875
112	56	3734.875
112	58	3736.6875
112	60	3735
112	62	3735.625
112	64	3735.875
112	66	3734.625
112	68	3735.5
112	70	3735.0625
112	72	3734.625
112	74	3738.25
112	76	3736.125
112	78	3736.0625
112	80	3735.5
112	82	3734.1875
112	84	3733.875
112	86	3734.125
112	88	3735.4375
112	90	3735.5
112	92	3735.6875
112	94	3734.8125
112	96	3735.75
112	98	3736.1875
116	-290	3678.1875
116	-288	3678.75
116	-286	3680.4375
116	-284	3680.3125
116	-282	3681.4375
116	-280	3682.8125
116	-278	3683.6875
116	-276	3688.8125
116	-274	3688.5
116	-272	3686.5625
116	-270	3690.125
116	-268	3688.875
116	-266	3688.5625
116	-264	3691.4375
116	-262	3693.5
116	-260	3693.0625
116	-258	3694
116	-256	3693.875
116	-254	3694.125
116	-252	3694.4375
116	-250	3695.9375
116	-248	3697.625
116	-246	3699.5625
116	-244	3700.0625
116	-242	3700.8125
116	-240	3701.1875
116	-238	3701.6875
116	-236	3702.8125
116	-234	3702.25
116	-232	3702.125
116	-230	3702.875
116	-228	3704.0625
116	-226	3703.5
116	-224	3706.3125
116	-222	3705.3125
116	-220	3704.75
116	-218	3705
116	-216	3705.5625
116	-214	3706.5
116	-212	3705.6875
116	-210	3706.375
116	-208	3709.5
116	-206	3706.5
116	-204	3707.6875
116	-202	3709.8125
116	-200	3709.375
116	-198	3707.4375
116	-196	3709.9375
116	-194	3709
116	-192	3709.8125
116	-190	3711.125
116	-188	3710.625
116	-186	3712.8125
116	-184	3711.8125
116	-182	3711.6875
116	-180	3712.1875
116	-178	3712.75
116	-176	3713
116	-174	3712.6875
116	-172	3714.625
116	-170	3713.9375
116	-168	3715.4375
116	-166	3717.375
116	-164	3717.25
116	-162	3716.1875
116	-160	3717.4375
116	-158	3718.1875
116	-156	3717.5
116	-154	3718
116	-152	3719
116	-150	3719.5625
116	-148	3718.75
116	-146	3717.4375
116	-144	3718.1875
116	-142	3719.25
116	-140	3720.3125
116	-138	3720.75
116	-136	3718.5
116	-134	3718.5
116	-132	3720.9375
116	-130	3719.3125
116	-128	3719.4375
116	-126	3719.4375
116	-124	3721
116	-122	3719.0625
116	-120	3720.625
116	-118	3720.0625
116	-116	3719.5625
116	-114	3723
116	-112	3720.4375
116	-110	3722.5625
116	-108	3720
116	-106	3721.1875
116	-104	3721.125
116	-102	3720.5625
116	-100	3720.5625
116	-98	3721.1875
116	-96	3721.3125
116	-94	3723.1875
116	-92	3722.9375
116	-90	3722.4375
116	-88	3722.6875
116	-86	3722.125
116	-84	3723.0625
116	-82	3722.875
116	-80	3724.8125
116	-78	3722.9375
116	-76	3723.5
116	-74	3727.1875
116	-72	3725.25
116	-70	3723.5625
116	-68	3724.9375
116	-66	3726.375
116	-64	3725.25
116	-62	3724.625
116	-60	3725.125
116	-58	3724
116	-56	3724.625
116	-54	3725.875
116	-52	3725.6875
116	-50	3726.0625
116	-48	3725.4375
116	-46	3725.625
116	-44	3725.625
116	-42	3726.1875
116	-40	3726.625
116	-38	3726.6875
116	-36	3726.25
116	-34	3726.5625
116	-32	3726.75
116	-30	3726.125
116	-28	3727.375
116	-26	3726.25
116	-24	3726.9375
116	-22	3727.125
116	-20	3725.75
116	-18	3727.4375
116	-16	3726.6875
116	-14	3727.625
116	-12	3727.9375
116	-10	3726.125
116	-8	3725.625
116	-6	3726.75
116	-4	3726.8125
116	-2	3728.5
116	0	3729.4375
116	2	3727.875
116	4	3727.75
116	6	3726.4375
116	8	3725.625
116	10	3725.0625
116	12	3725.625
116	14	3725.625
116	16	3726.5
116	18	3725.3125
116	20	3725.875
116	22	3726.1875
116	24	3726.75
116	26	3725.6875
116	28	3726.9375
116	30	3725.5
116	32	3723.875
116	34	3726.0625
116	36	3724.75
116	38	3725.9375
116	40	3724.8125
116	42	3725.8125
116	44	3727.5
116	46	3726.0625
116	48	3725.625
116	50	3726.8125
116	52	3726.375
116	54	3726.3125
116	56	3726.625
116	58	3730.4375
116	60	3724.8125
116	62	3725.4375
116	64	3726.375
116	66	3724.8125
116	68	3725.25
116	70	3724.6875
116	72	3725.25
116	74	3723.8125
116	76	3725.25
116	78	3725.0625
116	80	3725.125
116	82	3724.6875
116	84	3724.25
116	86	3725.6875
116	88	3724.125
116	90	3725.0625
116	92	3724.375
116	94	3725.1875
116	96	3724.3125
116	98	3723.25
120	-290	3655.25
120	-288	3655.5
120	-286	3655.4375
120	-284	3656
120	-282	3656.5625
120	-280	3657.375
120	-278	3660.25
120	-276	3659.9375
120	-274	3660.125
120	-272	3661.125
120	-270	3661.6875
120	-268	3661.3125
120	-266	3664.0625
120	-264	3661.9375
120	-262	3663.25
120	-260	3664.3125
120	-258	3666.4375
120	-256	3663.5
120	-254	3663.9375
120	-252	3667.9375
120	-250	3666.0625
120	-248	3666.5
120	-246	3665.9375
120	-244	3668.25
120	-242	3667.25
120	-240	3667.375
120	-238	3668.6875
120	-236	3671.125
120	-234	3670.0625
120	-232	3671.125
120	-230	3674.4375
120	-228	3671.375
120	-226	3673.9375
120	-224	3672.0625
120	-222	3673.4375
120	-220	3673.8125
120	-218	3675.9375
120	-216	3674.3125
120	-214	3677.75
120	-212	3676.875
120	-210	3679.0625
120	-208	3678.6875
120	-206	3679
120	-204	3678.25
120	-202	3678.8125
120	-200	3678.5625
120	-198	3680.375
120	-196	3680.625
120	-194	3683.1875
120	-192	3682.625
120	-190	3682.0625
120	-188	3681.1875
120	-186	3681.8125
120	-184	3685.25
120	-182	3683.75
120	-180	3685
120	-178	3686.625
120	-176	3688.4375
120	-174	3683.0625
120	-172	3683.8125
120	-170	3683.0625
120	-168	3682.5
120	-166	3685.6875
120	-164	3683.625
120	-162	3683.9375
120	-160	3684.625
120	-158	3685.25
120	-156	3684.9375
120	-154	3684.4375
120	-152	3685.625
120	-150	3685.0625
120	-148	3689.8125
120	-146	3687.625
120	-144	3686.4375
120	-142	3689.6875
120	-140	3686.4375
120	-138	3687.0625
120	-136	3687.9375
120	-134	3687.625
120	-132	3689
120	-130	3688.75
120	-128	3688.3125
120	-126	3689.75
120	-124	3689.25
120	-122	3692.625
120	-120	3691.25
120	-118	3690.25
120	-116	3690.4375
120	-114	3694.5
120	-112	3692.25
120	-110	3690.625
120	-108	3694.375
120	-106	3691.75
120	-104	3691.1875
120	-102	3691.0625
120	-100	3691.1875
120	-98	3691.0625
120	-96	3690.8125
120	-94	3691.75
120	-92	3693.4375
120	-90	3691.5
120	-88	3695.125
120	-86	3691.9375
120	-84	3690.6875
120	-82	3693.6875
120	-80	3693.0625
120	-78	3693
120	-76	3693.3125
120	-74	3691.8125
120	-72	3691.3125
120	-70	3692.375
120	-68	3691.375
120	-66	3693.875
120	-64	3693.6875
120	-62	3692.8125
120	-60	3695.9375
120	-58	3693.375
120	-56	3693.4375
120	-54	3694.125
120	-52	3695.75
120	-50	3697.3125
120	-48	3695.625
120	-46	3696
120	-44	3696.6875
120	-42	3697.3125
120	-40	3694.4375
120	-38	3695.875
120	-36	3696.375
120	-34	3695.625
120	-32	3696.375
120	-30	3695.0625
120	-28	3696.5625
120	-26	3695.75
120	-24	3698.75
120	-22	3698.5625
120	-20	3699
120	-18	3697.25
120	-16	3702.3125
120	-14	3696.6875
120	-12	3698.5
120	-10	3697.6875
120	-8	3697.625
120	-6	3698.0625
120	-4	3696.75
120	-2	3696.8125
120	0	3698.1875
120	2	3697.8125
120	4	3698.5625
120	6	3697.9375
120	8	3697.375
120	10	3697.6875
120	12	3697.375
120	14	3697.375
120	16	3697.0625
120	18	3695.6875
120	20	3695.375
120	22	3698.125
120	24	3696.4375
120	26	3696
120	28	3696.625
120	30	3696.6875
120	32	3695.8125
120	34	3696.25
120	36	3696.5625
120	38	3699.8125
120	40	3697
120	42	3697.3125
120	44	3694.9375
120	46	3694.3125
120	48	3696.5625
120	50	3698.1875
120	52	3695.8125
120	54	3695.125
120	56	3693.5
120	58	3694.5625
120	60	3695.6875
120	62	3696.5625
120	64	3695
120	66	3697.25
120	68	3695.25
120	70	3695.75
120	72	3696.9375
120	74	3695.0625
120	76	3696.5
120	78	3695.375
120	80	3695.1875
120	82	3694.375
120	84	3696.8125
120	86	3695.625
120	88	3695.6875
120	90	3695.4375
120	92	3694.125
120	94	3695.5625
120	96	3695.375
120	98	3693.875
