64	-290	3854.988525390625
64	-288	3856.9677734375
64	-286	3858.70947265625
64	-284	3860.573486328125
64	-282	3862.5234375
64	-280	3864.352783203125
64	-278	3866.233642578125
64	-276	3867.848876953125
64	-274	3869.6982421875
64	-272	3871.447265625
64	-270	3873.197998046875
64	-268	3874.97705078125
64	-266	3876.705810546875
64	-264	3878.4599609375
64	-262	3880.276611328125
64	-260	3881.880126953125
64	-258	3883.5634765625
64	-256	3885.183349609375
64	-254	3886.87744140625
64	-252	3888.611083984375
64	-250	3890.23681640625
64	-248	3891.856201171875
64	-246	3893.46630859375
64	-244	3895.099853515625
64	-242	3896.587646484375
64	-240	3898.23388671875
64	-238	3899.758544921875
64	-236	3901.317626953125
64	-234	3902.73095703125
64	-232	3904.33984375
64	-230	3905.724609375
64	-228	3907.190673828125
64	-226	3908.567626953125
64	-224	3909.984619140625
64	-222	3911.40283203125
64	-220	3912.783447265625
64	-218	3914.21826171875
64	-216	3915.47802734375
64	-214	3916.75732421875
64	-212	3918.01953125
64	-210	3919.271484375
64	-208	3920.434326171875
64	-206	3921.651123046875
64	-204	3922.843994140625
64	-202	3923.948974609375
64	-200	3925.062255859375
64	-198	3926.193603515625
64	-196	3927.1923828125
64	-194	3928.19873046875
64	-192	3929.202880859375
64	-190	3930.171630859375
64	-188	3931.059814453125
64	-186	3931.948486328125
64	-184	3932.830322265625
64	-182	3933.68505859375
64	-180	3934.499267578125
64	-178	3935.319091796875
64	-176	3936.06787109375
64	-174	3936.813232421875
64	-172	3937.53466796875
64	-170	3938.1787109375
64	-168	3938.814208984375
64	-166	3939.447998046875
64	-164	3940.106689453125
64	-162	3940.69140625
64	-160	3941.281494140625
64	-158	3941.914794921875
64	-156	3942.4755859375
64	-154	3943.0341796875
64	-152	3943.5546875
64	-150	3944.08203125
64	-148	3944.609375
64	-146	3945.03662109375
64	-144	3945.496337890625
64	-142	3946.00830078125
64	-140	3946.433837890625
64	-138	3946.90087890625
64	-136	3947.308349609375
64	-134	3947.724365234375
64	-132	3948.043701171875
64	-130	3948.41455078125
64	-128	3948.78955078125
64	-126	3949.150146484375
64	-124	3949.506103515625
64	-122	3949.85107421875
64	-120	3950.156982421875
64	-118	3950.496337890625
64	-116	3950.806640625
64	-114	3951.114990234375
64	-112	3951.399169921875
64	-110	3951.732666015625
64	-108	3951.9541015625
64	-106	3952.238525390625
64	-104	3952.47021484375
64	-102	3952.72802734375
64	-100	3952.982421875
64	-98	3953.2236328125
64	-96	3953.4794921875
64	-94	3953.7021484375
64	-92	3953.8759765625
64	-90	3954.12841796875
64	-88	3954.33447265625
64	-86	3954.537109375
64	-84	3954.751953125
64	-82	3954.896240234375
64	-80	3955.128662109375
64	-78	3955.2744140625
64	-76	3955.454833984375
64	-74	3955.635986328125
64	-72	3955.787841796875
64	-70	3955.9755859375
64	-68	3956.11767578125
64	-66	3956.265625
64	-64	3956.414794921875
64	-62	3956.562744140625
64	-60	3956.681396484375
64	-58	3956.8251953125
64	-56	3956.911376953125
64	-54	3957.014892578125
64	-52	3957.13818359375
64	-50	3957.268310546875
64	-48	3957.39306640625
64	-46	3957.49462890625
64	-44	3957.64453125
64	-42	3957.756591796875
64	-40	3957.818359375
64	-38	3957.8798828125
64	-36	3957.973388671875
64	-34	3958.055419921875
64	-32	3958.123046875
64	-30	3958.192626953125
64	-28	3958.293212890625
64	-26	3958.333251953125
64	-24	3958.406494140625
64	-22	3958.51171875
64	-20	3958.563720703125
64	-18	3958.608642578125
64	-16	3958.67333984375
64	-14	3958.6982421875
64	-12	3958.77587890625
64	-10	3958.803466796875
64	-8	3958.84423828125
64	-6	3958.8642578125
64	-4	3958.906494140625
64	-2	3958.91650390625
64	0	3958.939697265625
64	2	3958.972412109375
64	4	3958.979248046875
64	6	3958.98291015625
64	8	3958.998046875
64	10	3959.005126953125
64	12	3959.0458984375
64	14	3959.0205078125
64	16	3959.02880859375
64	18	3959.0361328125
64	20	3959.02490234375
64	22	3958.997802734375
64	24	3959.03125
64	26	3958.998779296875
64	28	3958.983154296875
64	30	3958.96337890625
64	32	3958.947998046875
64	34	3958.899658203125
64	36	3958.85595703125
64	38	3958.862548828125
64	40	3958.807373046875
64	42	3958.81982421875
64	44	3958.74072265625
64	46	3958.711669921875
64	48	3958.669189453125
64	50	3958.621826171875
64	52	3958.571044921875
64	54	3958.523681640625
64	56	3958.490966796875
64	58	3958.431396484375
64	60	3958.399658203125
64	62	3958.3603515625
64	64	3958.302978515625
64	66	3958.269287109375
64	68	3958.193359375
64	70	3958.121826171875
64	72	3958.096435546875
64	74	3957.99560546875
64	76	3957.93212890625
64	78	3957.84765625
64	80	3957.78125
64	82	3957.74072265625
64	84	3957.657470703125
64	86	3957.541015625
64	88	3957.458984375
64	90	3957.37255859375
64	92	3957.259521484375
64	94	3957.13525390625
64	96	3957.030517578125
64	98	3956.7509765625
68	-290	3855.021728515625
68	-288	3856.89453125
68	-286	3858.7919921875
68	-284	3860.693359375
68	-282	3862.667236328125
68	-280	3864.55078125
68	-278	3866.400390625
68	-276	3868.17138671875
68	-274	3869.9296875
68	-272	3871.65869140625
68	-270	3873.578857421875
68	-268	3875.19921875
68	-266	3876.916748046875
68	-264	3878.653076171875
68	-262	3880.344970703125
68	-260	3881.97265625
68	-258	3883.681396484375
68	-256	3885.231689453125
68	-254	3886.91748046875
68	-252	3888.638427734375
68	-250	3890.3388671875
68	-248	3892.06982421875
68	-246	3893.670654296875
68	-244	3895.13037109375
68	-242	3896.66943359375
68	-240	3898.22314453125
68	-238	3899.689453125
68	-236	3901.27880859375
68	-234	3902.742919921875
68	-232	3904.25439453125
68	-230	3905.6689453125
68	-228	3907.0556640625
68	-226	3908.47314453125
68	-224	3910.014404296875
68	-222	3911.365478515625
68	-220	3912.59375
68	-218	3913.968505859375
68	-216	3915.30712890625
68	-214	3916.57568359375
68	-212	3917.82666015625
68	-210	3919.06396484375
68	-208	3920.260986328125
68	-206	3921.379150390625
68	-204	3922.47216796875
68	-202	3923.587158203125
68	-200	3924.6865234375
68	-198	3925.735595703125
68	-196	3926.733642578125
68	-194	3927.7568359375
68	-192	3928.719482421875
68	-190	3929.664794921875
68	-188	3930.57080078125
68	-186	3931.418701171875
68	-184	3932.2626953125
68	-182	3933.1435546875
68	-180	3933.937255859375
68	-178	3934.72314453125
68	-176	3935.469482421875
68	-174	3936.219482421875
68	-172	3936.932373046875
68	-170	3937.61767578125
68	-168	3938.263427734375
68	-166	3938.900390625
68	-164	3939.53955078125
68	-162	3940.12060546875
68	-160	3940.666259765625
68	-158	3941.22607421875
68	-156	3941.759521484375
68	-154	3942.31591796875
68	-152	3942.845703125
68	-150	3943.315185546875
68	-148	3943.79443359375
68	-146	3944.27490234375
68	-144	3944.66455078125
68	-142	3945.116455078125
68	-140	3945.5576171875
68	-138	3945.97900390625
68	-136	3946.393798828125
68	-134	3946.775390625
68	-132	3947.175048828125
68	-130	3947.6005859375
68	-128	3947.901611328125
68	-126	3948.252197265625
68	-124	3948.594482421875
68	-122	3948.92041015625
68	-120	3949.24951171875
68	-118	3949.56591796875
68	-116	3949.84033203125
68	-114	3950.150146484375
68	-112	3950.446044921875
68	-110	3950.73779296875
68	-108	3951.032958984375
68	-106	3951.281005859375
68	-104	3951.5263671875
68	-102	3951.771728515625
68	-100	3951.9794921875
68	-98	3952.163330078125
68	-96	3952.423583984375
68	-94	3952.66162109375
68	-92	3952.875244140625
68	-90	3953.090087890625
68	-88	3953.268310546875
68	-86	3953.47900390625
68	-84	3953.666748046875
68	-82	3953.8955078125
68	-80	3954.01123046875
68	-78	3954.2265625
68	-76	3954.35107421875
68	-74	3954.508544921875
68	-72	3954.67431640625
68	-70	3954.8740234375
68	-68	3955.01708984375
68	-66	3955.13916015625
68	-64	3955.273193359375
68	-62	3955.422607421875
68	-60	3955.583740234375
68	-58	3955.684326171875
68	-56	3955.83349609375
68	-54	3955.9501953125
68	-52	3956.043212890625
68	-50	3956.16796875
68	-48	3956.276611328125
68	-46	3956.37451171875
68	-44	3956.4951171875
68	-42	3956.55712890625
68	-40	3956.6669921875
68	-38	3956.75634765625
68	-36	3956.830078125
68	-34	3956.890869140625
68	-32	3956.963134765625
68	-30	3957.04443359375
68	-28	3957.17626953125
68	-26	3957.208251953125
68	-24	3957.281005859375
68	-22	3957.37109375
68	-20	3957.4228515625
68	-18	3957.478271484375
68	-16	3957.484619140625
68	-14	3957.534423828125
68	-12	3957.61376953125
68	-10	3957.65576171875
68	-8	3957.71923828125
68	-6	3957.708984375
68	-4	3957.74267578125
68	-2	3957.779541015625
68	0	3957.799072265625
68	2	3957.824462890625
68	4	3957.854736328125
68	6	3957.83251953125
68	8	3957.868408203125
68	10	3957.873779296875
68	12	3957.885009765625
68	14	3957.89892578125
68	16	3957.847900390625
68	18	3957.8876953125
68	20	3957.85546875
68	22	3957.822509765625
68	24	3957.826416015625
68	26	3957.82275390625
68	28	3957.834716796875
68	30	3957.802978515625
68	32	3957.800537109375
68	34	3957.788330078125
68	36	3957.781982421875
68	38	3957.713623046875
68	40	3957.6904296875
68	42	3957.665283203125
68	44	3957.618408203125
68	46	3957.57373046875
68	48	3957.578369140625
68	50	3957.530029296875
68	52	3957.507080078125
68	54	3957.456298828125
68	56	3957.413818359375
68	58	3957.377685546875
68	60	3957.312255859375
68	62	3957.20947265625
68	64	3957.18310546875
68	66	3957.134033203125
68	68	3957.050048828125
68	70	3957.019775390625
68	72	3956.9501953125
68	74	3956.884033203125
68	76	3956.80859375
68	78	3956.795654296875
68	80	3956.720703125
68	82	3956.662353515625
68	84	3956.594970703125
68	86	3956.5068359375
68	88	3956.4287109375
68	90	3956.313232421875
68	92	3956.21533203125
68	94	3956.058837890625
68	96	3955.897705078125
68	98	3955.680419921875
72	-290	3855.824462890625
72	-288	3857.6708984375
72	-286	3859.435791015625
72	-284	3861.2001953125
72	-282	3863.0361328125
72	-280	3864.975830078125
72	-278	3866.7666015625
72	-276	3868.72314453125
72	-274	3870.443359375
72	-272	3872.185546875
72	-270	3874.03271484375
72	-268	3875.720947265625
72	-266	3877.438232421875
72	-264	3879.193115234375
72	-262	3880.828369140625
72	-260	3882.401611328125
72	-258	3884.147216796875
72	-256	3885.7890625
72	-254	3887.40673828125
72	-252	3889.068603515625
72	-250	3890.6884765625
72	-248	3892.224853515625
72	-246	3893.78369140625
72	-244	3895.383544921875
72	-242	3896.935302734375
72	-240	3898.50830078125
72	-238	3899.968505859375
72	-236	3901.46875
72	-234	3902.939453125
72	-232	3904.366455078125
72	-230	3905.779052734375
72	-228	3907.1494140625
72	-226	3908.55078125
72	-224	3909.945068359375
72	-222	3911.380126953125
72	-220	3912.716796875
72	-218	3913.942138671875
72	-216	3915.221923828125
72	-214	3916.453857421875
72	-212	3917.666015625
72	-210	3918.806640625
72	-208	3920.01171875
72	-206	3921.166015625
72	-204	3922.2783203125
72	-202	3923.3056640625
72	-200	3924.35888671875
72	-198	3925.328125
72	-196	3926.3115234375
72	-194	3927.31201171875
72	-192	3928.279541015625
72	-190	3929.1474609375
72	-188	3930.05517578125
72	-186	3930.84912109375
72	-184	3931.672607421875
72	-182	3932.3916015625
72	-180	3933.149169921875
72	-178	3933.85302734375
72	-176	3934.576171875
72	-174	3935.326416015625
72	-172	3936.021240234375
72	-170	3936.6279296875
72	-168	3937.271484375
72	-166	3937.868896484375
72	-164	3938.43505859375
72	-162	3939.00146484375
72	-160	3939.61865234375
72	-158	3940.156982421875
72	-156	3940.675537109375
72	-154	3941.217041015625
72	-152	3941.7470703125
72	-150	3942.19921875
72	-148	3942.635009765625
72	-146	3943.091796875
72	-144	3943.532958984375
72	-142	3943.977294921875
72	-140	3944.39697265625
72	-138	3944.764404296875
72	-136	3945.1708984375
72	-134	3945.50927734375
72	-132	3945.898193359375
72	-130	3946.27880859375
72	-128	3946.61767578125
72	-126	3946.934814453125
72	-124	3947.22265625
72	-122	3947.6025390625
72	-120	3947.947509765625
72	-118	3948.2294921875
72	-116	3948.50634765625
72	-114	3948.7978515625
72	-112	3949.0751953125
72	-110	3949.375244140625
72	-108	3949.618896484375
72	-106	3949.90576171875
72	-104	3950.15576171875
72	-102	3950.376953125
72	-100	3950.618896484375
72	-98	3950.869873046875
72	-96	3951.0400390625
72	-94	3951.27587890625
72	-92	3951.46533203125
72	-90	3951.672607421875
72	-88	3951.884521484375
72	-86	3952.089111328125
72	-84	3952.257080078125
72	-82	3952.41259765625
72	-80	3952.61962890625
72	-78	3952.76123046875
72	-76	3952.94091796875
72	-74	3953.100830078125
72	-72	3953.274658203125
72	-70	3953.406982421875
72	-68	3953.533203125
72	-66	3953.68310546875
72	-64	3953.792236328125
72	-62	3953.94873046875
72	-60	3954.052734375
72	-58	3954.22314453125
72	-56	3954.310546875
72	-54	3954.433349609375
72	-52	3954.5380859375
72	-50	3954.705322265625
72	-48	3954.746337890625
72	-46	3954.810302734375
72	-44	3954.96875
72	-42	3955.044189453125
72	-40	3955.091796875
72	-38	3955.16650390625
72	-36	3955.248779296875
72	-34	3955.34814453125
72	-32	3955.4501953125
72	-30	3955.552490234375
72	-28	3955.6181640625
72	-26	3955.668701171875
72	-24	3955.750244140625
72	-22	3955.765380859375
72	-20	3955.851806640625
72	-18	3955.927490234375
72	-16	3955.973388671875
72	-14	3956.018310546875
72	-12	3956.07421875
72	-10	3956.064453125
72	-8	3956.12939453125
72	-6	3956.1748046875
72	-4	3956.187255859375
72	-2	3956.1884765625
72	0	3956.1904296875
72	2	3956.2578125
72	4	3956.280517578125
72	6	3956.279541015625
72	8	3956.30322265625
72	10	3956.285888671875
72	12	3956.2998046875
72	14	3956.30810546875
72	16	3956.31591796875
72	18	3956.30908203125
72	20	3956.30419921875
72	22	3956.295654296875
72	24	3956.265625
72	26	3956.29833984375
72	28	3956.275634765625
72	30	3956.3095703125
72	32	3956.24365234375
72	34	3956.207763671875
72	36	3956.153564453125
72	38	3956.1435546875
72	40	3956.122314453125
72	42	3956.11376953125
72	44	3956.09912109375
72	46	3956.05908203125
72	48	3956.024658203125
72	50	3955.998291015625
72	52	3955.951416015625
72	54	3955.9033203125
72	56	3955.833740234375
72	58	3955.81982421875
72	60	3955.760009765625
72	62	3955.715087890625
72	64	3955.70361328125
72	66	3955.6171875
72	68	3955.561279296875
72	70	3955.50830078125
72	72	3955.470458984375
72	74	3955.384765625
72	76	3955.328125
72	78	3955.3056640625
72	80	3955.253662109375
72	82	3955.158935546875
72	84	3955.072998046875
72	86	3955.00341796875
72	88	3954.939453125
72	90	3954.798828125
72	92	3954.71826171875
72	94	3954.61669921875
72	96	3954.4873046875
72	98	3954.234619140625
76	-290	3856.658447265625
76	-288	3858.7412109375
76	-286	3860.506103515625
76	-284	3862.22998046875
76	-282	3864.080078125
76	-280	3865.88427734375
76	-278	3867.672119140625
76	-276	3869.541259765625
76	-274	3871.28564453125
76	-272	3873.0263671875
76	-270	3874.67236328125
76	-268	3876.459228515625
76	-266	3878.1259765625
76	-264	3879.85888671875
76	-262	3881.6005859375
76	-260	3883.24755859375
76	-258	3884.8564453125
76	-256	3886.446533203125
76	-254	3888.004150390625
76	-252	3889.666015625
76	-250	3891.2939453125
76	-248	3892.88330078125
76	-246	3894.39453125
76	-244	3895.955810546875
76	-242	3897.546630859375
76	-240	3899.009765625
76	-238	3900.417236328125
76	-236	3901.8681640625
76	-234	3903.2705078125
76	-232	3904.618408203125
76	-230	3906.001220703125
76	-228	3907.401123046875
76	-226	3908.787841796875
76	-224	3910.123291015625
76	-222	3911.39208984375
76	-220	3912.653564453125
76	-218	3913.940185546875
76	-216	3915.076416015625
76	-214	3916.260009765625
76	-212	3917.29443359375
76	-210	3918.479248046875
76	-208	3919.541259765625
76	-206	3920.5849609375
76	-204	3921.64697265625
76	-202	3922.775390625
76	-200	3923.77197265625
76	-198	3924.636474609375
76	-196	3925.58984375
76	-194	3926.497314453125
76	-192	3927.38916015625
76	-190	3928.2734375
76	-188	3929.082275390625
76	-186	3929.833251953125
76	-184	3930.677490234375
76	-182	3931.367431640625
76	-180	3932.155029296875
76	-178	3932.80224609375
76	-176	3933.451416015625
76	-174	3934.107666015625
76	-172	3934.732666015625
76	-170	3935.333984375
76	-168	3935.935546875
76	-166	3936.501220703125
76	-164	3937.039306640625
76	-162	3937.590087890625
76	-160	3938.15087890625
76	-158	3938.60498046875
76	-156	3939.070556640625
76	-154	3939.600830078125
76	-152	3940.087890625
76	-150	3940.58251953125
76	-148	3941.031005859375
76	-146	3941.4365234375
76	-144	3941.890380859375
76	-142	3942.27783203125
76	-140	3942.702392578125
76	-138	3943.056396484375
76	-136	3943.43017578125
76	-134	3943.826416015625
76	-132	3944.156982421875
76	-130	3944.533203125
76	-128	3944.885986328125
76	-126	3945.21826171875
76	-124	3945.470947265625
76	-122	3945.78515625
76	-120	3946.054931640625
76	-118	3946.370849609375
76	-116	3946.666015625
76	-114	3946.947021484375
76	-112	3947.21435546875
76	-110	3947.510009765625
76	-108	3947.728759765625
76	-106	3947.96337890625
76	-104	3948.196044921875
76	-102	3948.418701171875
76	-100	3948.632080078125
76	-98	3948.89990234375
76	-96	3949.10107421875
76	-94	3949.31787109375
76	-92	3949.4853515625
76	-90	3949.7001953125
76	-88	3949.9072265625
76	-86	3950.108154296875
76	-84	3950.286376953125
76	-82	3950.472412109375
76	-80	3950.61669921875
76	-78	3950.776123046875
76	-76	3950.92919921875
76	-74	3951.0556640625
76	-72	3951.219482421875
76	-70	3951.378173828125
76	-68	3951.551513671875
76	-66	3951.67529296875
76	-64	3951.774169921875
76	-62	3951.91748046875
76	-60	3952.005126953125
76	-58	3952.12744140625
76	-56	3952.276123046875
76	-54	3952.369384765625
76	-52	3952.51220703125
76	-50	3952.589111328125
76	-48	3952.720703125
76	-46	3952.819580078125
76	-44	3952.89208984375
76	-42	3952.93896484375
76	-40	3953.05908203125
76	-38	3953.127685546875
76	-36	3953.19091796875
76	-34	3953.26904296875
76	-32	3953.364990234375
76	-30	3953.4287109375
76	-28	3953.489501953125
76	-26	3953.56640625
76	-24	3953.612548828125
76	-22	3953.6875
76	-20	3953.741455078125
76	-18	3953.80224609375
76	-16	3953.87158203125
76	-14	3953.926025390625
76	-12	3953.9345703125
76	-10	3953.97998046875
76	-8	3954.01220703125
76	-6	3954.068115234375
76	-4	3954.0849609375
76	-2	3954.091064453125
76	0	3954.1181640625
76	2	3954.146484375
76	4	3954.180419921875
76	6	3954.146240234375
76	8	3954.204345703125
76	10	3954.19482421875
76	12	3954.17041015625
76	14	3954.2392578125
76	16	3954.226806640625
76	18	3954.24267578125
76	20	3954.18896484375
76	22	3954.197998046875
76	24	3954.24169921875
76	26	3954.23583984375
76	28	3954.191162109375
76	30	3954.180908203125
76	32	3954.165283203125
76	34	3954.1533203125
76	36	3954.12548828125
76	38	3954.103271484375
76	40	3954.080810546875
76	42	3954.051513671875
76	44	3953.995849609375
76	46	3953.986083984375
76	48	3953.93603515625
76	50	3953.93505859375
76	52	3953.878662109375
76	54	3953.86767578125
76	56	3953.82958984375
76	58	3953.749267578125
76	60	3953.7548828125
76	62	3953.6708984375
76	64	3953.625244140625
76	66	3953.5556640625
76	68	3953.55078125
76	70	3953.456298828125
76	72	3953.425048828125
76	74	3953.34423828125
76	76	3953.2783203125
76	78	3953.224609375
76	80	3953.172607421875
76	82	3953.08837890625
76	84	3953.0048828125
76	86	3952.957763671875
76	88	3952.842529296875
76	90	3952.7685546875
76	92	3952.643310546875
76	94	3952.528564453125
76	96	3952.365478515625
76	98	3952.118896484375
80	-290	3857.808837890625
80	-288	3859.689453125
80	-286	3861.51953125
80	-284	3863.373779296875
80	-282	3865.23095703125
80	-280	3867.012451171875
80	-278	3868.7470703125
80	-276	3870.508544921875
80	-274	3872.17822265625
80	-272	3873.882080078125
80	-270	3875.55224609375
80	-268	3877.231689453125
80	-266	3879.025390625
80	-264	3880.685791015625
80	-262	3882.356201171875
80	-260	3884.044189453125
80	-258	3885.667236328125
80	-256	3887.2998046875
80	-254	3888.94580078125
80	-252	3890.51513671875
80	-250	3892.01123046875
80	-248	3893.52783203125
80	-246	3894.993408203125
80	-244	3896.58837890625
80	-242	3898.06103515625
80	-240	3899.438232421875
80	-238	3900.8173828125
80	-236	3902.2353515625
80	-234	3903.6279296875
80	-232	3904.969970703125
80	-230	3906.2509765625
80	-228	3907.533935546875
80	-226	3908.7900390625
80	-224	3910.024169921875
80	-222	3911.244384765625
80	-220	3912.4013671875
80	-218	3913.554443359375
80	-216	3914.70654296875
80	-214	3915.81787109375
80	-212	3916.853515625
80	-210	3917.94921875
80	-208	3918.97509765625
80	-206	3920.03466796875
80	-204	3921.0234375
80	-202	3921.909912109375
80	-200	3922.80712890625
80	-198	3923.66796875
80	-196	3924.51123046875
80	-194	3925.38525390625
80	-192	3926.23291015625
80	-190	3926.99267578125
80	-188	3927.7373046875
80	-186	3928.445068359375
80	-184	3929.148681640625
80	-182	3929.819091796875
80	-180	3930.476806640625
80	-178	3931.124755859375
80	-176	3931.781982421875
80	-174	3932.32568359375
80	-172	3932.884033203125
80	-170	3933.496337890625
80	-168	3934.015869140625
80	-166	3934.56640625
80	-164	3935.1767578125
80	-162	3935.64501953125
80	-160	3936.150634765625
80	-158	3936.654052734375
80	-156	3937.09619140625
80	-154	3937.517333984375
80	-152	3937.996826171875
80	-150	3938.404052734375
80	-148	3938.83203125
80	-146	3939.21826171875
80	-144	3939.66162109375
80	-142	3939.9755859375
80	-140	3940.355224609375
80	-138	3940.78125
80	-136	3941.123046875
80	-134	3941.45751953125
80	-132	3941.803955078125
80	-130	3942.12744140625
80	-128	3942.42529296875
80	-126	3942.75
80	-124	3943.077392578125
80	-122	3943.339111328125
80	-120	3943.626953125
80	-118	3943.953857421875
80	-116	3944.208251953125
80	-114	3944.483154296875
80	-112	3944.71142578125
80	-110	3944.934326171875
80	-108	3945.20703125
80	-106	3945.420654296875
80	-104	3945.688720703125
80	-102	3945.924072265625
80	-100	3946.095458984375
80	-98	3946.31103515625
80	-96	3946.5615234375
80	-94	3946.701171875
80	-92	3946.921875
80	-90	3947.122314453125
80	-88	3947.302978515625
80	-86	3947.479248046875
80	-84	3947.643310546875
80	-82	3947.806396484375
80	-80	3947.9873046875
80	-78	3948.19482421875
80	-76	3948.339599609375
80	-74	3948.48876953125
80	-72	3948.6494140625
80	-70	3948.723876953125
80	-68	3948.881591796875
80	-66	3949.025390625
80	-64	3949.23486328125
80	-62	3949.282958984375
80	-60	3949.415771484375
80	-58	3949.568603515625
80	-56	3949.62890625
80	-54	3949.769287109375
80	-52	3949.84423828125
80	-50	3949.961181640625
80	-48	3950.0732421875
80	-46	3950.138916015625
80	-44	3950.26171875
80	-42	3950.306640625
80	-40	3950.400146484375
80	-38	3950.531005859375
80	-36	3950.552734375
80	-34	3950.6455078125
80	-32	3950.721923828125
80	-30	3950.74609375
80	-28	3950.814453125
80	-26	3950.84130859375
80	-24	3950.93212890625
80	-22	3951.017333984375
80	-20	3951.04052734375
80	-18	3951.091064453125
80	-16	3951.14990234375
80	-14	3951.188720703125
80	-12	3951.230224609375
80	-10	3951.25244140625
80	-8	3951.31494140625
80	-6	3951.3203125
80	-4	3951.3662109375
80	-2	3951.447021484375
80	0	3951.423828125
80	2	3951.442626953125
80	4	3951.498291015625
80	6	3951.47998046875
80	8	3951.49365234375
80	10	3951.5302734375
80	12	3951.523193359375
80	14	3951.546875
80	16	3951.548095703125
80	18	3951.548095703125
80	20	3951.55517578125
80	22	3951.572021484375
80	24	3951.5478515625
80	26	3951.54052734375
80	28	3951.5078125
80	30	3951.519287109375
80	32	3951.489990234375
80	34	3951.49072265625
80	36	3951.46923828125
80	38	3951.416015625
80	40	3951.448974609375
80	42	3951.380126953125
80	44	3951.36767578125
80	46	3951.321044921875
80	48	3951.32568359375
80	50	3951.248779296875
80	52	3951.173828125
80	54	3951.169921875
80	56	3951.098388671875
80	58	3951.06298828125
80	60	3951.0458984375
80	62	3951.006591796875
80	64	3950.945068359375
80	66	3950.91748046875
80	68	3950.860107421875
80	70	3950.862060546875
80	72	3950.775390625
80	74	3950.703125
80	76	3950.65673828125
80	78	3950.59228515625
80	80	3950.518310546875
80	82	3950.46630859375
80	84	3950.4208984375
80	86	3950.320068359375
80	88	3950.238525390625
80	90	3950.12060546875
80	92	3950.038818359375
80	94	3949.943359375
80	96	3949.79931640625
80	98	3949.53369140625
84	-290	3859.5302734375
84	-288	3861.41943359375
84	-286	3863.115234375
84	-284	3864.950927734375
84	-282	3866.6689453125
84	-280	3868.412841796875
84	-278	3870.07763671875
84	-276	3871.688720703125
84	-274	3873.435791015625
84	-272	3875.072265625
84	-270	3876.85693359375
84	-268	3878.54052734375
84	-266	3880.201904296875
84	-264	3881.9365234375
84	-262	3883.58203125
84	-260	3885.072998046875
84	-258	3886.6435546875
84	-256	3888.1796875
84	-254	3889.63623046875
84	-252	3891.17529296875
84	-250	3892.7021484375
84	-248	3894.14990234375
84	-246	3895.614990234375
84	-244	3897.024169921875
84	-242	3898.468505859375
84	-240	3899.707275390625
84	-238	3901.10693359375
84	-236	3902.40185546875
84	-234	3903.75341796875
84	-232	3905.011962890625
84	-230	3906.237060546875
84	-228	3907.35791015625
84	-226	3908.5615234375
84	-224	3909.6494140625
84	-222	3910.777587890625
84	-220	3911.839599609375
84	-218	3912.919921875
84	-216	3914.037109375
84	-214	3915.03759765625
84	-212	3916.039794921875
84	-210	3916.992431640625
84	-208	3917.910888671875
84	-206	3918.7294921875
84	-204	3919.641845703125
84	-202	3920.515380859375
84	-200	3921.335205078125
84	-198	3922.18115234375
84	-196	3922.90283203125
84	-194	3923.720703125
84	-192	3924.496337890625
84	-190	3925.15966796875
84	-188	3925.842529296875
84	-186	3926.60107421875
84	-184	3927.153564453125
84	-182	3927.767578125
84	-180	3928.3701171875
84	-178	3928.96630859375
84	-176	3929.4951171875
84	-174	3930.1044921875
84	-172	3930.663330078125
84	-170	3931.182373046875
84	-168	3931.65869140625
84	-166	3932.127197265625
84	-164	3932.639404296875
84	-162	3933.163818359375
84	-160	3933.5859375
84	-158	3934.04296875
84	-156	3934.514892578125
84	-154	3934.89697265625
84	-152	3935.337890625
84	-150	3935.718017578125
84	-148	3936.052734375
84	-146	3936.453369140625
84	-144	3936.85498046875
84	-142	3937.185546875
84	-140	3937.587890625
84	-138	3937.869873046875
84	-136	3938.24072265625
84	-134	3938.593505859375
84	-132	3938.843994140625
84	-130	3939.182861328125
84	-128	3939.51220703125
84	-126	3939.76806640625
84	-124	3940.093017578125
84	-122	3940.32666015625
84	-120	3940.61962890625
84	-118	3940.864013671875
84	-116	3941.079345703125
84	-114	3941.367919921875
84	-112	3941.58740234375
84	-110	3941.850341796875
84	-108	3942.06787109375
84	-106	3942.289306640625
84	-104	3942.496826171875
84	-102	3942.691162109375
84	-100	3942.919921875
84	-98	3943.05517578125
84	-96	3943.288818359375
84	-94	3943.506591796875
84	-92	3943.684326171875
84	-90	3943.863525390625
84	-88	3944.0625
84	-86	3944.19873046875
84	-84	3944.367919921875
84	-82	3944.57763671875
84	-80	3944.735107421875
84	-78	3944.906005859375
84	-76	3945.046875
84	-74	3945.170166015625
84	-72	3945.2861328125
84	-70	3945.422607421875
84	-68	3945.603271484375
84	-66	3945.716796875
84	-64	3945.87841796875
84	-62	3945.976318359375
84	-60	3946.084716796875
84	-58	3946.15625
84	-56	3946.289306640625
84	-54	3946.430419921875
84	-52	3946.512451171875
84	-50	3946.56201171875
84	-48	3946.689208984375
84	-46	3946.77880859375
84	-44	3946.92431640625
84	-42	3947.024169921875
84	-40	3947.090087890625
84	-38	3947.15185546875
84	-36	3947.235595703125
84	-34	3947.244873046875
84	-32	3947.374267578125
84	-30	3947.3828125
84	-28	3947.49951171875
84	-26	3947.564697265625
84	-24	3947.574951171875
84	-22	3947.67431640625
84	-20	3947.711669921875
84	-18	3947.744873046875
84	-16	3947.790283203125
84	-14	3947.845458984375
84	-12	3947.8974609375
84	-10	3947.9111328125
84	-8	3948.015380859375
84	-6	3947.987548828125
84	-4	3947.974365234375
84	-2	3948.0458984375
84	0	3948.105224609375
84	2	3948.10693359375
84	4	3948.152099609375
84	6	3948.191162109375
84	8	3948.20556640625
84	10	3948.190185546875
84	12	3948.19921875
84	14	3948.23291015625
84	16	3948.22900390625
84	18	3948.2705078125
84	20	3948.215576171875
84	22	3948.228271484375
84	24	3948.186767578125
84	26	3948.22314453125
84	28	3948.220947265625
84	30	3948.20947265625
84	32	3948.2041015625
84	34	3948.18408203125
84	36	3948.150146484375
84	38	3948.110595703125
84	40	3948.09521484375
84	42	3948.095947265625
84	44	3948.067138671875
84	46	3948.0732421875
84	48	3948.004150390625
84	50	3947.976806640625
84	52	3947.98193359375
84	54	3947.896240234375
84	56	3947.8173828125
84	58	3947.839111328125
84	60	3947.76416015625
84	62	3947.73974609375
84	64	3947.693115234375
84	66	3947.64599609375
84	68	3947.547607421875
84	70	3947.5009765625
84	72	3947.46923828125
84	74	3947.412841796875
84	76	3947.37646484375
84	78	3947.262939453125
84	80	3947.263671875
84	82	3947.17919921875
84	84	3947.1015625
84	86	3947.049560546875
84	88	3946.950439453125
84	90	3946.942138671875
84	92	3946.77197265625
84	94	3946.72119140625
84	96	3946.570068359375
84	98	3946.33251953125
88	-290	3861.33837890625
88	-288	3863.206298828125
88	-286	3864.92822265625
88	-284	3866.68017578125
88	-282	3868.389892578125
88	-280	3870.153564453125
88	-278	3871.813720703125
88	-276	3873.47998046875
88	-274	3875.051025390625
88	-272	3876.65380859375
88	-270	3878.2578125
88	-268	3879.8369140625
88	-266	3881.418212890625
88	-264	3883.024658203125
88	-262	3884.547119140625
88	-260	3886.03564453125
88	-258	3887.478759765625
88	-256	3888.938720703125
88	-254	3890.37255859375
88	-252	3891.860595703125
88	-250	3893.202392578125
88	-248	3894.620849609375
88	-246	3895.9580078125
88	-244	3897.313232421875
88	-242	3898.625732421875
88	-240	3899.860107421875
88	-238	3901.12939453125
88	-236	3902.30322265625
88	-234	3903.419677734375
88	-232	3904.617919921875
88	-230	3905.73388671875
88	-228	3906.80029296875
88	-226	3907.899169921875
88	-224	3908.941650390625
88	-222	3909.93408203125
88	-220	3910.869140625
88	-218	3911.818115234375
88	-216	3912.798828125
88	-214	3913.621826171875
88	-212	3914.5205078125
88	-210	3915.341552734375
88	-208	3916.20849609375
88	-206	3917.008056640625
88	-204	3917.827880859375
88	-202	3918.572998046875
88	-200	3919.275146484375
88	-198	3919.96044921875
88	-196	3920.755615234375
88	-194	3921.41259765625
88	-192	3922.105224609375
88	-190	3922.6904296875
88	-188	3923.316650390625
88	-186	3923.951904296875
88	-184	3924.5673828125
88	-182	3925.1376953125
88	-180	3925.575927734375
88	-178	3926.156982421875
88	-176	3926.658935546875
88	-174	3927.240234375
88	-172	3927.69287109375
88	-170	3928.216064453125
88	-168	3928.614501953125
88	-166	3929.09814453125
88	-164	3929.524169921875
88	-162	3929.98583984375
88	-160	3930.44384765625
88	-158	3930.913818359375
88	-156	3931.217041015625
88	-154	3931.6357421875
88	-152	3932.025634765625
88	-150	3932.388671875
88	-148	3932.75146484375
88	-146	3933.025634765625
88	-144	3933.3916015625
88	-142	3933.734375
88	-140	3934.061767578125
88	-138	3934.427734375
88	-136	3934.7001953125
88	-134	3935.0458984375
88	-132	3935.329833984375
88	-130	3935.6162109375
88	-128	3935.87744140625
88	-126	3936.150390625
88	-124	3936.428955078125
88	-122	3936.693115234375
88	-120	3936.93994140625
88	-118	3937.217529296875
88	-116	3937.40673828125
88	-114	3937.718017578125
88	-112	3937.978515625
88	-110	3938.158935546875
88	-108	3938.359130859375
88	-106	3938.56494140625
88	-104	3938.7900390625
88	-102	3938.9931640625
88	-100	3939.1630859375
88	-98	3939.385009765625
88	-96	3939.549072265625
88	-94	3939.760498046875
88	-92	3939.920654296875
88	-90	3940.111572265625
88	-88	3940.287841796875
88	-86	3940.427490234375
88	-84	3940.599609375
88	-82	3940.747802734375
88	-80	3940.924072265625
88	-78	3941.06982421875
88	-76	3941.236328125
88	-74	3941.359619140625
88	-72	3941.51171875
88	-70	3941.64599609375
88	-68	3941.751708984375
88	-66	3941.899658203125
88	-64	3942.011962890625
88	-62	3942.12255859375
88	-60	3942.2294921875
88	-58	3942.2958984375
88	-56	3942.465576171875
88	-54	3942.537353515625
88	-52	3942.58935546875
88	-50	3942.719482421875
88	-48	3942.81494140625
88	-46	3942.88330078125
88	-44	3942.98779296875
88	-42	3943.1298828125
88	-40	3943.164306640625
88	-38	3943.227294921875
88	-36	3943.286376953125
88	-34	3943.361328125
88	-32	3943.40185546875
88	-30	3943.490234375
88	-28	3943.5263671875
88	-26	3943.610107421875
88	-24	3943.696533203125
88	-22	3943.685302734375
88	-20	3943.755126953125
88	-18	3943.7841796875
88	-16	3943.88525390625
88	-14	3943.93359375
88	-12	3943.95361328125
88	-10	3944.020751953125
88	-8	3944.055419921875
88	-6	3944.05224609375
88	-4	3944.08447265625
88	-2	3944.114501953125
88	0	3944.09521484375
88	2	3944.162353515625
88	4	3944.14794921875
88	6	3944.1552734375
88	8	3944.165771484375
88	10	3944.205810546875
88	12	3944.18212890625
88	14	3944.2099609375
88	16	3944.26123046875
88	18	3944.28271484375
88	20	3944.236572265625
88	22	3944.205810546875
88	24	3944.22119140625
88	26	3944.17626953125
88	28	3944.256591796875
88	30	3944.264892578125
88	32	3944.172607421875
88	34	3944.175048828125
88	36	3944.17724609375
88	38	3944.17041015625
88	40	3944.169677734375
88	42	3944.068603515625
88	44	3944.080810546875
88	46	3944.098876953125
88	48	3944.072265625
88	50	3944.042724609375
88	52	3944.0185546875
88	54	3943.946533203125
88	56	3943.902587890625
88	58	3943.875244140625
88	60	3943.872314453125
88	62	3943.75439453125
88	64	3943.7802734375
88	66	3943.7099609375
88	68	3943.635009765625
88	70	3943.5869140625
88	72	3943.56201171875
88	74	3943.500732421875
88	76	3943.428955078125
88	78	3943.386474609375
88	80	3943.349609375
88	82	3943.296630859375
88	84	3943.19140625
88	86	3943.131103515625
88	88	3943.053955078125
88	90	3943.005859375
88	92	3942.85986328125
88	94	3942.779541015625
88	96	3942.64208984375
88	98	3942.305419921875
92	-290	3863.49609375
92	-288	3865.189208984375
92	-286	3866.880615234375
92	-284	3868.462890625
92	-282	3870.080078125
92	-280	3871.655517578125
92	-278	3873.241455078125
92	-276	3874.797607421875
92	-274	3876.41357421875
92	-272	3877.957275390625
92	-270	3879.41064453125
92	-268	3880.92578125
92	-266	3882.393798828125
92	-264	3883.828857421875
92	-262	3885.302490234375
92	-260	3886.78857421875
92	-258	3888.16650390625
92	-256	3889.5078125
92	-254	3890.833251953125
92	-252	3892.145263671875
92	-250	3893.399169921875
92	-248	3894.658935546875
92	-246	3895.912109375
92	-244	3897.083251953125
92	-242	3898.254638671875
92	-240	3899.340087890625
92	-238	3900.3720703125
92	-236	3901.48291015625
92	-234	3902.573974609375
92	-232	3903.650634765625
92	-230	3904.66162109375
92	-228	3905.50927734375
92	-226	3906.50341796875
92	-224	3907.431396484375
92	-222	3908.345703125
92	-220	3909.215087890625
92	-218	3910.033203125
92	-216	3910.86865234375
92	-214	3911.722412109375
92	-212	3912.465576171875
92	-210	3913.27978515625
92	-208	3913.958984375
92	-206	3914.634033203125
92	-204	3915.377197265625
92	-202	3916.007080078125
92	-200	3916.638671875
92	-198	3917.3203125
92	-196	3917.96826171875
92	-194	3918.57861328125
92	-192	3919.04150390625
92	-190	3919.68408203125
92	-188	3920.250732421875
92	-186	3920.765625
92	-184	3921.322021484375
92	-182	3921.8056640625
92	-180	3922.32373046875
92	-178	3922.85302734375
92	-176	3923.230224609375
92	-174	3923.6376953125
92	-172	3924.076171875
92	-170	3924.603515625
92	-168	3924.93798828125
92	-166	3925.364013671875
92	-164	3925.83203125
92	-162	3926.259521484375
92	-160	3926.63037109375
92	-158	3926.978271484375
92	-156	3927.371826171875
92	-154	3927.740234375
92	-152	3928.093017578125
92	-150	3928.442626953125
92	-148	3928.73046875
92	-146	3929.013427734375
92	-144	3929.313720703125
92	-142	3929.60791015625
92	-140	3929.905517578125
92	-138	3930.26171875
92	-136	3930.57275390625
92	-134	3930.800537109375
92	-132	3931.1318359375
92	-130	3931.446044921875
92	-128	3931.7294921875
92	-126	3931.94775390625
92	-124	3932.152587890625
92	-122	3932.41064453125
92	-120	3932.64599609375
92	-118	3932.91357421875
92	-116	3933.12890625
92	-114	3933.3232421875
92	-112	3933.55224609375
92	-110	3933.7646484375
92	-108	3933.950927734375
92	-106	3934.233154296875
92	-104	3934.34619140625
92	-102	3934.571044921875
92	-100	3934.698486328125
92	-98	3934.93017578125
92	-96	3935.04638671875
92	-94	3935.24462890625
92	-92	3935.406494140625
92	-90	3935.620361328125
92	-88	3935.80419921875
92	-86	3935.892822265625
92	-84	3936.018798828125
92	-82	3936.201416015625
92	-80	3936.319580078125
92	-78	3936.48779296875
92	-76	3936.573974609375
92	-74	3936.754638671875
92	-72	3936.888916015625
92	-70	3936.967041015625
92	-68	3937.14990234375
92	-66	3937.2119140625
92	-64	3937.33984375
92	-62	3937.4462890625
92	-60	3937.540771484375
92	-58	3937.656494140625
92	-56	3937.771728515625
92	-54	3937.849609375
92	-52	3937.899169921875
92	-50	3938.006591796875
92	-48	3938.125
92	-46	3938.21630859375
92	-44	3938.291748046875
92	-42	3938.37109375
92	-40	3938.4697265625
92	-38	3938.55810546875
92	-36	3938.621826171875
92	-34	3938.730712890625
92	-32	3938.7626953125
92	-30	3938.81298828125
92	-28	3938.906982421875
92	-26	3938.95849609375
92	-24	3938.97412109375
92	-22	3939.034912109375
92	-20	3939.091064453125
92	-18	3939.16748046875
92	-16	3939.203857421875
92	-14	3939.2490234375
92	-12	3939.33642578125
92	-10	3939.380126953125
92	-8	3939.3876953125
92	-6	3939.380126953125
92	-4	3939.408203125
92	-2	3939.46240234375
92	0	3939.47998046875
92	2	3939.486572265625
92	4	3939.566650390625
92	6	3939.51708984375
92	8	3939.531494140625
92	10	3939.5556640625
92	12	3939.59033203125
92	14	3939.611083984375
92	16	3939.62548828125
92	18	3939.65576171875
92	20	3939.62060546875
92	22	3939.63037109375
92	24	3939.614501953125
92	26	3939.609619140625
92	28	3939.597412109375
92	30	3939.664794921875
92	32	3939.641845703125
92	34	3939.58544921875
92	36	3939.56201171875
92	38	3939.53271484375
92	40	3939.57421875
92	42	3939.501708984375
92	44	3939.478759765625
92	46	3939.458984375
92	48	3939.4951171875
92	50	3939.4345703125
92	52	3939.376220703125
92	54	3939.323974609375
92	56	3939.2919921875
92	58	3939.298583984375
92	60	3939.2177734375
92	62	3939.21435546875
92	64	3939.172119140625
92	66	3939.13525390625
92	68	3939.0654296875
92	70	3938.9951171875
92	72	3939.022216796875
92	74	3938.96435546875
92	76	3938.88916015625
92	78	3938.895751953125
92	80	3938.86279296875
92	82	3938.77197265625
92	84	3938.6787109375
92	86	3938.59326171875
92	88	3938.546142578125
92	90	3938.483154296875
92	92	3938.385009765625
92	94	3938.2587890625
92	96	3938.111083984375
92	98	3937.78369140625
96	-290	3865.3251953125
96	-288	3866.86279296875
96	-286	3868.466552734375
96	-284	3869.909912109375
96	-282	3871.4599609375
96	-280	3873.02587890625
96	-278	3874.509765625
96	-276	3875.986083984375
96	-274	3877.40380859375
96	-272	3878.919677734375
96	-270	3880.244384765625
96	-268	3881.603759765625
96	-266	3882.970947265625
96	-264	3884.31396484375
96	-262	3885.600341796875
96	-260	3886.97998046875
96	-258	3888.115478515625
96	-256	3889.330322265625
96	-254	3890.510009765625
96	-252	3891.65478515625
96	-250	3892.814208984375
96	-248	3893.911865234375
96	-246	3894.9462890625
96	-244	3896.0693359375
96	-242	3897.10693359375
96	-240	3898.031494140625
96	-238	3898.962158203125
96	-236	3900.06005859375
96	-234	3900.960205078125
96	-232	3901.834228515625
96	-230	3902.757568359375
96	-228	3903.515625
96	-226	3904.453125
96	-224	3905.240478515625
96	-222	3906.03076171875
96	-220	3906.720458984375
96	-218	3907.4794921875
96	-216	3908.135009765625
96	-214	3908.8564453125
96	-212	3909.582763671875
96	-210	3910.199951171875
96	-208	3910.88720703125
96	-206	3911.499755859375
96	-204	3912.16064453125
96	-202	3912.726318359375
96	-200	3913.34130859375
96	-198	3913.852294921875
96	-196	3914.3642578125
96	-194	3914.927734375
96	-192	3915.410400390625
96	-190	3915.92724609375
96	-188	3916.34912109375
96	-186	3916.8720703125
96	-184	3917.2744140625
96	-182	3917.65087890625
96	-180	3918.1826171875
96	-178	3918.62548828125
96	-176	3919.026611328125
96	-174	3919.429931640625
96	-172	3919.857177734375
96	-170	3920.2607421875
96	-168	3920.623779296875
96	-166	3920.994384765625
96	-164	3921.43603515625
96	-162	3921.799560546875
96	-160	3922.117431640625
96	-158	3922.43310546875
96	-156	3922.837646484375
96	-154	3923.182373046875
96	-152	3923.41259765625
96	-150	3923.755615234375
96	-148	3924.02587890625
96	-146	3924.29541015625
96	-144	3924.646728515625
96	-142	3924.977294921875
96	-140	3925.232666015625
96	-138	3925.498779296875
96	-136	3925.717041015625
96	-134	3925.935546875
96	-132	3926.212646484375
96	-130	3926.50830078125
96	-128	3926.733154296875
96	-126	3927.003662109375
96	-124	3927.20947265625
96	-122	3927.416259765625
96	-120	3927.62890625
96	-118	3927.91357421875
96	-116	3928.057373046875
96	-114	3928.236572265625
96	-112	3928.406982421875
96	-110	3928.69580078125
96	-108	3928.908935546875
96	-106	3929.120361328125
96	-104	3929.253173828125
96	-102	3929.433837890625
96	-100	3929.639404296875
96	-98	3929.791015625
96	-96	3929.99853515625
96	-94	3930.156005859375
96	-92	3930.295654296875
96	-90	3930.449951171875
96	-88	3930.64453125
96	-86	3930.77978515625
96	-84	3930.895263671875
96	-82	3931.0751953125
96	-80	3931.220458984375
96	-78	3931.349853515625
96	-76	3931.490234375
96	-74	3931.631103515625
96	-72	3931.822509765625
96	-70	3931.81640625
96	-68	3931.92578125
96	-66	3932.08740234375
96	-64	3932.1640625
96	-62	3932.2578125
96	-60	3932.392578125
96	-58	3932.448486328125
96	-56	3932.637939453125
96	-54	3932.701171875
96	-52	3932.80859375
96	-50	3932.91845703125
96	-48	3932.901611328125
96	-46	3933.004638671875
96	-44	3933.097412109375
96	-42	3933.15576171875
96	-40	3933.216552734375
96	-38	3933.325439453125
96	-36	3933.378173828125
96	-34	3933.420654296875
96	-32	3933.533203125
96	-30	3933.545166015625
96	-28	3933.635498046875
96	-26	3933.727783203125
96	-24	3933.75830078125
96	-22	3933.857666015625
96	-20	3933.93505859375
96	-18	3933.982421875
96	-16	3934.044677734375
96	-14	3933.998779296875
96	-12	3934.13037109375
96	-10	3934.140380859375
96	-8	3934.2119140625
96	-6	3934.175048828125
96	-4	3934.26220703125
96	-2	3934.322021484375
96	0	3934.330322265625
96	2	3934.308837890625
96	4	3934.35693359375
96	6	3934.389404296875
96	8	3934.423828125
96	10	3934.411376953125
96	12	3934.447998046875
96	14	3934.389892578125
96	16	3934.379150390625
96	18	3934.478515625
96	20	3934.415771484375
96	22	3934.470703125
96	24	3934.447998046875
96	26	3934.421142578125
96	28	3934.4365234375
96	30	3934.43359375
96	32	3934.36328125
96	34	3934.397705078125
96	36	3934.394775390625
96	38	3934.325927734375
96	40	3934.3916015625
96	42	3934.37353515625
96	44	3934.3466796875
96	46	3934.29248046875
96	48	3934.322998046875
96	50	3934.2607421875
96	52	3934.219970703125
96	54	3934.202392578125
96	56	3934.192626953125
96	58	3934.15673828125
96	60	3934.16259765625
96	62	3934.066162109375
96	64	3934.057861328125
96	66	3933.987548828125
96	68	3933.91357421875
96	70	3933.922607421875
96	72	3933.849609375
96	74	3933.78125
96	76	3933.736572265625
96	78	3933.693359375
96	80	3933.610595703125
96	82	3933.59716796875
96	84	3933.477294921875
96	86	3933.473388671875
96	88	3933.344482421875
96	90	3933.319091796875
96	92	3933.192138671875
96	94	3933.010498046875
96	96	3932.89794921875
96	98	3932.63916015625
100	-290	3866.766357421875
100	-288	3868.2294921875
100	-286	3869.68505859375
100	-284	3871.033447265625
100	-282	3872.45263671875
100	-280	3873.845947265625
100	-278	3875.16162109375
100	-276	3876.521484375
100	-274	3877.780517578125
100	-272	3879.0419921875
100	-270	3880.29833984375
100	-268	3881.498046875
100	-266	3882.775390625
100	-264	3883.904541015625
100	-262	3885.01025390625
100	-260	3886.207275390625
100	-258	3887.21484375
100	-256	3888.35009765625
100	-254	3889.35498046875
100	-252	3890.360107421875
100	-250	3891.403076171875
100	-248	3892.361328125
100	-246	3893.3134765625
100	-244	3894.190673828125
100	-242	3895.0791015625
100	-240	3895.865478515625
100	-238	3896.79150390625
100	-236	3897.5693359375
100	-234	3898.45263671875
100	-232	3899.162353515625
100	-230	3900.013427734375
100	-228	3900.710693359375
100	-226	3901.342529296875
100	-224	3902.06640625
100	-222	3902.73876953125
100	-220	3903.34423828125
100	-218	3903.939453125
100	-216	3904.55029296875
100	-214	3905.136962890625
100	-212	3905.86279296875
100	-210	3906.4326171875
100	-208	3906.87646484375
100	-206	3907.443359375
100	-204	3907.994140625
100	-202	3908.481201171875
100	-200	3908.976318359375
100	-198	3909.557861328125
100	-196	3909.930419921875
100	-194	3910.38720703125
100	-192	3910.876220703125
100	-190	3911.251220703125
100	-188	3911.667724609375
100	-186	3912.13525390625
100	-184	3912.489990234375
100	-182	3912.928466796875
100	-180	3913.348388671875
100	-178	3913.757568359375
100	-176	3914.1357421875
100	-174	3914.49169921875
100	-172	3914.9033203125
100	-170	3915.16162109375
100	-168	3915.590576171875
100	-166	3915.936279296875
100	-164	3916.19970703125
100	-162	3916.5068359375
100	-160	3916.845947265625
100	-158	3917.25048828125
100	-156	3917.540771484375
100	-154	3917.825439453125
100	-152	3918.0615234375
100	-150	3918.43994140625
100	-148	3918.674560546875
100	-146	3918.906494140625
100	-144	3919.173583984375
100	-142	3919.436767578125
100	-140	3919.68798828125
100	-138	3920.04248046875
100	-136	3920.232421875
100	-134	3920.541259765625
100	-132	3920.69775390625
100	-130	3920.92431640625
100	-128	3921.158447265625
100	-126	3921.302001953125
100	-124	3921.55029296875
100	-122	3921.734619140625
100	-120	3921.97900390625
100	-118	3922.165283203125
100	-116	3922.355712890625
100	-114	3922.53662109375
100	-112	3922.794921875
100	-110	3922.9912109375
100	-108	3923.089599609375
100	-106	3923.30078125
100	-104	3923.539306640625
100	-102	3923.6435546875
100	-100	3923.799560546875
100	-98	3923.991943359375
100	-96	3924.210693359375
100	-94	3924.283935546875
100	-92	3924.357177734375
100	-90	3924.529296875
100	-88	3924.740478515625
100	-86	3924.8447265625
100	-84	3925.057861328125
100	-82	3925.18310546875
100	-80	3925.329833984375
100	-78	3925.46240234375
100	-76	3925.6142578125
100	-74	3925.728759765625
100	-72	3925.788330078125
100	-70	3925.875732421875
100	-68	3925.975341796875
100	-66	3926.10107421875
100	-64	3926.181884765625
100	-62	3926.31298828125
100	-60	3926.402587890625
100	-58	3926.475341796875
100	-56	3926.616943359375
100	-54	3926.702880859375
100	-52	3926.772216796875
100	-50	3926.8603515625
100	-48	3926.900146484375
100	-46	3926.987060546875
100	-44	3927.109375
100	-42	3927.14697265625
100	-40	3927.204833984375
100	-38	3927.385498046875
100	-36	3927.45068359375
100	-34	3927.48876953125
100	-32	3927.531982421875
100	-30	3927.649658203125
100	-28	3927.679443359375
100	-26	3927.7275390625
100	-24	3927.77001953125
100	-22	3927.810546875
100	-20	3927.8515625
100	-18	3927.873779296875
100	-16	3927.88916015625
100	-14	3927.980712890625
100	-12	3928.00634765625
100	-10	3928.059814453125
100	-8	3928.06396484375
100	-6	3928.095703125
100	-4	3928.104248046875
100	-2	3928.1708984375
100	0	3928.2294921875
100	2	3928.21240234375
100	4	3928.2060546875
100	6	3928.25048828125
100	8	3928.279541015625
100	10	3928.289306640625
100	12	3928.2919921875
100	14	3928.281005859375
100	16	3928.32568359375
100	18	3928.305419921875
100	20	3928.256103515625
100	22	3928.299560546875
100	24	3928.351806640625
100	26	3928.3662109375
100	28	3928.38330078125
100	30	3928.353271484375
100	32	3928.317138671875
100	34	3928.286865234375
100	36	3928.261962890625
100	38	3928.274658203125
100	40	3928.2158203125
100	42	3928.248046875
100	44	3928.1923828125
100	46	3928.1669921875
100	48	3928.179931640625
100	50	3928.162353515625
100	52	3928.1572265625
100	54	3928.082763671875
100	56	3928.032470703125
100	58	3928.012939453125
100	60	3927.962890625
100	62	3927.991943359375
100	64	3927.8671875
100	66	3927.837646484375
100	68	3927.837890625
100	70	3927.78076171875
100	72	3927.771484375
100	74	3927.732177734375
100	76	3927.691650390625
100	78	3927.645263671875
100	80	3927.608642578125
100	82	3927.59033203125
100	84	3927.51904296875
100	86	3927.461669921875
100	88	3927.3779296875
100	90	3927.27587890625
100	92	3927.27490234375
100	94	3927.1328125
100	96	3926.970703125
100	98	3926.634033203125
104	-290	3867.205322265625
104	-288	3868.572021484375
104	-286	3869.8125
104	-284	3871.016845703125
104	-282	3872.392333984375
104	-280	3873.54052734375
104	-278	3874.796630859375
104	-276	3875.96044921875
104	-274	3877.030517578125
104	-272	3878.118896484375
104	-270	3879.29736328125
104	-268	3880.285888671875
104	-266	3881.27734375
104	-264	3882.278564453125
104	-262	3883.269775390625
104	-260	3884.222412109375
104	-258	3885.1455078125
104	-256	3886.102783203125
104	-254	3886.826416015625
104	-252	3887.722900390625
104	-250	3888.556396484375
104	-248	3889.367919921875
104	-246	3890.263916015625
104	-244	3891.029296875
104	-242	3891.781005859375
104	-240	3892.5595703125
104	-238	3893.25927734375
104	-236	3893.8857421875
104	-234	3894.466064453125
104	-232	3895.1376953125
104	-230	3895.74658203125
104	-228	3896.509521484375
104	-226	3897.05224609375
104	-224	3897.609619140625
104	-222	3898.23291015625
104	-220	3898.819580078125
104	-218	3899.404052734375
104	-216	3899.9150390625
104	-214	3900.47021484375
104	-212	3900.87060546875
104	-210	3901.387451171875
104	-208	3901.885009765625
104	-206	3902.343505859375
104	-204	3902.794921875
104	-202	3903.252685546875
104	-200	3903.663330078125
104	-198	3904.130615234375
104	-196	3904.50830078125
104	-194	3904.869140625
104	-192	3905.307861328125
104	-190	3905.70751953125
104	-188	3906.143798828125
104	-186	3906.498046875
104	-184	3906.835205078125
104	-182	3907.190185546875
104	-180	3907.611572265625
104	-178	3907.917236328125
104	-176	3908.298828125
104	-174	3908.573974609375
104	-172	3908.966796875
104	-170	3909.200927734375
104	-168	3909.6220703125
104	-166	3909.897216796875
104	-164	3910.192626953125
104	-162	3910.451171875
104	-160	3910.739501953125
104	-158	3910.996337890625
104	-156	3911.18798828125
104	-154	3911.594482421875
104	-152	3911.80078125
104	-150	3912.0732421875
104	-148	3912.382568359375
104	-146	3912.53759765625
104	-144	3912.85546875
104	-142	3913.0810546875
104	-140	3913.277587890625
104	-138	3913.562744140625
104	-136	3913.78857421875
104	-134	3913.994384765625
104	-132	3914.20703125
104	-130	3914.35400390625
104	-128	3914.628173828125
104	-126	3914.813232421875
104	-124	3915.087158203125
104	-122	3915.310302734375
104	-120	3915.48046875
104	-118	3915.590087890625
104	-116	3915.813232421875
104	-114	3915.992919921875
104	-112	3916.167724609375
104	-110	3916.364013671875
104	-108	3916.54248046875
104	-106	3916.7001953125
104	-104	3916.827880859375
104	-102	3916.99072265625
104	-100	3917.208984375
104	-98	3917.289306640625
104	-96	3917.423583984375
104	-94	3917.683837890625
104	-92	3917.78466796875
104	-90	3917.966796875
104	-88	3918.065185546875
104	-86	3918.20361328125
104	-84	3918.2958984375
104	-82	3918.4404296875
104	-80	3918.5439453125
104	-78	3918.72119140625
104	-76	3918.80615234375
104	-74	3918.890625
104	-72	3919.131591796875
104	-70	3919.156494140625
104	-68	3919.27587890625
104	-66	3919.375
104	-64	3919.54345703125
104	-62	3919.53369140625
104	-60	3919.60693359375
104	-58	3919.808349609375
104	-56	3919.873779296875
104	-54	3919.951171875
104	-52	3919.947509765625
104	-50	3920.125732421875
104	-48	3920.22802734375
104	-46	3920.222412109375
104	-44	3920.2998046875
104	-42	3920.465576171875
104	-40	3920.446044921875
104	-38	3920.55712890625
104	-36	3920.624755859375
104	-34	3920.711669921875
104	-32	3920.79443359375
104	-30	3920.8525390625
104	-28	3920.95703125
104	-26	3920.8779296875
104	-24	3920.92578125
104	-22	3920.999755859375
104	-20	3921.086669921875
104	-18	3921.1494140625
104	-16	3921.111083984375
104	-14	3921.1923828125
104	-12	3921.25927734375
104	-10	3921.237548828125
104	-8	3921.27587890625
104	-6	3921.299560546875
104	-4	3921.412353515625
104	-2	3921.3525390625
104	0	3921.384033203125
104	2	3921.455322265625
104	4	3921.536376953125
104	6	3921.435791015625
104	8	3921.47802734375
104	10	3921.527099609375
104	12	3921.498046875
104	14	3921.56494140625
104	16	3921.56494140625
104	18	3921.51611328125
104	20	3921.5595703125
104	22	3921.5556640625
104	24	3921.60595703125
104	26	3921.620849609375
104	28	3921.533447265625
104	30	3921.6513671875
104	32	3921.599365234375
104	34	3921.552001953125
104	36	3921.540771484375
104	38	3921.457275390625
104	40	3921.53466796875
104	42	3921.457275390625
104	44	3921.4404296875
104	46	3921.447021484375
104	48	3921.348876953125
104	50	3921.382080078125
104	52	3921.385986328125
104	54	3921.242431640625
104	56	3921.315185546875
104	58	3921.240234375
104	60	3921.160400390625
104	62	3921.11962890625
104	64	3921.187255859375
104	66	3921.103759765625
104	68	3921.0966796875
104	70	3921.0673828125
104	72	3920.984130859375
104	74	3920.912109375
104	76	3920.879150390625
104	78	3920.8505859375
104	80	3920.895263671875
104	82	3920.8037109375
104	84	3920.676025390625
104	86	3920.670654296875
104	88	3920.582763671875
104	90	3920.512939453125
104	92	3920.424560546875
104	94	3920.361083984375
104	96	3920.1650390625
104	98	3919.849365234375
108	-290	3866.45361328125
108	-288	3867.6337890625
108	-286	3868.70703125
108	-284	3869.740478515625
108	-282	3870.864990234375
108	-280	3871.86083984375
108	-278	3872.831298828125
108	-276	3873.864013671875
108	-274	3874.888671875
108	-272	3875.882568359375
108	-270	3876.687744140625
108	-268	3877.5556640625
108	-266	3878.368408203125
108	-264	3879.258544921875
108	-262	3880.057373046875
108	-260	3880.872314453125
108	-258	3881.635009765625
108	-256	3882.35693359375
108	-254	3883.050537109375
108	-252	3883.9296875
108	-250	3884.59716796875
108	-248	3885.249755859375
108	-246	3885.89501953125
108	-244	3886.50244140625
108	-242	3887.166748046875
108	-240	3887.822509765625
108	-238	3888.3173828125
108	-236	3888.89599609375
108	-234	3889.408447265625
108	-232	3889.984375
108	-230	3890.542236328125
108	-228	3891.086669921875
108	-226	3891.619384765625
108	-224	3892.092529296875
108	-222	3892.54150390625
108	-220	3893.096923828125
108	-218	3893.56787109375
108	-216	3893.995361328125
108	-214	3894.493408203125
108	-212	3894.80322265625
108	-210	3895.34619140625
108	-208	3895.825439453125
108	-206	3896.249755859375
108	-204	3896.618408203125
108	-202	3897.006103515625
108	-200	3897.375244140625
108	-198	3897.72265625
108	-196	3898.099609375
108	-194	3898.482421875
108	-192	3898.84375
108	-190	3899.285400390625
108	-188	3899.596435546875
108	-186	3899.888427734375
108	-184	3900.2861328125
108	-182	3900.576416015625
108	-180	3900.895751953125
108	-178	3901.2666015625
108	-176	3901.605712890625
108	-174	3901.827392578125
108	-172	3902.12841796875
108	-170	3902.427001953125
108	-168	3902.761474609375
108	-166	3903.0087890625
108	-164	3903.2861328125
108	-162	3903.523193359375
108	-160	3903.8994140625
108	-158	3904.11572265625
108	-156	3904.3291015625
108	-154	3904.612548828125
108	-152	3904.80029296875
108	-150	3905.0849609375
108	-148	3905.342041015625
108	-146	3905.581787109375
108	-144	3905.7568359375
108	-142	3906.02294921875
108	-140	3906.238525390625
108	-138	3906.491455078125
108	-136	3906.612548828125
108	-134	3906.8408203125
108	-132	3907.0634765625
108	-130	3907.249267578125
108	-128	3907.46923828125
108	-126	3907.65625
108	-124	3907.854248046875
108	-122	3907.918701171875
108	-120	3908.111328125
108	-118	3908.333740234375
108	-116	3908.559326171875
108	-114	3908.75048828125
108	-112	3908.912109375
108	-110	3909.1494140625
108	-108	3909.19287109375
108	-106	3909.3134765625
108	-104	3909.58349609375
108	-102	3909.7021484375
108	-100	3909.901123046875
108	-98	3910.025146484375
108	-96	3910.121337890625
108	-94	3910.2177734375
108	-92	3910.405029296875
108	-90	3910.44384765625
108	-88	3910.577880859375
108	-86	3910.707763671875
108	-84	3910.836669921875
108	-82	3910.916748046875
108	-80	3911.14501953125
108	-78	3911.126220703125
108	-76	3911.28125
108	-74	3911.44873046875
108	-72	3911.43701171875
108	-70	3911.626953125
108	-68	3911.66748046875
108	-66	3911.72705078125
108	-64	3911.881591796875
108	-62	3911.942626953125
108	-60	3912.171875
108	-58	3912.147705078125
108	-56	3912.197998046875
108	-54	3912.39599609375
108	-52	3912.467041015625
108	-50	3912.53857421875
108	-48	3912.58984375
108	-46	3912.6845703125
108	-44	3912.67578125
108	-42	3912.737548828125
108	-40	3912.83544921875
108	-38	3912.9033203125
108	-36	3912.93896484375
108	-34	3913.065673828125
108	-32	3913.13623046875
108	-30	3913.1748046875
108	-28	3913.220458984375
108	-26	3913.198486328125
108	-24	3913.327880859375
108	-22	3913.328125
108	-20	3913.330810546875
108	-18	3913.437255859375
108	-16	3913.447998046875
108	-14	3913.564453125
108	-12	3913.437255859375
108	-10	3913.628662109375
108	-8	3913.715576171875
108	-6	3913.6669921875
108	-4	3913.640869140625
108	-2	3913.698974609375
108	0	3913.675048828125
108	2	3913.777587890625
108	4	3913.8515625
108	6	3913.80419921875
108	8	3913.889892578125
108	10	3913.813720703125
108	12	3913.814697265625
108	14	3913.8330078125
108	16	3913.888427734375
108	18	3913.81103515625
108	20	3913.781494140625
108	22	3913.86279296875
108	24	3913.8447265625
108	26	3913.787109375
108	28	3913.849853515625
108	30	3913.82763671875
108	32	3913.818359375
108	34	3913.838134765625
108	36	3913.822265625
108	38	3913.89111328125
108	40	3913.861572265625
108	42	3913.854736328125
108	44	3913.83642578125
108	46	3913.826904296875
108	48	3913.802490234375
108	50	3913.78662109375
108	52	3913.80908203125
108	54	3913.806884765625
108	56	3913.696044921875
108	58	3913.71240234375
108	60	3913.705078125
108	62	3913.66748046875
108	64	3913.645263671875
108	66	3913.566162109375
108	68	3913.519287109375
108	70	3913.481201171875
108	72	3913.498779296875
108	74	3913.45263671875
108	76	3913.462890625
108	78	3913.4423828125
108	80	3913.386962890625
108	82	3913.2890625
108	84	3913.26220703125
108	86	3913.227294921875
108	88	3913.14013671875
108	90	3913.090087890625
108	92	3913.06494140625
108	94	3912.935791015625
108	96	3912.739501953125
108	98	3912.376953125
112	-290	3864.002685546875
112	-288	3865.0126953125
112	-286	3865.905517578125
112	-284	3866.888916015625
112	-282	3867.72119140625
112	-280	3868.525146484375
112	-278	3869.347412109375
112	-276	3870.262451171875
112	-274	3870.98828125
112	-272	3871.642578125
112	-270	3872.373046875
112	-268	3873.170166015625
112	-266	3873.854736328125
112	-264	3874.375732421875
112	-262	3875.1142578125
112	-260	3875.851318359375
112	-258	3876.444091796875
112	-256	3877.06787109375
112	-254	3877.6923828125
112	-252	3878.229736328125
112	-250	3878.86083984375
112	-248	3879.483642578125
112	-246	3879.967529296875
112	-244	3880.656982421875
112	-242	3881.16357421875
112	-240	3881.589599609375
112	-238	3882.013427734375
112	-236	3882.492919921875
112	-234	3883.02099609375
112	-232	3883.37646484375
112	-230	3883.78466796875
112	-228	3884.460205078125
112	-226	3884.8779296875
112	-224	3885.21923828125
112	-222	3885.6875
112	-220	3886.0751953125
112	-218	3886.657958984375
112	-216	3886.981689453125
112	-214	3887.42236328125
112	-212	3887.764892578125
112	-210	3888.20556640625
112	-208	3888.54296875
112	-206	3888.910400390625
112	-204	3889.19140625
112	-202	3889.61328125
112	-200	3889.943603515625
112	-198	3890.1826171875
112	-196	3890.66845703125
112	-194	3890.92529296875
112	-192	3891.333251953125
112	-190	3891.56201171875
112	-188	3892.01318359375
112	-186	3892.25537109375
112	-184	3892.67626953125
112	-182	3892.82080078125
112	-180	3893.108154296875
112	-178	3893.468994140625
112	-176	3893.691650390625
112	-174	3894.020263671875
112	-172	3894.223388671875
112	-170	3894.604736328125
112	-168	3894.73486328125
112	-166	3894.998779296875
112	-164	3895.260009765625
112	-162	3895.539306640625
112	-160	3895.743896484375
112	-158	3896.090087890625
112	-156	3896.248291015625
112	-154	3896.457763671875
112	-152	3896.713623046875
112	-150	3896.87646484375
112	-148	3897.13037109375
112	-146	3897.329345703125
112	-144	3897.573486328125
112	-142	3897.837158203125
112	-140	3897.9658203125
112	-138	3898.195556640625
112	-136	3898.24853515625
112	-134	3898.548095703125
112	-132	3898.783203125
112	-130	3898.9326171875
112	-128	3899.096435546875
112	-126	3899.294921875
112	-124	3899.416015625
112	-122	3899.48828125
112	-120	3899.798828125
112	-118	3900.02099609375
112	-116	3900.072265625
112	-114	3900.3271484375
112	-112	3900.51611328125
112	-110	3900.625244140625
112	-108	3900.735107421875
112	-106	3900.88623046875
112	-104	3900.98779296875
112	-102	3901.162353515625
112	-100	3901.247802734375
112	-98	3901.420166015625
112	-96	3901.498291015625
112	-94	3901.680908203125
112	-92	3901.77880859375
112	-90	3901.9326171875
112	-88	3901.931884765625
112	-86	3902.111328125
112	-84	3902.35595703125
112	-82	3902.456298828125
112	-80	3902.49951171875
112	-78	3902.578857421875
112	-76	3902.654541015625
112	-74	3902.889892578125
112	-72	3902.910888671875
112	-70	3903.051025390625
112	-68	3903.15478515625
112	-66	3903.19580078125
112	-64	3903.31103515625
112	-62	3903.380615234375
112	-60	3903.47509765625
112	-58	3903.579345703125
112	-56	3903.637939453125
112	-54	3903.67431640625
112	-52	3903.7685546875
112	-50	3903.79052734375
112	-48	3903.89892578125
112	-46	3903.941650390625
112	-44	3903.983154296875
112	-42	3904.049560546875
112	-40	3904.177734375
112	-38	3904.1982421875
112	-36	3904.326171875
112	-34	3904.305419921875
112	-32	3904.3359375
112	-30	3904.410888671875
112	-28	3904.495849609375
112	-26	3904.572998046875
112	-24	3904.542724609375
112	-22	3904.573974609375
112	-20	3904.67041015625
112	-18	3904.7353515625
112	-16	3904.740234375
112	-14	3904.8095703125
112	-12	3904.822021484375
112	-10	3904.89111328125
112	-8	3904.9560546875
112	-6	3904.977294921875
112	-4	3905.000732421875
112	-2	3904.962646484375
112	0	3904.997314453125
112	2	3905.12841796875
112	4	3905.148193359375
112	6	3905.178955078125
112	8	3905.128662109375
112	10	3905.277587890625
112	12	3905.182861328125
112	14	3905.253662109375
112	16	3905.1884765625
112	18	3905.216552734375
112	20	3905.404052734375
112	22	3905.275634765625
112	24	3905.257568359375
112	26	3905.17724609375
112	28	3905.191650390625
112	30	3905.21826171875
112	32	3905.076416015625
112	34	3905.255126953125
112	36	3905.22021484375
112	38	3905.19775390625
112	40	3905.210205078125
112	42	3905.062255859375
112	44	3905.135986328125
112	46	3905.113525390625
112	48	3905.09765625
112	50	3905.154052734375
112	52	3905.082763671875
112	54	3905.084716796875
112	56	3905.0185546875
112	58	3905.023681640625
112	60	3904.97265625
112	62	3904.95703125
112	64	3904.94775390625
112	66	3904.957275390625
112	68	3904.984130859375
112	70	3904.914794921875
112	72	3904.89501953125
112	74	3904.84912109375
112	76	3904.8076171875
112	78	3904.78466796875
112	80	3904.770263671875
112	82	3904.749755859375
112	84	3904.661376953125
112	86	3904.587646484375
112	88	3904.56884765625
112	90	3904.56396484375
112	92	3904.433349609375
112	94	3904.2900390625
112	96	3904.147216796875
112	98	3903.733154296875
116	-290	3859.5947265625
116	-288	3860.328857421875
116	-286	3860.964111328125
116	-284	3861.738037109375
116	-282	3862.382568359375
116	-280	3863.009033203125
116	-278	3863.79248046875
116	-276	3864.324951171875
116	-274	3865.0166015625
116	-272	3865.6943359375
116	-270	3866.261474609375
116	-268	3866.9560546875
116	-266	3867.464599609375
116	-264	3868.055419921875
116	-262	3868.604248046875
116	-260	3869.0712890625
116	-258	3869.62060546875
116	-256	3870.184326171875
116	-254	3870.64111328125
116	-252	3871.0234375
116	-250	3871.54541015625
116	-248	3872.0087890625
116	-246	3872.475341796875
116	-244	3872.96337890625
116	-242	3873.302978515625
116	-240	3873.73974609375
116	-238	3874.269287109375
116	-236	3874.746337890625
116	-234	3875.119140625
116	-232	3875.533203125
116	-230	3875.92578125
116	-228	3876.395263671875
116	-226	3876.737548828125
116	-224	3877.087890625
116	-222	3877.598388671875
116	-220	3877.915771484375
116	-218	3878.214599609375
116	-216	3878.568359375
116	-214	3879.033203125
116	-212	3879.298583984375
116	-210	3879.720947265625
116	-208	3880.029296875
116	-206	3880.3818359375
116	-204	3880.69775390625
116	-202	3880.97265625
116	-200	3881.300048828125
116	-198	3881.701904296875
116	-196	3881.91015625
116	-194	3882.16162109375
116	-192	3882.46337890625
116	-190	3882.744873046875
116	-188	3882.936767578125
116	-186	3883.31005859375
116	-184	3883.50830078125
116	-182	3883.8818359375
116	-180	3884.042724609375
116	-178	3884.39892578125
116	-176	3884.6337890625
116	-174	3884.94140625
116	-172	3885.1904296875
116	-170	3885.375
116	-168	3885.60302734375
116	-166	3885.859619140625
116	-164	3886.054931640625
116	-162	3886.271240234375
116	-160	3886.554443359375
116	-158	3886.734619140625
116	-156	3886.9111328125
116	-154	3887.123779296875
116	-152	3887.466796875
116	-150	3887.53271484375
116	-148	3887.751220703125
116	-146	3887.993408203125
116	-144	3888.0029296875
116	-142	3888.3505859375
116	-140	3888.40234375
116	-138	3888.58544921875
116	-136	3888.84375
116	-134	3888.96142578125
116	-132	3889.1220703125
116	-130	3889.269287109375
116	-128	3889.45703125
116	-126	3889.626708984375
116	-124	3889.711181640625
116	-122	3889.9443359375
116	-120	3890.17041015625
116	-118	3890.206787109375
116	-116	3890.38720703125
116	-114	3890.493896484375
116	-112	3890.65283203125
116	-110	3890.867919921875
116	-108	3890.936767578125
116	-106	3891.079345703125
116	-104	3891.262451171875
116	-102	3891.381591796875
116	-100	3891.48876953125
116	-98	3891.585693359375
116	-96	3891.837158203125
116	-94	3891.91650390625
116	-92	3892.04248046875
116	-90	3892.066162109375
116	-88	3892.202392578125
116	-86	3892.38720703125
116	-84	3892.4375
116	-82	3892.4775390625
116	-80	3892.5009765625
116	-78	3892.741455078125
116	-76	3892.861572265625
116	-74	3892.89453125
116	-72	3892.99658203125
116	-70	3893.1259765625
116	-68	3893.215576171875
116	-66	3893.273681640625
116	-64	3893.4033203125
116	-62	3893.458984375
116	-60	3893.576171875
116	-58	3893.59912109375
116	-56	3893.616455078125
116	-54	3893.81494140625
116	-52	3893.76318359375
116	-50	3893.866943359375
116	-48	3893.904296875
116	-46	3893.970703125
116	-44	3894.031005859375
116	-42	3894.137451171875
116	-40	3894.158447265625
116	-38	3894.23828125
116	-36	3894.319580078125
116	-34	3894.396484375
116	-32	3894.468017578125
116	-30	3894.4619140625
116	-28	3894.438720703125
116	-26	3894.52880859375
116	-24	3894.656005859375
116	-22	3894.685302734375
116	-20	3894.74609375
116	-18	3894.806640625
116	-16	3894.771728515625
116	-14	3894.856201171875
116	-12	3894.921142578125
116	-10	3894.80908203125
116	-8	3895.0322265625
116	-6	3894.9873046875
116	-4	3895.072509765625
116	-2	3895.07080078125
116	0	3895.01708984375
116	2	3895.059326171875
116	4	3895.120849609375
116	6	3894.964111328125
116	8	3895.0869140625
116	10	3895.15869140625
116	12	3895.12841796875
116	14	3895.042724609375
116	16	3895.0634765625
116	18	3895.13720703125
116	20	3895.148681640625
116	22	3895.198486328125
116	24	3895.19140625
116	26	3895.2099609375
116	28	3895.2177734375
116	30	3895.1533203125
116	32	3895.14208984375
116	34	3895.210205078125
116	36	3895.1806640625
116	38	3895.18994140625
116	40	3895.160400390625
116	42	3895.096435546875
116	44	3895.06494140625
116	46	3895.177001953125
116	48	3895.166259765625
116	50	3895.05126953125
116	52	3895.05078125
116	54	3894.960205078125
116	56	3895.002197265625
116	58	3894.947509765625
116	60	3894.97802734375
116	62	3894.994140625
116	64	3894.91943359375
116	66	3894.817138671875
116	68	3894.855712890625
116	70	3894.771728515625
116	72	3894.81640625
116	74	3894.73583984375
116	76	3894.697509765625
116	78	3894.70947265625
116	80	3894.63427734375
116	82	3894.52099609375
116	84	3894.62353515625
116	86	3894.515625
116	88	3894.451904296875
116	90	3894.48583984375
116	92	3894.35986328125
116	94	3894.25244140625
116	96	3894.092529296875
116	98	3893.83837890625
120	-290	3852.319091796875
120	-288	3853.16357421875
120	-286	3853.67333984375
120	-284	3854.212646484375
120	-282	3854.891357421875
120	-280	3855.321044921875
120	-278	3855.81689453125
120	-276	3856.44970703125
120	-274	3856.93359375
120	-272	3857.622314453125
120	-270	3858.03857421875
120	-268	3858.505859375
120	-266	3859.089111328125
120	-264	3859.440673828125
120	-262	3859.89990234375
120	-260	3860.399658203125
120	-258	3860.913818359375
120	-256	3861.257080078125
120	-254	3861.790283203125
120	-252	3862.182373046875
120	-250	3862.701416015625
120	-248	3863.18408203125
120	-246	3863.454833984375
120	-244	3863.973876953125
120	-242	3864.246826171875
120	-240	3864.6484375
120	-238	3865.064208984375
120	-236	3865.521240234375
120	-234	3865.85009765625
120	-232	3866.285888671875
120	-230	3866.48828125
120	-228	3866.851318359375
120	-226	3867.421142578125
120	-224	3867.749755859375
120	-222	3868.101806640625
120	-220	3868.43017578125
120	-218	3868.770751953125
120	-216	3868.970947265625
120	-214	3869.302978515625
120	-212	3869.670166015625
120	-210	3870.053955078125
120	-208	3870.29736328125
120	-206	3870.583251953125
120	-204	3870.844482421875
120	-202	3871.12646484375
120	-200	3871.4462890625
120	-198	3871.698486328125
120	-196	3871.916748046875
120	-194	3872.270751953125
120	-192	3872.552978515625
120	-190	3872.744873046875
120	-188	3872.94287109375
120	-186	3873.1513671875
120	-184	3873.459228515625
120	-182	3873.639404296875
120	-180	3873.87060546875
120	-178	3874.291748046875
120	-176	3874.427001953125
120	-174	3874.671630859375
120	-172	3874.939208984375
120	-170	3875.12109375
120	-168	3875.304931640625
120	-166	3875.491943359375
120	-164	3875.65869140625
120	-162	3875.905517578125
120	-160	3876.124755859375
120	-158	3876.386962890625
120	-156	3876.5390625
120	-154	3876.615478515625
120	-152	3876.888671875
120	-150	3877.028076171875
120	-148	3877.262939453125
120	-146	3877.38525390625
120	-144	3877.61669921875
120	-142	3877.835205078125
120	-140	3877.955078125
120	-138	3878.14990234375
120	-136	3878.34521484375
120	-134	3878.423583984375
120	-132	3878.62841796875
120	-130	3878.7587890625
120	-128	3878.883056640625
120	-126	3879.113037109375
120	-124	3879.331298828125
120	-122	3879.35400390625
120	-120	3879.597412109375
120	-118	3879.689697265625
120	-116	3879.76708984375
120	-114	3879.91162109375
120	-112	3879.99755859375
120	-110	3880.186279296875
120	-108	3880.29736328125
120	-106	3880.397705078125
120	-104	3880.5498046875
120	-102	3880.553466796875
120	-100	3880.679443359375
120	-98	3880.727294921875
120	-96	3880.88232421875
120	-94	3881.023681640625
120	-92	3881.069580078125
120	-90	3881.279541015625
120	-88	3881.41357421875
120	-86	3881.41162109375
120	-84	3881.626708984375
120	-82	3881.656494140625
120	-80	3881.72265625
120	-78	3881.801513671875
120	-76	3881.916259765625
120	-74	3882.054443359375
120	-72	3882.24267578125
120	-70	3882.2431640625
120	-68	3882.266357421875
120	-66	3882.377197265625
120	-64	3882.446533203125
120	-62	3882.51513671875
120	-60	3882.650390625
120	-58	3882.698486328125
120	-56	3882.772216796875
120	-54	3882.822021484375
120	-52	3883.015380859375
120	-50	3882.9609375
120	-48	3883.1708984375
120	-46	3883.149658203125
120	-44	3883.129638671875
120	-42	3883.191650390625
120	-40	3883.3046875
120	-38	3883.328125
120	-36	3883.327392578125
120	-34	3883.373291015625
120	-32	3883.479248046875
120	-30	3883.620361328125
120	-28	3883.61767578125
120	-26	3883.7373046875
120	-24	3883.8359375
120	-22	3883.81884765625
120	-20	3883.97607421875
120	-18	3883.835205078125
120	-16	3883.8740234375
120	-14	3883.862548828125
120	-12	3883.983154296875
120	-10	3883.89794921875
120	-8	3883.9736328125
120	-6	3884.003173828125
120	-4	3884.00390625
120	-2	3884.119384765625
120	0	3884.07568359375
120	2	3884.140380859375
120	4	3884.0361328125
120	6	3884.078125
120	8	3884.155029296875
120	10	3884.184326171875
120	12	3884.244873046875
120	14	3884.20654296875
120	16	3884.157958984375
120	18	3884.28466796875
120	20	3884.18408203125
120	22	3884.112060546875
120	24	3884.218505859375
120	26	3884.341796875
120	28	3884.221435546875
120	30	3884.377197265625
120	32	3884.34326171875
120	34	3884.29296875
120	36	3884.29052734375
120	38	3884.232666015625
120	40	3884.32666015625
120	42	3884.2314453125
120	44	3884.3017578125
120	46	3884.18359375
120	48	3884.306884765625
120	50	3884.2001953125
120	52	3884.227294921875
120	54	3884.177001953125
120	56	3884.25537109375
120	58	3884.2451171875
120	60	3884.2216796875
120	62	3884.17431640625
120	64	3884.185546875
120	66	3884.1162109375
120	68	3884.15087890625
120	70	3884.10205078125
120	72	3884.066162109375
120	74	3883.9375
120	76	3883.9052734375
120	78	3884.1103515625
120	80	3883.924072265625
120	82	3883.7265625
120	84	3883.7958984375
120	86	3883.57177734375
120	88	3883.783935546875
120	90	3883.6396484375
120	92	3883.61669921875
120	94	3883.4384765625
120	96	3883.260009765625
120	98	3882.94287109375
