64	-290	2512
64	-288	2512
64	-286	2544
64	-284	2479
64	-282	2411
64	-280	2431
64	-278	2435
64	-276	2422
64	-274	2457
64	-272	2491
64	-270	2470
64	-268	2482
64	-266	2399
64	-264	2325
64	-262	2294
64	-260	2321
64	-258	2279
64	-256	2263
64	-254	2256
64	-252	2287
64	-250	2257
64	-248	2262
64	-246	2226
64	-244	2227
64	-242	2236
64	-240	2179
64	-238	2153
64	-236	2135
64	-234	2094
64	-232	2131
64	-230	2141
64	-228	2112
64	-226	2114
64	-224	2104
64	-222	2145
64	-220	2156
64	-218	2173
64	-216	2171
64	-214	2182
64	-212	2178
64	-210	2161
64	-208	2175
64	-206	2146
64	-204	2184
64	-202	2143
64	-200	2130
64	-198	2133
64	-196	2122
64	-194	2105
64	-192	2089
64	-190	2066
64	-188	2090
64	-186	2055
64	-184	2066
64	-182	2076
64	-180	2089
64	-178	2090
64	-176	2110
64	-174	2103
64	-172	2098
64	-170	2094
64	-168	2037
64	-166	2039
64	-164	2037
64	-162	2066
64	-160	2045
64	-158	2055
64	-156	2050
64	-154	2039
64	-152	2054
64	-150	2056
64	-148	2046
64	-146	2047
64	-144	2048
64	-142	2045
64	-140	2032
64	-138	2048
64	-136	2039
64	-134	2038
64	-132	2035
64	-130	2044
64	-128	2042
64	-126	2055
64	-124	2040
64	-122	2046
64	-120	2025
64	-118	2047
64	-116	2039
64	-114	2032
64	-112	2028
64	-110	2041
64	-108	2031
64	-106	2026
64	-104	2042
64	-102	2028
64	-100	2030
64	-98	2023
64	-96	2018
64	-94	2014
64	-92	2010
64	-90	2003
64	-88	2016
64	-86	2009
64	-84	2000
64	-82	1997
64	-80	2003
64	-78	2007
64	-76	2001
64	-74	1999
64	-72	1995
64	-70	1982
64	-68	1998
64	-66	1973
64	-64	1983
64	-62	1984
64	-60	1993
64	-58	1965
64	-56	1974
64	-54	1976
64	-52	1977
64	-50	1992
64	-48	2000
64	-46	1999
64	-44	1998
64	-42	1998
64	-40	2001
64	-38	2022
64	-36	2012
64	-34	2016
64	-32	2009
64	-30	2012
64	-28	2023
64	-26	2029
64	-24	2038
64	-22	2017
64	-20	2011
64	-18	2006
64	-16	2023
64	-14	2028
64	-12	2017
64	-10	2011
64	-8	2009
64	-6	2027
64	-4	2009
64	-2	2022
64	0	2015
64	2	2009
64	4	2018
64	6	2032
64	8	2018
64	10	2000
64	12	2010
64	14	2012
64	16	1999
64	18	2007
64	20	2021
64	22	2014
64	24	2007
64	26	2013
64	28	2015
64	30	2007
64	32	2013
64	34	2018
64	36	2014
64	38	2018
64	40	2009
64	42	2030
64	44	2019
64	46	2012
64	48	2037
64	50	2031
64	52	2025
64	54	2028
64	56	2022
64	58	2031
64	60	2043
64	62	2049
64	64	2036
64	66	2046
64	68	2049
64	70	2044
64	72	2043
64	74	2046
64	76	2056
64	78	2047
64	80	2054
64	82	2055
64	84	2043
64	86	2045
64	88	2041
64	90	2056
64	92	2047
64	94	2038
64	96	2053
64	98	2058
68	-290	2617
68	-288	2550
68	-286	2591
68	-284	2597
68	-282	2525
68	-280	2504
68	-278	2482
68	-276	2392
68	-274	2385
68	-272	2376
68	-270	2396
68	-268	2383
68	-266	2378
68	-264	2291
68	-262	2252
68	-260	2274
68	-258	2332
68	-256	2220
68	-254	2205
68	-252	2213
68	-250	2196
68	-248	2188
68	-246	2194
68	-244	2196
68	-242	2216
68	-240	2202
68	-238	2195
68	-236	2226
68	-234	2216
68	-232	2175
68	-230	2164
68	-228	2187
68	-226	2167
68	-224	2197
68	-222	2201
68	-220	2165
68	-218	2175
68	-216	2158
68	-214	2159
68	-212	2175
68	-210	2164
68	-208	2166
68	-206	2149
68	-204	2161
68	-202	2143
68	-200	2115
68	-198	2103
68	-196	2085
68	-194	2079
68	-192	2068
68	-190	2094
68	-188	2102
68	-186	2101
68	-184	2113
68	-182	2117
68	-180	2101
68	-178	2099
68	-176	2106
68	-174	2100
68	-172	2108
68	-170	2101
68	-168	2096
68	-166	2098
68	-164	2063
68	-162	2040
68	-160	2059
68	-158	2065
68	-156	2081
68	-154	2088
68	-152	2086
68	-150	2058
68	-148	2058
68	-146	2048
68	-144	2051
68	-142	2066
68	-140	2035
68	-138	2053
68	-136	2056
68	-134	2047
68	-132	2033
68	-130	2037
68	-128	2043
68	-126	2037
68	-124	2046
68	-122	2025
68	-120	2045
68	-118	2040
68	-116	2048
68	-114	2055
68	-112	2056
68	-110	2054
68	-108	2041
68	-106	2038
68	-104	2033
68	-102	2040
68	-100	2033
68	-98	2044
68	-96	2019
68	-94	2026
68	-92	2009
68	-90	2017
68	-88	2015
68	-86	1991
68	-84	2010
68	-82	2015
68	-80	2019
68	-78	2020
68	-76	2022
68	-74	2021
68	-72	2014
68	-70	2021
68	-68	2019
68	-66	2029
68	-64	2009
68	-62	2001
68	-60	2012
68	-58	2009
68	-56	2027
68	-54	2004
68	-52	2012
68	-50	2034
68	-48	2011
68	-46	2015
68	-44	2011
68	-42	2019
68	-40	2014
68	-38	2024
68	-36	2016
68	-34	2014
68	-32	2019
68	-30	2013
68	-28	2025
68	-26	2025
68	-24	2026
68	-22	2009
68	-20	2018
68	-18	2036
68	-16	2050
68	-14	2040
68	-12	2026
68	-10	2025
68	-8	2022
68	-6	2009
68	-4	2017
68	-2	2022
68	0	2024
68	2	2023
68	4	2023
68	6	2020
68	8	2032
68	10	2024
68	12	2019
68	14	2019
68	16	2002
68	18	2026
68	20	2030
68	22	2016
68	24	2017
68	26	2014
68	28	2019
68	30	2025
68	32	2017
68	34	2013
68	36	2018
68	38	2008
68	40	2029
68	42	2031
68	44	2032
68	46	2016
68	48	2020
68	50	2036
68	52	2026
68	54	2035
68	56	2039
68	58	2051
68	60	2040
68	62	2034
68	64	2039
68	66	2040
68	68	2045
68	70	2040
68	72	2037
68	74	2033
68	76	2045
68	78	2046
68	80	2041
68	82	2039
68	84	2052
68	86	2043
68	88	2049
68	90	2053
68	92	2054
68	94	2060
68	96	2054
68	98	2041
72	-290	2690
72	-288	2687
72	-286	2691
72	-284	2550
72	-282	2537
72	-280	2554
72	-278	2537
72	-276	2441
72	-274	2375
72	-272	2309
72	-270	2344
72	-268	2344
72	-266	2343
72	-264	2323
72	-262	2326
72	-260	2263
72	-258	2237
72	-256	2189
72	-254	2162
72	-252	2190
72	-250	2164
72	-248	2191
72	-246	2155
72	-244	2151
72	-242	2112
72	-240	2116
72	-238	2137
72	-236	2179
72	-234	2178
72	-232	2175
72	-230	2191
72	-228	2178
72	-226	2209
72	-224	2215
72	-222	2200
72	-220	2213
72	-218	2233
72	-216	2144
72	-214	2133
72	-212	2135
72	-210	2136
72	-208	2141
72	-206	2130
72	-204	2150
72	-202	2147
72	-200	2120
72	-198	2106
72	-196	2129
72	-194	2103
72	-192	2108
72	-190	2135
72	-188	2120
72	-186	2117
72	-184	2115
72	-182	2102
72	-180	2088
72	-178	2098
72	-176	2112
72	-174	2094
72	-172	2099
72	-170	2093
72	-168	2083
72	-166	2052
72	-164	2056
72	-162	2062
72	-160	2048
72	-158	2037
72	-156	2053
72	-154	2060
72	-152	2060
72	-150	2057
72	-148	2055
72	-146	2067
72	-144	2050
72	-142	2048
72	-140	2057
72	-138	2069
72	-136	2021
72	-134	2025
72	-132	2026
72	-130	2034
72	-128	2032
72	-126	2031
72	-124	2018
72	-122	2018
72	-120	2031
72	-118	2034
72	-116	2042
72	-114	2043
72	-112	2040
72	-110	2042
72	-108	2054
72	-106	2045
72	-104	2045
72	-102	2052
72	-100	2039
72	-98	2032
72	-96	2020
72	-94	2023
72	-92	2022
72	-90	2025
72	-88	2021
72	-86	2023
72	-84	2030
72	-82	2023
72	-80	2025
72	-78	2012
72	-76	2009
72	-74	2015
72	-72	2022
72	-70	2027
72	-68	2011
72	-66	2015
72	-64	2023
72	-62	2028
72	-60	2026
72	-58	2040
72	-56	2036
72	-54	2030
72	-52	2027
72	-50	2026
72	-48	2024
72	-46	2028
72	-44	2030
72	-42	2038
72	-40	2033
72	-38	2028
72	-36	2023
72	-34	2027
72	-32	2018
72	-30	2026
72	-28	2036
72	-26	2026
72	-24	2036
72	-22	2039
72	-20	2037
72	-18	2048
72	-16	2040
72	-14	2025
72	-12	2036
72	-10	2017
72	-8	2019
72	-6	2001
72	-4	2020
72	-2	2016
72	0	2033
72	2	2022
72	4	2033
72	6	2032
72	8	2017
72	10	2015
72	12	2022
72	14	2015
72	16	2011
72	18	2019
72	20	2013
72	22	2011
72	24	2012
72	26	2023
72	28	2020
72	30	2009
72	32	2013
72	34	2019
72	36	2025
72	38	2028
72	40	2032
72	42	2021
72	44	2023
72	46	2029
72	48	2026
72	50	2040
72	52	2025
72	54	2030
72	56	2024
72	58	2039
72	60	2043
72	62	2029
72	64	2031
72	66	2022
72	68	2024
72	70	2026
72	72	2030
72	74	2024
72	76	2039
72	78	2037
72	80	2041
72	82	2028
72	84	2019
72	86	2036
72	88	2031
72	90	2046
72	92	2053
72	94	2032
72	96	2039
72	98	2064
76	-290	2527
76	-288	2530
76	-286	2537
76	-284	2427
76	-282	2421
76	-280	2353
76	-278	2361
76	-276	2360
76	-274	2343
76	-272	2326
76	-270	2322
76	-268	2349
76	-266	2383
76	-264	2349
76	-262	2315
76	-260	2286
76	-258	2293
76	-256	2260
76	-254	2265
76	-252	2252
76	-250	2214
76	-248	2219
76	-246	2202
76	-244	2190
76	-242	2182
76	-240	2177
76	-238	2213
76	-236	2239
76	-234	2201
76	-232	2196
76	-230	2178
76	-228	2153
76	-226	2149
76	-224	2175
76	-222	2152
76	-220	2155
76	-218	2165
76	-216	2157
76	-214	2142
76	-212	2150
76	-210	2138
76	-208	2124
76	-206	2107
76	-204	2115
76	-202	2124
76	-200	2100
76	-198	2120
76	-196	2090
76	-194	2111
76	-192	2098
76	-190	2115
76	-188	2093
76	-186	2091
76	-184	2093
76	-182	2104
76	-180	2107
76	-178	2098
76	-176	2101
76	-174	2083
76	-172	2095
76	-170	2099
76	-168	2081
76	-166	2080
76	-164	2079
76	-162	2078
76	-160	2057
76	-158	2050
76	-156	2061
76	-154	2051
76	-152	2058
76	-150	2031
76	-148	2057
76	-146	2051
76	-144	2062
76	-142	2065
76	-140	2060
76	-138	2068
76	-136	2078
76	-134	2063
76	-132	2069
76	-130	2049
76	-128	2050
76	-126	2048
76	-124	2056
76	-122	2038
76	-120	2028
76	-118	2047
76	-116	2036
76	-114	2042
76	-112	2045
76	-110	2046
76	-108	2043
76	-106	2049
76	-104	2052
76	-102	2037
76	-100	2034
76	-98	2035
76	-96	2035
76	-94	2037
76	-92	2021
76	-90	2011
76	-88	2014
76	-86	2006
76	-84	2024
76	-82	2015
76	-80	2025
76	-78	2028
76	-76	2011
76	-74	2017
76	-72	2005
76	-70	2018
76	-68	2017
76	-66	2022
76	-64	2018
76	-62	2025
76	-60	2040
76	-58	2020
76	-56	2026
76	-54	2013
76	-52	2037
76	-50	2038
76	-48	2021
76	-46	2026
76	-44	2021
76	-42	2021
76	-40	2024
76	-38	2013
76	-36	2025
76	-34	2026
76	-32	2021
76	-30	2026
76	-28	2019
76	-26	2023
76	-24	2010
76	-22	2013
76	-20	2010
76	-18	2011
76	-16	2018
76	-14	2017
76	-12	2029
76	-10	2023
76	-8	2021
76	-6	2017
76	-4	2032
76	-2	2019
76	0	2026
76	2	2030
76	4	2023
76	6	2028
76	8	2013
76	10	2037
76	12	2047
76	14	2030
76	16	2030
76	18	2035
76	20	2018
76	22	2037
76	24	2025
76	26	2020
76	28	2035
76	30	2043
76	32	2042
76	34	2026
76	36	2033
76	38	2035
76	40	2026
76	42	2040
76	44	2039
76	46	2024
76	48	2033
76	50	2030
76	52	2035
76	54	2020
76	56	2035
76	58	2037
76	60	2045
76	62	2010
76	64	2034
76	66	2038
76	68	2045
76	70	2035
76	72	2044
76	74	2043
76	76	2040
76	78	2050
76	80	2049
76	82	2054
76	84	2051
76	86	2062
76	88	2063
76	90	2061
76	92	2053
76	94	2051
76	96	2054
76	98	2053
80	-290	2417
80	-288	2356
80	-286	2363
80	-284	2361
80	-282	2321
80	-280	2326
80	-278	2362
80	-276	2354
80	-274	2334
80	-272	2313
80	-270	2267
80	-268	2267
80	-266	2242
80	-264	2280
80	-262	2241
80	-260	2243
80	-258	2193
80	-256	2211
80	-254	2170
80	-252	2176
80	-250	2148
80	-248	2119
80	-246	2156
80	-244	2191
80	-242	2159
80	-240	2150
80	-238	2119
80	-236	2139
80	-234	2114
80	-232	2119
80	-230	2115
80	-228	2126
80	-226	2141
80	-224	2113
80	-222	2130
80	-220	2121
80	-218	2131
80	-216	2096
80	-214	2096
80	-212	2087
80	-210	2051
80	-208	2075
80	-206	2077
80	-204	2056
80	-202	2072
80	-200	2073
80	-198	2071
80	-196	2067
80	-194	2063
80	-192	2065
80	-190	2073
80	-188	2087
80	-186	2117
80	-184	2095
80	-182	2084
80	-180	2080
80	-178	2087
80	-176	2104
80	-174	2067
80	-172	2084
80	-170	2070
80	-168	2078
80	-166	2073
80	-164	2069
80	-162	2042
80	-160	2063
80	-158	2045
80	-156	2043
80	-154	2059
80	-152	2053
80	-150	2049
80	-148	2054
80	-146	2053
80	-144	2034
80	-142	2045
80	-140	2061
80	-138	2069
80	-136	2061
80	-134	2061
80	-132	2059
80	-130	2055
80	-128	2047
80	-126	2064
80	-124	2040
80	-122	2034
80	-120	2044
80	-118	2033
80	-116	2047
80	-114	2059
80	-112	2042
80	-110	2041
80	-108	2033
80	-106	2036
80	-104	2034
80	-102	2036
80	-100	2031
80	-98	2033
80	-96	2052
80	-94	2056
80	-92	2053
80	-90	2068
80	-88	2051
80	-86	2041
80	-84	2053
80	-82	2047
80	-80	2049
80	-78	2042
80	-76	2054
80	-74	2063
80	-72	2054
80	-70	2033
80	-68	2036
80	-66	2038
80	-64	2033
80	-62	2026
80	-60	2042
80	-58	2041
80	-56	2026
80	-54	2031
80	-52	2033
80	-50	2040
80	-48	2026
80	-46	2035
80	-44	2033
80	-42	2039
80	-40	2035
80	-38	2018
80	-36	2011
80	-34	2019
80	-32	2006
80	-30	2026
80	-28	2025
80	-26	2022
80	-24	2029
80	-22	2018
80	-20	2025
80	-18	2015
80	-16	2019
80	-14	2020
80	-12	2032
80	-10	2015
80	-8	2033
80	-6	2021
80	-4	2015
80	-2	2027
80	0	2036
80	2	2041
80	4	2030
80	6	2018
80	8	2026
80	10	2029
80	12	2031
80	14	2034
80	16	2029
80	18	2026
80	20	2037
80	22	2026
80	24	2024
80	26	2042
80	28	2023
80	30	2024
80	32	2032
80	34	2033
80	36	2028
80	38	2026
80	40	2056
80	42	2045
80	44	2047
80	46	2053
80	48	2035
80	50	2058
80	52	2032
80	54	2038
80	56	2029
80	58	2021
80	60	2052
80	62	2056
80	64	2040
80	66	2043
80	68	2030
80	70	2036
80	72	2038
80	74	2045
80	76	2051
80	78	2041
80	80	2035
80	82	2039
80	84	2036
80	86	2040
80	88	2039
80	90	2037
80	92	2031
80	94	2040
80	96	2038
80	98	2040
84	-290	2532
84	-288	2511
84	-286	2462
84	-284	2419
84	-282	2405
84	-280	2427
84	-278	2453
84	-276	2380
84	-274	2391
84	-272	2398
84	-270	2309
84	-268	2309
84	-266	2317
84	-264	2277
84	-262	2306
84	-260	2257
84	-258	2237
84	-256	2212
84	-254	2187
84	-252	2155
84	-250	2182
84	-248	2177
84	-246	2163
84	-244	2164
84	-242	2180
84	-240	2146
84	-238	2170
84	-236	2166
84	-234	2169
84	-232	2133
84	-230	2142
84	-228	2156
84	-226	2170
84	-224	2164
84	-222	2182
84	-220	2163
84	-218	2153
84	-216	2158
84	-214	2144
84	-212	2149
84	-210	2141
84	-208	2140
84	-206	2141
84	-204	2170
84	-202	2136
84	-200	2118
84	-198	2119
84	-196	2128
84	-194	2085
84	-192	2103
84	-190	2083
84	-188	2083
84	-186	2078
84	-184	2072
84	-182	2043
84	-180	2065
84	-178	2064
84	-176	2048
84	-174	2059
84	-172	2079
84	-170	2086
84	-168	2063
84	-166	2059
84	-164	2059
84	-162	2077
84	-160	2076
84	-158	2047
84	-156	2059
84	-154	2056
84	-152	2076
84	-150	2053
84	-148	2051
84	-146	2084
84	-144	2062
84	-142	2072
84	-140	2079
84	-138	2067
84	-136	2059
84	-134	2061
84	-132	2090
84	-130	2060
84	-128	2074
84	-126	2092
84	-124	2082
84	-122	2073
84	-120	2095
84	-118	2080
84	-116	2055
84	-114	2073
84	-112	2065
84	-110	2046
84	-108	2046
84	-106	2059
84	-104	2054
84	-102	2067
84	-100	2073
84	-98	2060
84	-96	2068
84	-94	2070
84	-92	2072
84	-90	2077
84	-88	2066
84	-86	2067
84	-84	2057
84	-82	2059
84	-80	2042
84	-78	2051
84	-76	2048
84	-74	2055
84	-72	2045
84	-70	2055
84	-68	2051
84	-66	2047
84	-64	2026
84	-62	2037
84	-60	2045
84	-58	2041
84	-56	2053
84	-54	2042
84	-52	2030
84	-50	2042
84	-48	2031
84	-46	2041
84	-44	2041
84	-42	2054
84	-40	2059
84	-38	2042
84	-36	2033
84	-34	2050
84	-32	2058
84	-30	2038
84	-28	2046
84	-26	2041
84	-24	2044
84	-22	2050
84	-20	2047
84	-18	2040
84	-16	2046
84	-14	2051
84	-12	2049
84	-10	2023
84	-8	2077
84	-6	2060
84	-4	2055
84	-2	2055
84	0	2045
84	2	2060
84	4	2075
84	6	2057
84	8	2057
84	10	2069
84	12	2065
84	14	2057
84	16	2048
84	18	2046
84	20	2035
84	22	2047
84	24	2039
84	26	2033
84	28	2028
84	30	2021
84	32	2033
84	34	2047
84	36	2042
84	38	2046
84	40	2055
84	42	2054
84	44	2036
84	46	2043
84	48	2036
84	50	2036
84	52	2053
84	54	2036
84	56	2051
84	58	2038
84	60	2052
84	62	2062
84	64	2041
84	66	2053
84	68	2065
84	70	2064
84	72	2045
84	74	2042
84	76	2051
84	78	2062
84	80	2057
84	82	2057
84	84	2051
84	86	2050
84	88	2038
84	90	2084
84	92	2072
84	94	2059
84	96	2058
84	98	2061
88	-290	2468
88	-288	2418
88	-286	2473
88	-284	2452
88	-282	2362
88	-280	2348
88	-278	2356
88	-276	2272
88	-274	2292
88	-272	2276
88	-270	2308
88	-268	2244
88	-266	2263
88	-264	2293
88	-262	2262
88	-260	2238
88	-258	2211
88	-256	2196
88	-254	2217
88	-252	2193
88	-250	2197
88	-248	2157
88	-246	2165
88	-244	2180
88	-242	2176
88	-240	2162
88	-238	2166
88	-236	2154
88	-234	2160
88	-232	2161
88	-230	2139
88	-228	2146
88	-226	2122
88	-224	2125
88	-222	2125
88	-220	2142
88	-218	2151
88	-216	2166
88	-214	2130
88	-212	2112
88	-210	2099
88	-208	2108
88	-206	2116
88	-204	2116
88	-202	2114
88	-200	2112
88	-198	2136
88	-196	2117
88	-194	2059
88	-192	2057
88	-190	2071
88	-188	2072
88	-186	2067
88	-184	2073
88	-182	2081
88	-180	2104
88	-178	2091
88	-176	2077
88	-174	2080
88	-172	2077
88	-170	2083
88	-168	2088
88	-166	2100
88	-164	2089
88	-162	2089
88	-160	2083
88	-158	2087
88	-156	2098
88	-154	2094
88	-152	2084
88	-150	2097
88	-148	2071
88	-146	2065
88	-144	2063
88	-142	2064
88	-140	2069
88	-138	2058
88	-136	2074
88	-134	2069
88	-132	2074
88	-130	2089
88	-128	2077
88	-126	2076
88	-124	2091
88	-122	2068
88	-120	2069
88	-118	2064
88	-116	2056
88	-114	2065
88	-112	2054
88	-110	2064
88	-108	2063
88	-106	2046
88	-104	2059
88	-102	2065
88	-100	2043
88	-98	2074
88	-96	2057
88	-94	2038
88	-92	2048
88	-90	2032
88	-88	2049
88	-86	2036
88	-84	2027
88	-82	2042
88	-80	2034
88	-78	2048
88	-76	2044
88	-74	2031
88	-72	2026
88	-70	2015
88	-68	2027
88	-66	2019
88	-64	2016
88	-62	2017
88	-60	2017
88	-58	2034
88	-56	2017
88	-54	2021
88	-52	2004
88	-50	2028
88	-48	2014
88	-46	2028
88	-44	2013
88	-42	2013
88	-40	2031
88	-38	2031
88	-36	2040
88	-34	2029
88	-32	2040
88	-30	2037
88	-28	2016
88	-26	2028
88	-24	2048
88	-22	2032
88	-20	2027
88	-18	2034
88	-16	2025
88	-14	2021
88	-12	2043
88	-10	2034
88	-8	2043
88	-6	2042
88	-4	2036
88	-2	2048
88	0	2021
88	2	2075
88	4	2021
88	6	2037
88	8	2035
88	10	2047
88	12	2049
88	14	2073
88	16	2053
88	18	2045
88	20	2069
88	22	2069
88	24	2051
88	26	2055
88	28	2055
88	30	2062
88	32	2043
88	34	2054
88	36	2064
88	38	2074
88	40	2054
88	42	2065
88	44	2061
88	46	2062
88	48	2059
88	50	2045
88	52	2048
88	54	2040
88	56	2066
88	58	2046
88	60	2038
88	62	2052
88	64	2044
88	66	2065
88	68	2049
88	70	2044
88	72	2046
88	74	2034
88	76	2047
88	78	2041
88	80	2047
88	82	2062
88	84	2054
88	86	2043
88	88	2047
88	90	2058
88	92	2048
88	94	2050
88	96	2044
88	98	2052
92	-290	2635
92	-288	2561
92	-286	2543
92	-284	2397
92	-282	2395
92	-280	2335
92	-278	2276
92	-276	2276
92	-274	2299
92	-272	2273
92	-270	2291
92	-268	2307
92	-266	2269
92	-264	2284
92	-262	2285
92	-260	2253
92	-258	2235
92	-256	2218
92	-254	2204
92	-252	2246
92	-250	2215
92	-248	2233
92	-246	2172
92	-244	2195
92	-242	2198
92	-240	2196
92	-238	2151
92	-236	2147
92	-234	2146
92	-232	2148
92	-230	2162
92	-228	2146
92	-226	2142
92	-224	2142
92	-222	2140
92	-220	2138
92	-218	2138
92	-216	2126
92	-214	2124
92	-212	2117
92	-210	2133
92	-208	2152
92	-206	2119
92	-204	2109
92	-202	2105
92	-200	2108
92	-198	2117
92	-196	2117
92	-194	2131
92	-192	2123
92	-190	2136
92	-188	2119
92	-186	2126
92	-184	2118
92	-182	2133
92	-180	2096
92	-178	2124
92	-176	2117
92	-174	2131
92	-172	2119
92	-170	2125
92	-168	2088
92	-166	2078
92	-164	2117
92	-162	2096
92	-160	2094
92	-158	2089
92	-156	2081
92	-154	2111
92	-152	2091
92	-150	2102
92	-148	2065
92	-146	2081
92	-144	2050
92	-142	2063
92	-140	2053
92	-138	2061
92	-136	2072
92	-134	2075
92	-132	2055
92	-130	2068
92	-128	2043
92	-126	2070
92	-124	2087
92	-122	2074
92	-120	2073
92	-118	2027
92	-116	2071
92	-114	2079
92	-112	2061
92	-110	2083
92	-108	2073
92	-106	2076
92	-104	2080
92	-102	2073
92	-100	2066
92	-98	2059
92	-96	2064
92	-94	2072
92	-92	2066
92	-90	2061
92	-88	2047
92	-86	2045
92	-84	2045
92	-82	2057
92	-80	2040
92	-78	2037
92	-76	2048
92	-74	2036
92	-72	2041
92	-70	2051
92	-68	2049
92	-66	2055
92	-64	2057
92	-62	2039
92	-60	2050
92	-58	2052
92	-56	2050
92	-54	2057
92	-52	2044
92	-50	2056
92	-48	2031
92	-46	2049
92	-44	2020
92	-42	2037
92	-40	2049
92	-38	2034
92	-36	2038
92	-34	2037
92	-32	2029
92	-30	2058
92	-28	2030
92	-26	2028
92	-24	2007
92	-22	2036
92	-20	2039
92	-18	2029
92	-16	2031
92	-14	2045
92	-12	2038
92	-10	2046
92	-8	2035
92	-6	2038
92	-4	2036
92	-2	2022
92	0	2022
92	2	2034
92	4	2033
92	6	2053
92	8	2049
92	10	2029
92	12	2018
92	14	2019
92	16	2032
92	18	2043
92	20	2044
92	22	2049
92	24	2072
92	26	2068
92	28	2054
92	30	2080
92	32	2081
92	34	2040
92	36	2058
92	38	2053
92	40	2028
92	42	2065
92	44	2066
92	46	2046
92	48	2071
92	50	2063
92	52	2064
92	54	2048
92	56	2047
92	58	2056
92	60	2045
92	62	2047
92	64	2034
92	66	2029
92	68	2037
92	70	2047
92	72	2048
92	74	2049
92	76	2061
92	78	2045
92	80	2041
92	82	2046
92	84	2058
92	86	2030
92	88	2051
92	90	2046
92	92	2050
92	94	2028
92	96	2047
92	98	2027
96	-290	2376
96	-288	2296
96	-286	2284
96	-284	2285
96	-282	2270
96	-280	2256
96	-278	2285
96	-276	2272
96	-274	2236
96	-272	2252
96	-270	2273
96	-268	2287
96	-266	2257
96	-264	2225
96	-262	2208
96	-260	2173
96	-258	2182
96	-256	2212
96	-254	2217
96	-252	2228
96	-250	2213
96	-248	2186
96	-246	2189
96	-244	2148
96	-242	2172
96	-240	2155
96	-238	2148
96	-236	2158
96	-234	2170
96	-232	2172
96	-230	2180
96	-228	2156
96	-226	2149
96	-224	2152
96	-222	2138
96	-220	2139
96	-218	2156
96	-216	2106
96	-214	2124
96	-212	2120
96	-210	2134
96	-208	2133
96	-206	2139
96	-204	2129
96	-202	2155
96	-200	2139
96	-198	2136
96	-196	2131
96	-194	2129
96	-192	2146
96	-190	2153
96	-188	2172
96	-186	2168
96	-184	2151
96	-182	2156
96	-180	2135
96	-178	2133
96	-176	2139
96	-174	2120
96	-172	2120
96	-170	2115
96	-168	2102
96	-166	2099
96	-164	2126
96	-162	2102
96	-160	2103
96	-158	2119
96	-156	2112
96	-154	2091
96	-152	2081
96	-150	2065
96	-148	2059
96	-146	2077
96	-144	2064
96	-142	2087
96	-140	2060
96	-138	2081
96	-136	2089
96	-134	2104
96	-132	2083
96	-130	2094
96	-128	2084
96	-126	2098
96	-124	2084
96	-122	2070
96	-120	2083
96	-118	2090
96	-116	2092
96	-114	2098
96	-112	2107
96	-110	2097
96	-108	2108
96	-106	2100
96	-104	2086
96	-102	2091
96	-100	2109
96	-98	2102
96	-96	2100
96	-94	2120
96	-92	2111
96	-90	2103
96	-88	2100
96	-86	2086
96	-84	2102
96	-82	2085
96	-80	2087
96	-78	2092
96	-76	2109
96	-74	2063
96	-72	2096
96	-70	2092
96	-68	2057
96	-66	2105
96	-64	2114
96	-62	2074
96	-60	2097
96	-58	2100
96	-56	2088
96	-54	2089
96	-52	2102
96	-50	2113
96	-48	2114
96	-46	2111
96	-44	2125
96	-42	2114
96	-40	2077
96	-38	2084
96	-36	2088
96	-34	2069
96	-32	2092
96	-30	2081
96	-28	2067
96	-26	2065
96	-24	2070
96	-22	2071
96	-20	2078
96	-18	2062
96	-16	2090
96	-14	2057
96	-12	2072
96	-10	2060
96	-8	2088
96	-6	2058
96	-4	2061
96	-2	2021
96	0	2053
96	2	2072
96	4	2029
96	6	2053
96	8	2058
96	10	2032
96	12	2076
96	14	2065
96	16	2090
96	18	2078
96	20	2094
96	22	2083
96	24	2077
96	26	2055
96	28	2072
96	30	2071
96	32	2075
96	34	2077
96	36	2090
96	38	2094
96	40	2082
96	42	2080
96	44	2072
96	46	2071
96	48	2080
96	50	2078
96	52	2089
96	54	2101
96	56	2100
96	58	2082
96	60	2086
96	62	2062
96	64	2085
96	66	2072
96	68	2086
96	70	2081
96	72	2081
96	74	2086
96	76	2079
96	78	2093
96	80	2082
96	82	2080
96	84	2085
96	86	2046
96	88	2115
96	90	2084
96	92	2125
96	94	2118
96	96	2114
96	98	2088
100	-290	2288
100	-288	2323
100	-286	2242
100	-284	2261
100	-282	2270
100	-280	2267
100	-278	2251
100	-276	2265
100	-274	2236
100	-272	2228
100	-270	2230
100	-268	2237
100	-266	2257
100	-264	2243
100	-262	2240
100	-260	2235
100	-258	2209
100	-256	2234
100	-254	2205
100	-252	2208
100	-250	2201
100	-248	2214
100	-246	2199
100	-244	2182
100	-242	2183
100	-240	2184
100	-238	2186
100	-236	2192
100	-234	2213
100	-232	2208
100	-230	2201
100	-228	2186
100	-226	2198
100	-224	2216
100	-222	2217
100	-220	2218
100	-218	2259
100	-216	2224
100	-214	2238
100	-212	2230
100	-210	2249
100	-208	2249
100	-206	2228
100	-204	2234
100	-202	2240
100	-200	2174
100	-198	2211
100	-196	2219
100	-194	2205
100	-192	2218
100	-190	2229
100	-188	2218
100	-186	2205
100	-184	2232
100	-182	2222
100	-180	2203
100	-178	2189
100	-176	2167
100	-174	2183
100	-172	2184
100	-170	2201
100	-168	2177
100	-166	2215
100	-164	2169
100	-162	2186
100	-160	2191
100	-158	2195
100	-156	2204
100	-154	2193
100	-152	2196
100	-150	2204
100	-148	2159
100	-146	2200
100	-144	2161
100	-142	2157
100	-140	2168
100	-138	2161
100	-136	2162
100	-134	2133
100	-132	2134
100	-130	2135
100	-128	2130
100	-126	2123
100	-124	2129
100	-122	2129
100	-120	2123
100	-118	2133
100	-116	2142
100	-114	2129
100	-112	2147
100	-110	2143
100	-108	2140
100	-106	2145
100	-104	2138
100	-102	2132
100	-100	2136
100	-98	2148
100	-96	2150
100	-94	2174
100	-92	2160
100	-90	2157
100	-88	2133
100	-86	2160
100	-84	2163
100	-82	2167
100	-80	2164
100	-78	2148
100	-76	2165
100	-74	2149
100	-72	2147
100	-70	2142
100	-68	2136
100	-66	2151
100	-64	2120
100	-62	2140
100	-60	2126
100	-58	2111
100	-56	2126
100	-54	2122
100	-52	2125
100	-50	2103
100	-48	2158
100	-46	2109
100	-44	2159
100	-42	2153
100	-40	2143
100	-38	2155
100	-36	2160
100	-34	2132
100	-32	2158
100	-30	2140
100	-28	2143
100	-26	2143
100	-24	2130
100	-22	2117
100	-20	2126
100	-18	2169
100	-16	2162
100	-14	2133
100	-12	2123
100	-10	2096
100	-8	2138
100	-6	2070
100	-4	2139
100	-2	2154
100	0	2094
100	2	2122
100	4	2125
100	6	2129
100	8	2132
100	10	2106
100	12	2108
100	14	2122
100	16	2108
100	18	2114
100	20	2074
100	22	2107
100	24	2110
100	26	2098
100	28	2110
100	30	2117
100	32	2103
100	34	2091
100	36	2095
100	38	2086
100	40	2092
100	42	2118
100	44	2142
100	46	2077
100	48	2104
100	50	2077
100	52	2083
100	54	2081
100	56	2065
100	58	2085
100	60	2071
100	62	2096
100	64	2077
100	66	2076
100	68	2094
100	70	2074
100	72	2092
100	74	2115
100	76	2092
100	78	2092
100	80	2077
100	82	2072
100	84	2062
100	86	2078
100	88	2088
100	90	2112
100	92	2099
100	94	2097
100	96	2110
100	98	2108
104	-290	2245
104	-288	2209
104	-286	2201
104	-284	2203
104	-282	2185
104	-280	2221
104	-278	2204
104	-276	2198
104	-274	2220
104	-272	2258
104	-270	2241
104	-268	2222
104	-266	2202
104	-264	2216
104	-262	2196
104	-260	2189
104	-258	2212
104	-256	2215
104	-254	2226
104	-252	2208
104	-250	2244
104	-248	2284
104	-246	2238
104	-244	2273
104	-242	2246
104	-240	2228
104	-238	2238
104	-236	2236
104	-234	2243
104	-232	2271
104	-230	2272
104	-228	2259
104	-226	2229
104	-224	2246
104	-222	2270
104	-220	2240
104	-218	2240
104	-216	2258
104	-214	2268
104	-212	2283
104	-210	2264
104	-208	2275
104	-206	2258
104	-204	2261
104	-202	2236
104	-200	2262
104	-198	2256
104	-196	2224
104	-194	2264
104	-192	2226
104	-190	2256
104	-188	2259
104	-186	2205
104	-184	2227
104	-182	2235
104	-180	2216
104	-178	2225
104	-176	2244
104	-174	2235
104	-172	2258
104	-170	2224
104	-168	2197
104	-166	2193
104	-164	2213
104	-162	2231
104	-160	2212
104	-158	2210
104	-156	2217
104	-154	2204
104	-152	2207
104	-150	2193
104	-148	2189
104	-146	2218
104	-144	2207
104	-142	2218
104	-140	2208
104	-138	2193
104	-136	2195
104	-134	2237
104	-132	2201
104	-130	2204
104	-128	2182
104	-126	2204
104	-124	2211
104	-122	2202
104	-120	2191
104	-118	2204
104	-116	2208
104	-114	2246
104	-112	2198
104	-110	2199
104	-108	2193
104	-106	2209
104	-104	2196
104	-102	2205
104	-100	2198
104	-98	2195
104	-96	2191
104	-94	2197
104	-92	2190
104	-90	2197
104	-88	2226
104	-86	2195
104	-84	2209
104	-82	2196
104	-80	2209
104	-78	2174
104	-76	2196
104	-74	2190
104	-72	2180
104	-70	2189
104	-68	2188
104	-66	2193
104	-64	2180
104	-62	2170
104	-60	2188
104	-58	2190
104	-56	2177
104	-54	2184
104	-52	2177
104	-50	2174
104	-48	2179
104	-46	2178
104	-44	2184
104	-42	2194
104	-40	2167
104	-38	2186
104	-36	2187
104	-34	2174
104	-32	2198
104	-30	2198
104	-28	2158
104	-26	2184
104	-24	2162
104	-22	2148
104	-20	2191
104	-18	2137
104	-16	2164
104	-14	2153
104	-12	2135
104	-10	2163
104	-8	2167
104	-6	2146
104	-4	2156
104	-2	2153
104	0	2163
104	2	2181
104	4	2153
104	6	2159
104	8	2143
104	10	2148
104	12	2165
104	14	2199
104	16	2182
104	18	2169
104	20	2157
104	22	2180
104	24	2176
104	26	2178
104	28	2175
104	30	2175
104	32	2182
104	34	2155
104	36	2156
104	38	2175
104	40	2186
104	42	2178
104	44	2180
104	46	2172
104	48	2171
104	50	2151
104	52	2186
104	54	2202
104	56	2185
104	58	2195
104	60	2168
104	62	2186
104	64	2190
104	66	2152
104	68	2200
104	70	2189
104	72	2167
104	74	2152
104	76	2169
104	78	2172
104	80	2165
104	82	2184
104	84	2169
104	86	2160
104	88	2148
104	90	2137
104	92	2090
104	94	2160
104	96	2185
104	98	2164
108	-290	2173
108	-288	2174
108	-286	2200
108	-284	2246
108	-282	2219
108	-280	2212
108	-278	2218
108	-276	2224
108	-274	2244
108	-272	2225
108	-270	2202
108	-268	2217
108	-266	2221
108	-264	2226
108	-262	2208
108	-260	2221
108	-258	2224
108	-256	2227
108	-254	2245
108	-252	2226
108	-250	2245
108	-248	2236
108	-246	2203
108	-244	2210
108	-242	2215
108	-240	2201
108	-238	2251
108	-236	2260
108	-234	2237
108	-232	2259
108	-230	2260
108	-228	2253
108	-226	2267
108	-224	2269
108	-222	2267
108	-220	2282
108	-218	2275
108	-216	2284
108	-214	2296
108	-212	2313
108	-210	2291
108	-208	2279
108	-206	2291
108	-204	2243
108	-202	2297
108	-200	2291
108	-198	2303
108	-196	2281
108	-194	2292
108	-192	2240
108	-190	2278
108	-188	2317
108	-186	2279
108	-184	2239
108	-182	2277
108	-180	2272
108	-178	2301
108	-176	2272
108	-174	2219
108	-172	2265
108	-170	2211
108	-168	2281
108	-166	2252
108	-164	2265
108	-162	2283
108	-160	2263
108	-158	2281
108	-156	2281
108	-154	2288
108	-152	2247
108	-150	2196
108	-148	2248
108	-146	2254
108	-144	2241
108	-142	2209
108	-140	2175
108	-138	2201
108	-136	2236
108	-134	2192
108	-132	2185
108	-130	2187
108	-128	2194
108	-126	2220
108	-124	2232
108	-122	2189
108	-120	2200
108	-118	2216
108	-116	2215
108	-114	2250
108	-112	2234
108	-110	2230
108	-108	2234
108	-106	2243
108	-104	2240
108	-102	2208
108	-100	2208
108	-98	2217
108	-96	2191
108	-94	2201
108	-92	2208
108	-90	2139
108	-88	2214
108	-86	2202
108	-84	2195
108	-82	2195
108	-80	2235
108	-78	2165
108	-76	2182
108	-74	2236
108	-72	2215
108	-70	2161
108	-68	2178
108	-66	2156
108	-64	2172
108	-62	2164
108	-60	2169
108	-58	2195
108	-56	2151
108	-54	2115
108	-52	2187
108	-50	2137
108	-48	2175
108	-46	2176
108	-44	2154
108	-42	2183
108	-40	2123
108	-38	2123
108	-36	2169
108	-34	2179
108	-32	2114
108	-30	2129
108	-28	2164
108	-26	2115
108	-24	2115
108	-22	2111
108	-20	2119
108	-18	2102
108	-16	2132
108	-14	2122
108	-12	2137
108	-10	2139
108	-8	2141
108	-6	2133
108	-4	2123
108	-2	2145
108	0	2156
108	2	2140
108	4	2133
108	6	2159
108	8	2183
108	10	2164
108	12	2123
108	14	2146
108	16	2103
108	18	2145
108	20	2135
108	22	2164
108	24	2123
108	26	2114
108	28	2136
108	30	2136
108	32	2114
108	34	2128
108	36	2135
108	38	2125
108	40	2116
108	42	2112
108	44	2097
108	46	2134
108	48	2116
108	50	2099
108	52	2121
108	54	2114
108	56	2068
108	58	2137
108	60	2142
108	62	2125
108	64	2119
108	66	2118
108	68	2130
108	70	2132
108	72	2089
108	74	2129
108	76	2131
108	78	2108
108	80	2152
108	82	2144
108	84	2134
108	86	2160
108	88	2154
108	90	2169
108	92	2130
108	94	2145
108	96	2145
108	98	2162
112	-290	2257
112	-288	2219
112	-286	2205
112	-284	2208
112	-282	2174
112	-280	2193
112	-278	2235
112	-276	2243
112	-274	2229
112	-272	2269
112	-270	2261
112	-268	2260
112	-266	2202
112	-264	2244
112	-262	2226
112	-260	2234
112	-258	2257
112	-256	2216
112	-254	2237
112	-252	2230
112	-250	2238
112	-248	2253
112	-246	2228
112	-244	2210
112	-242	2220
112	-240	2212
112	-238	2194
112	-236	2214
112	-234	2218
112	-232	2188
112	-230	2143
112	-228	2166
112	-226	2169
112	-224	2139
112	-222	2140
112	-220	2141
112	-218	2177
112	-216	2174
112	-214	2201
112	-212	2210
112	-210	2203
112	-208	2202
112	-206	2146
112	-204	2187
112	-202	2193
112	-200	2183
112	-198	2202
112	-196	2194
112	-194	2172
112	-192	2137
112	-190	2147
112	-188	2136
112	-186	2186
112	-184	2156
112	-182	2151
112	-180	2182
112	-178	2191
112	-176	2198
112	-174	2195
112	-172	2197
112	-170	2195
112	-168	2191
112	-166	2180
112	-164	2170
112	-162	2159
112	-160	2154
112	-158	2120
112	-156	2163
112	-154	2159
112	-152	2169
112	-150	2142
112	-148	2154
112	-146	2139
112	-144	2108
112	-142	2144
112	-140	2160
112	-138	2164
112	-136	2147
112	-134	2141
112	-132	2140
112	-130	2130
112	-128	2138
112	-126	2133
112	-124	2157
112	-122	2145
112	-120	2169
112	-118	2133
112	-116	2098
112	-114	2120
112	-112	2170
112	-110	2186
112	-108	2144
112	-106	2177
112	-104	2122
112	-102	2129
112	-100	2169
112	-98	2180
112	-96	2141
112	-94	2159
112	-92	2143
112	-90	2110
112	-88	2112
112	-86	2085
112	-84	2130
112	-82	2124
112	-80	2149
112	-78	2097
112	-76	2129
112	-74	2111
112	-72	2159
112	-70	2138
112	-68	2147
112	-66	2149
112	-64	2132
112	-62	2161
112	-60	2146
112	-58	2108
112	-56	2115
112	-54	2125
112	-52	2136
112	-50	2082
112	-48	2109
112	-46	2128
112	-44	2121
112	-42	2155
112	-40	2119
112	-38	2129
112	-36	2136
112	-34	2135
112	-32	2043
112	-30	2043
112	-28	2164
112	-26	2138
112	-24	2130
112	-22	2147
112	-20	2115
112	-18	2135
112	-16	2148
112	-14	2131
112	-12	2134
112	-10	2097
112	-8	2161
112	-6	2125
112	-4	2117
112	-2	2123
112	0	2131
112	2	2126
112	4	2131
112	6	2123
112	8	2126
112	10	2102
112	12	2107
112	14	2103
112	16	2105
112	18	2115
112	20	2105
112	22	2140
112	24	2134
112	26	2149
112	28	2077
112	30	2115
112	32	2120
112	34	2146
112	36	2111
112	38	2123
112	40	2152
112	42	2140
112	44	2155
112	46	2144
112	48	2158
112	50	2149
112	52	2142
112	54	2151
112	56	2116
112	58	2160
112	60	2123
112	62	2126
112	64	2105
112	66	2078
112	68	2095
112	70	2071
112	72	2082
112	74	2097
112	76	2073
112	78	2082
112	80	2065
112	82	2079
112	84	2073
112	86	2080
112	88	2081
112	90	2109
112	92	2093
112	94	2101
112	96	2078
112	98	2094
116	-290	2397
116	-288	2345
116	-286	2412
116	-284	2383
116	-282	2331
116	-280	2353
116	-278	2357
116	-276	2350
116	-274	2280
116	-272	2297
116	-270	2380
116	-268	2312
116	-266	2316
116	-264	2343
116	-262	2259
116	-260	2319
116	-258	2324
116	-256	2335
116	-254	2321
116	-252	2319
116	-250	2324
116	-248	2320
116	-246	2284
116	-244	2331
116	-242	2324
116	-240	2324
116	-238	2303
116	-236	2257
116	-234	2312
116	-232	2217
116	-230	2242
116	-228	2251
116	-226	2229
116	-224	2213
116	-222	2222
116	-220	2231
116	-218	2209
116	-216	2280
116	-214	2247
116	-212	2181
116	-210	2237
116	-208	2174
116	-206	2229
116	-204	2236
116	-202	2185
116	-200	2237
116	-198	2170
116	-196	2140
116	-194	2184
116	-192	2182
116	-190	2155
116	-188	2158
116	-186	2217
116	-184	2166
116	-182	2192
116	-180	2160
116	-178	2147
116	-176	2215
116	-174	2219
116	-172	2183
116	-170	2248
116	-168	2199
116	-166	2191
116	-164	2204
116	-162	2217
116	-160	2190
116	-158	2195
116	-156	2255
116	-154	2195
116	-152	2193
116	-150	2244
116	-148	2239
116	-146	2208
116	-144	2146
116	-142	2271
116	-140	2266
116	-138	2298
116	-136	2339
116	-134	2259
116	-132	2268
116	-130	2266
116	-128	2116
116	-126	2233
116	-124	2276
116	-122	2246
116	-120	2255
116	-118	2198
116	-116	2271
116	-114	2275
116	-112	2226
116	-110	2209
116	-108	2242
116	-106	2229
116	-104	2195
116	-102	2199
116	-100	2142
116	-98	2220
116	-96	2172
116	-94	2221
116	-92	2177
116	-90	2120
116	-88	2203
116	-86	2220
116	-84	2189
116	-82	2185
116	-80	2174
116	-78	2173
116	-76	2124
116	-74	2182
116	-72	2176
116	-70	2155
116	-68	2165
116	-66	2166
116	-64	2177
116	-62	2184
116	-60	2150
116	-58	2187
116	-56	2198
116	-54	2150
116	-52	2195
116	-50	2194
116	-48	2180
116	-46	2174
116	-44	2103
116	-42	2200
116	-40	2195
116	-38	2203
116	-36	2182
116	-34	2189
116	-32	2185
116	-30	2183
116	-28	2256
116	-26	2213
116	-24	2191
116	-22	2115
116	-20	2195
116	-18	2167
116	-16	2214
116	-14	2167
116	-12	2181
116	-10	2189
116	-8	2208
116	-6	2163
116	-4	2273
116	-2	2184
116	0	2207
116	2	2227
116	4	2191
116	6	2203
116	8	2207
116	10	2189
116	12	2204
116	14	2205
116	16	2161
116	18	2115
116	20	2170
116	22	2144
116	24	2176
116	26	2182
116	28	2128
116	30	2178
116	32	2201
116	34	2152
116	36	2146
116	38	2155
116	40	2161
116	42	2092
116	44	2151
116	46	2156
116	48	2127
116	50	2104
116	52	2181
116	54	2157
116	56	2204
116	58	2125
116	60	2118
116	62	2105
116	64	2163
116	66	2153
116	68	2147
116	70	2158
116	72	2168
116	74	2164
116	76	2168
116	78	2188
116	80	2128
116	82	2146
116	84	2171
116	86	2165
116	88	2148
116	90	2158
116	92	2195
116	94	2130
116	96	2207
116	98	2185
120	-290	2578
120	-288	2661
120	-286	2677
120	-284	2666
120	-282	2712
120	-280	2651
120	-278	2643
120	-276	2653
120	-274	2656
120	-272	2632
120	-270	2675
120	-268	2683
120	-266	2571
120	-264	2681
120	-262	2641
120	-260	2610
120	-258	2554
120	-256	2671
120	-254	2613
120	-252	2611
120	-250	2555
120	-248	2523
120	-246	2575
120	-244	2527
120	-242	2520
120	-240	2546
120	-238	2540
120	-236	2472
120	-234	2539
120	-232	2500
120	-230	2527
120	-228	2472
120	-226	2591
120	-224	2591
120	-222	2505
120	-220	2537
120	-218	2485
120	-216	2425
120	-214	2477
120	-212	2480
120	-210	2531
120	-208	2507
120	-206	2512
120	-204	2469
120	-202	2542
120	-200	2431
120	-198	2430
120	-196	2408
120	-194	2448
120	-192	2470
120	-190	2483
120	-188	2448
120	-186	2455
120	-184	2423
120	-182	2473
120	-180	2359
120	-178	2456
120	-176	2444
120	-174	2459
120	-172	2437
120	-170	2395
120	-168	2409
120	-166	2368
120	-164	2399
120	-162	2411
120	-160	2338
120	-158	2400
120	-156	2424
120	-154	2406
120	-152	2428
120	-150	2365
120	-148	2426
120	-146	2432
120	-144	2428
120	-142	2417
120	-140	2422
120	-138	2362
120	-136	2421
120	-134	2388
120	-132	2351
120	-130	2389
120	-128	2412
120	-126	2349
120	-124	2378
120	-122	2325
120	-120	2212
120	-118	2308
120	-116	2297
120	-114	2384
120	-112	2321
120	-110	2371
120	-108	2347
120	-106	2399
120	-104	2347
120	-102	2266
120	-100	2422
120	-98	2359
120	-96	2381
120	-94	2294
120	-92	2324
120	-90	2353
120	-88	2376
120	-86	2383
120	-84	2378
120	-82	2351
120	-80	2351
120	-78	2282
120	-76	2315
120	-74	2390
120	-72	2315
120	-70	2387
120	-68	2356
120	-66	2377
120	-64	2373
120	-62	2337
120	-60	2401
120	-58	2377
120	-56	2340
120	-54	2365
120	-52	2396
120	-50	2408
120	-48	2408
120	-46	2292
120	-44	2391
120	-42	2363
120	-40	2370
120	-38	2334
120	-36	2393
120	-34	2371
120	-32	2412
120	-30	2409
120	-28	2386
120	-26	2366
120	-24	2403
120	-22	2351
120	-20	2363
120	-18	2290
120	-16	2374
120	-14	2418
120	-12	2294
120	-10	2363
120	-8	2452
120	-6	2481
120	-4	2458
120	-2	2438
120	0	2459
120	2	2418
120	4	2466
120	6	2411
120	8	2469
120	10	2449
120	12	2378
120	14	2439
120	16	2439
120	18	2455
120	20	2445
120	22	2449
120	24	2444
120	26	2414
120	28	2445
120	30	2398
120	32	2387
120	34	2411
120	36	2376
120	38	2358
120	40	2461
120	42	2503
120	44	2442
120	46	2457
120	48	2482
120	50	2471
120	52	2482
120	54	2468
120	56	2508
120	58	2378
120	60	2441
120	62	2468
120	64	2456
120	66	2452
120	68	2482
120	70	2470
120	72	2450
120	74	2468
120	76	2484
120	78	2445
120	80	2487
120	82	2471
120	84	2463
120	86	2481
120	88	2467
120	90	2485
120	92	2474
120	94	2450
120	96	2473
120	98	2486
