64	-290	7887
64	-288	8269
64	-286	8076
64	-284	8186
64	-282	8334
64	-280	8439
64	-278	8214
64	-276	8060
64	-274	7798
64	-272	7740
64	-270	7350
64	-268	7408
64	-266	7821
64	-264	7711
64	-262	7913
64	-260	8352
64	-258	8222
64	-256	8167
64	-254	8529
64	-252	8458
64	-250	8314
64	-248	8302
64	-246	8379
64	-244	8471
64	-242	8789
64	-240	8642
64	-238	8702
64	-236	8721
64	-234	8527
64	-232	8609
64	-230	8433
64	-228	8307
64	-226	8304
64	-224	8395
64	-222	8538
64	-220	8723
64	-218	8412
64	-216	8478
64	-214	8421
64	-212	8260
64	-210	8178
64	-208	8227
64	-206	8048
64	-204	7972
64	-202	7834
64	-200	7852
64	-198	8083
64	-196	8057
64	-194	8056
64	-192	7872
64	-190	7879
64	-188	7883
64	-186	7996
64	-184	7627
64	-182	7756
64	-180	7926
64	-178	8003
64	-176	7720
64	-174	7702
64	-172	7786
64	-170	7656
64	-168	7652
64	-166	7634
64	-164	7617
64	-162	7586
64	-160	7788
64	-158	7917
64	-156	7947
64	-154	7881
64	-152	7947
64	-150	7705
64	-148	7893
64	-146	7897
64	-144	7951
64	-142	7968
64	-140	7919
64	-138	7905
64	-136	8025
64	-134	8025
64	-132	7911
64	-130	7917
64	-128	7878
64	-126	7877
64	-124	7956
64	-122	7997
64	-120	8076
64	-118	8059
64	-116	8036
64	-114	7974
64	-112	7888
64	-110	7996
64	-108	7938
64	-106	7907
64	-104	7946
64	-102	7924
64	-100	7823
64	-98	7853
64	-96	7730
64	-94	7733
64	-92	7888
64	-90	7724
64	-88	7635
64	-86	7735
64	-84	7643
64	-82	7836
64	-80	7706
64	-78	7669
64	-76	7617
64	-74	7750
64	-72	7750
64	-70	7824
64	-68	7803
64	-66	7796
64	-64	7772
64	-62	7758
64	-60	7724
64	-58	7755
64	-56	7725
64	-54	7810
64	-52	7713
64	-50	7705
64	-48	7738
64	-46	7826
64	-44	7860
64	-42	7780
64	-40	7667
64	-38	7787
64	-36	7684
64	-34	7752
64	-32	7707
64	-30	7691
64	-28	7596
64	-26	7639
64	-24	7673
64	-22	7610
64	-20	7747
64	-18	7770
64	-16	7791
64	-14	7692
64	-12	7645
64	-10	7654
64	-8	7572
64	-6	7652
64	-4	7569
64	-2	7584
64	0	7677
64	2	7696
64	4	7635
64	6	7633
64	8	7555
64	10	7607
64	12	7625
64	14	7580
64	16	7602
64	18	7617
64	20	7618
64	22	7527
64	24	7539
64	26	7528
64	28	7643
64	30	7559
64	32	7590
64	34	7564
64	36	7611
64	38	7700
64	40	7661
64	42	7675
64	44	7574
64	46	7630
64	48	7708
64	50	7637
64	52	7626
64	54	7507
64	56	7574
64	58	7617
64	60	7602
64	62	7668
64	64	7515
64	66	7489
64	68	7475
64	70	7469
64	72	7332
64	74	7366
64	76	7449
64	78	7347
64	80	7396
64	82	7367
64	84	7382
64	86	7345
64	88	7393
64	90	7358
64	92	7305
64	94	7439
64	96	7351
64	98	7595
68	-290	8220
68	-288	8223
68	-286	8125
68	-284	8330
68	-282	8449
68	-280	8481
68	-278	8420
68	-276	8228
68	-274	8131
68	-272	7976
68	-270	8016
68	-268	8225
68	-266	8008
68	-264	7902
68	-262	7944
68	-260	8155
68	-258	8139
68	-256	8564
68	-254	8331
68	-252	8100
68	-250	8434
68	-248	8416
68	-246	8231
68	-244	8610
68	-242	8783
68	-240	8702
68	-238	8665
68	-236	8583
68	-234	8608
68	-232	8550
68	-230	8618
68	-228	8709
68	-226	8387
68	-224	8193
68	-222	8310
68	-220	8207
68	-218	8071
68	-216	7994
68	-214	8178
68	-212	8271
68	-210	8163
68	-208	8057
68	-206	8239
68	-204	8095
68	-202	7931
68	-200	8128
68	-198	8099
68	-196	8121
68	-194	8004
68	-192	8107
68	-190	7973
68	-188	7766
68	-186	7696
68	-184	7704
68	-182	7667
68	-180	7794
68	-178	7751
68	-176	7737
68	-174	7810
68	-172	7606
68	-170	7737
68	-168	7569
68	-166	7736
68	-164	7797
68	-162	7724
68	-160	7706
68	-158	7742
68	-156	7687
68	-154	7790
68	-152	7695
68	-150	7638
68	-148	7669
68	-146	7760
68	-144	7911
68	-142	7957
68	-140	7883
68	-138	8074
68	-136	7917
68	-134	8062
68	-132	7998
68	-130	7924
68	-128	8073
68	-126	8071
68	-124	8064
68	-122	8072
68	-120	8080
68	-118	8061
68	-116	7907
68	-114	8006
68	-112	8016
68	-110	7940
68	-108	7864
68	-106	7904
68	-104	7953
68	-102	7825
68	-100	7832
68	-98	7782
68	-96	7731
68	-94	7763
68	-92	7862
68	-90	7676
68	-88	7732
68	-86	7749
68	-84	7881
68	-82	7839
68	-80	7792
68	-78	7721
68	-76	7791
68	-74	7649
68	-72	7616
68	-70	7711
68	-68	7563
68	-66	7670
68	-64	7692
68	-62	7684
68	-60	7646
68	-58	7683
68	-56	7682
68	-54	7564
68	-52	7702
68	-50	7662
68	-48	7628
68	-46	7642
68	-44	7739
68	-42	7655
68	-40	7631
68	-38	7646
68	-36	7566
68	-34	7611
68	-32	7482
68	-30	7535
68	-28	7586
68	-26	7587
68	-24	7531
68	-22	7508
68	-20	7572
68	-18	7587
68	-16	7600
68	-14	7581
68	-12	7601
68	-10	7715
68	-8	7673
68	-6	7520
68	-4	7461
68	-2	7600
68	0	7661
68	2	7565
68	4	7604
68	6	7550
68	8	7668
68	10	7593
68	12	7589
68	14	7682
68	16	7588
68	18	7530
68	20	7643
68	22	7506
68	24	7548
68	26	7506
68	28	7571
68	30	7521
68	32	7534
68	34	7446
68	36	7411
68	38	7370
68	40	7387
68	42	7351
68	44	7403
68	46	7391
68	48	7461
68	50	7425
68	52	7468
68	54	7488
68	56	7397
68	58	7466
68	60	7440
68	62	7526
68	64	7460
68	66	7474
68	68	7608
68	70	7557
68	72	7604
68	74	7452
68	76	7699
68	78	7565
68	80	7569
68	82	7741
68	84	7711
68	86	7584
68	88	7744
68	90	7711
68	92	7740
68	94	7602
68	96	7702
68	98	7757
72	-290	8514
72	-288	7951
72	-286	8067
72	-284	8352
72	-282	8476
72	-280	8291
72	-278	8335
72	-276	8298
72	-274	8121
72	-272	8190
72	-270	8257
72	-268	7868
72	-266	7764
72	-264	7848
72	-262	7966
72	-260	7802
72	-258	7923
72	-256	7927
72	-254	7905
72	-252	7802
72	-250	8079
72	-248	7881
72	-246	8102
72	-244	8059
72	-242	8176
72	-240	8115
72	-238	8360
72	-236	8230
72	-234	8112
72	-232	8200
72	-230	7882
72	-228	8016
72	-226	7880
72	-224	8043
72	-222	8145
72	-220	8287
72	-218	7969
72	-216	8234
72	-214	8406
72	-212	8348
72	-210	8416
72	-208	8074
72	-206	7837
72	-204	7947
72	-202	8018
72	-200	7957
72	-198	7792
72	-196	8084
72	-194	8100
72	-192	8175
72	-190	8054
72	-188	8075
72	-186	7962
72	-184	7875
72	-182	7944
72	-180	7785
72	-178	7976
72	-176	7824
72	-174	7847
72	-172	7978
72	-170	8082
72	-168	7841
72	-166	7954
72	-164	8017
72	-162	7933
72	-160	7856
72	-158	7698
72	-156	7804
72	-154	7868
72	-152	7757
72	-150	7838
72	-148	7902
72	-146	7842
72	-144	7909
72	-142	7730
72	-140	7827
72	-138	7860
72	-136	7862
72	-134	7782
72	-132	7768
72	-130	7887
72	-128	7808
72	-126	7805
72	-124	7907
72	-122	7834
72	-120	7877
72	-118	7853
72	-116	7805
72	-114	7858
72	-112	7747
72	-110	7711
72	-108	7794
72	-106	7894
72	-104	7784
72	-102	7963
72	-100	7682
72	-98	7717
72	-96	7737
72	-94	7859
72	-92	7630
72	-90	7685
72	-88	7795
72	-86	7670
72	-84	7693
72	-82	7604
72	-80	7753
72	-78	7733
72	-76	7749
72	-74	7670
72	-72	7679
72	-70	7707
72	-68	7710
72	-66	7694
72	-64	7688
72	-62	7722
72	-60	7804
72	-58	7561
72	-56	7594
72	-54	7661
72	-52	7666
72	-50	7698
72	-48	7713
72	-46	7649
72	-44	7670
72	-42	7670
72	-40	7553
72	-38	7607
72	-36	7570
72	-34	7645
72	-32	7623
72	-30	7582
72	-28	7597
72	-26	7620
72	-24	7547
72	-22	7605
72	-20	7540
72	-18	7668
72	-16	7610
72	-14	7490
72	-12	7470
72	-10	7623
72	-8	7597
72	-6	7584
72	-4	7593
72	-2	7482
72	0	7579
72	2	7591
72	4	7537
72	6	7474
72	8	7648
72	10	7565
72	12	7494
72	14	7475
72	16	7581
72	18	7661
72	20	7681
72	22	7609
72	24	7603
72	26	7636
72	28	7582
72	30	7705
72	32	7706
72	34	7592
72	36	7513
72	38	7593
72	40	7333
72	42	7472
72	44	7392
72	46	7523
72	48	7495
72	50	7486
72	52	7451
72	54	7577
72	56	7507
72	58	7447
72	60	7519
72	62	7484
72	64	7527
72	66	7503
72	68	7505
72	70	7646
72	72	7525
72	74	7603
72	76	7527
72	78	7585
72	80	7624
72	82	7600
72	84	7599
72	86	7573
72	88	7734
72	90	7633
72	92	7558
72	94	7591
72	96	7501
72	98	7667
76	-290	8151
76	-288	8162
76	-286	8294
76	-284	8443
76	-282	8288
76	-280	8341
76	-278	8310
76	-276	8231
76	-274	7995
76	-272	8051
76	-270	7701
76	-268	7662
76	-266	7783
76	-264	7722
76	-262	7922
76	-260	7912
76	-258	8308
76	-256	7996
76	-254	7724
76	-252	7752
76	-250	7768
76	-248	7811
76	-246	8186
76	-244	7952
76	-242	8226
76	-240	8171
76	-238	8334
76	-236	8148
76	-234	8108
76	-232	7955
76	-230	7908
76	-228	7877
76	-226	7875
76	-224	7742
76	-222	7610
76	-220	7688
76	-218	7722
76	-216	7843
76	-214	7874
76	-212	7948
76	-210	7932
76	-208	8237
76	-206	8182
76	-204	8044
76	-202	8023
76	-200	8076
76	-198	7937
76	-196	7878
76	-194	8064
76	-192	8048
76	-190	8006
76	-188	8096
76	-186	8136
76	-184	7928
76	-182	7759
76	-180	7724
76	-178	7835
76	-176	7828
76	-174	7821
76	-172	7952
76	-170	7803
76	-168	7700
76	-166	7605
76	-164	7692
76	-162	7654
76	-160	7789
76	-158	7714
76	-156	7778
76	-154	7687
76	-152	7814
76	-150	7835
76	-148	8004
76	-146	8037
76	-144	8065
76	-142	7993
76	-140	8057
76	-138	8040
76	-136	7896
76	-134	7995
76	-132	7900
76	-130	7864
76	-128	7813
76	-126	7742
76	-124	7814
76	-122	7878
76	-120	7787
76	-118	7906
76	-116	7888
76	-114	7890
76	-112	7887
76	-110	7837
76	-108	7866
76	-106	7965
76	-104	7784
76	-102	7834
76	-100	7729
76	-98	7844
76	-96	7830
76	-94	7792
76	-92	7826
76	-90	7734
76	-88	7738
76	-86	7700
76	-84	7676
76	-82	7609
76	-80	7554
76	-78	7757
76	-76	7724
76	-74	7715
76	-72	7742
76	-70	7685
76	-68	7859
76	-66	7792
76	-64	7777
76	-62	7904
76	-60	7819
76	-58	7790
76	-56	7789
76	-54	7828
76	-52	7948
76	-50	7916
76	-48	7878
76	-46	7815
76	-44	7777
76	-42	7763
76	-40	7638
76	-38	7485
76	-36	7559
76	-34	7553
76	-32	7512
76	-30	7699
76	-28	7701
76	-26	7663
76	-24	7707
76	-22	7592
76	-20	7650
76	-18	7555
76	-16	7566
76	-14	7662
76	-12	7619
76	-10	7574
76	-8	7648
76	-6	7838
76	-4	7642
76	-2	7558
76	0	7579
76	2	7646
76	4	7720
76	6	7614
76	8	7632
76	10	7641
76	12	7566
76	14	7526
76	16	7558
76	18	7420
76	20	7382
76	22	7465
76	24	7483
76	26	7415
76	28	7501
76	30	7604
76	32	7582
76	34	7543
76	36	7492
76	38	7439
76	40	7637
76	42	7408
76	44	7574
76	46	7668
76	48	7697
76	50	7595
76	52	7685
76	54	7623
76	56	7636
76	58	7530
76	60	7655
76	62	7678
76	64	7812
76	66	7645
76	68	7725
76	70	7732
76	72	7625
76	74	7669
76	76	7475
76	78	7671
76	80	7642
76	82	7598
76	84	7554
76	86	7631
76	88	7655
76	90	7658
76	92	7558
76	94	7614
76	96	7660
76	98	7689
80	-290	8023
80	-288	8236
80	-286	8698
80	-284	8319
80	-282	8007
80	-280	8062
80	-278	8254
80	-276	8197
80	-274	8264
80	-272	8028
80	-270	7743
80	-268	7509
80	-266	7703
80	-264	8029
80	-262	8047
80	-260	7929
80	-258	8258
80	-256	8336
80	-254	7906
80	-252	7636
80	-250	7623
80	-248	7923
80	-246	7996
80	-244	7915
80	-242	7965
80	-240	7615
80	-238	7550
80	-236	7639
80	-234	7845
80	-232	8021
80	-230	7661
80	-228	7546
80	-226	7702
80	-224	8158
80	-222	7779
80	-220	7829
80	-218	7887
80	-216	7674
80	-214	7806
80	-212	7890
80	-210	7875
80	-208	7898
80	-206	7730
80	-204	7964
80	-202	7770
80	-200	7792
80	-198	7974
80	-196	7965
80	-194	8101
80	-192	8198
80	-190	8192
80	-188	8065
80	-186	8012
80	-184	8151
80	-182	8145
80	-180	7983
80	-178	7814
80	-176	7769
80	-174	7662
80	-172	7777
80	-170	7763
80	-168	7794
80	-166	7969
80	-164	7723
80	-162	7821
80	-160	7798
80	-158	7776
80	-156	7744
80	-154	7725
80	-152	7750
80	-150	7914
80	-148	7952
80	-146	7916
80	-144	7885
80	-142	7883
80	-140	7950
80	-138	8104
80	-136	7901
80	-134	7831
80	-132	7857
80	-130	7965
80	-128	8165
80	-126	7929
80	-124	7909
80	-122	7836
80	-120	8027
80	-118	7917
80	-116	7932
80	-114	8137
80	-112	7977
80	-110	7998
80	-108	8061
80	-106	8031
80	-104	7873
80	-102	7857
80	-100	7758
80	-98	7814
80	-96	8007
80	-94	7875
80	-92	7838
80	-90	7853
80	-88	7878
80	-86	7918
80	-84	7805
80	-82	7873
80	-80	7742
80	-78	7895
80	-76	7789
80	-74	7640
80	-72	7797
80	-70	7716
80	-68	7718
80	-66	7820
80	-64	7895
80	-62	7858
80	-60	7848
80	-58	7820
80	-56	7866
80	-54	7928
80	-52	7891
80	-50	7854
80	-48	7774
80	-46	7825
80	-44	7770
80	-42	7780
80	-40	7783
80	-38	7812
80	-36	7623
80	-34	7840
80	-32	7759
80	-30	7795
80	-28	7796
80	-26	7795
80	-24	7732
80	-22	7728
80	-20	7651
80	-18	7816
80	-16	7837
80	-14	7696
80	-12	7829
80	-10	7712
80	-8	7676
80	-6	7732
80	-4	7774
80	-2	7622
80	0	7710
80	2	7807
80	4	7707
80	6	7655
80	8	7678
80	10	7690
80	12	7749
80	14	7604
80	16	7529
80	18	7659
80	20	7683
80	22	7600
80	24	7594
80	26	7546
80	28	7671
80	30	7812
80	32	7634
80	34	7590
80	36	7764
80	38	7599
80	40	7666
80	42	7722
80	44	7757
80	46	7791
80	48	7736
80	50	7766
80	52	7771
80	54	7678
80	56	7636
80	58	7541
80	60	7676
80	62	7541
80	64	7687
80	66	7885
80	68	7729
80	70	7684
80	72	7744
80	74	7745
80	76	7870
80	78	7816
80	80	7803
80	82	7766
80	84	7613
80	86	7702
80	88	7748
80	90	7700
80	92	7632
80	94	7681
80	96	7716
80	98	7680
84	-290	7908
84	-288	7319
84	-286	7438
84	-284	7464
84	-282	7610
84	-280	7844
84	-278	7619
84	-276	7479
84	-274	7589
84	-272	7901
84	-270	7726
84	-268	7798
84	-266	7949
84	-264	7984
84	-262	8198
84	-260	7864
84	-258	7558
84	-256	7766
84	-254	7581
84	-252	7536
84	-250	7514
84	-248	7793
84	-246	7793
84	-244	7692
84	-242	7672
84	-240	7578
84	-238	7923
84	-236	7824
84	-234	7785
84	-232	7896
84	-230	8064
84	-228	8047
84	-226	8093
84	-224	8069
84	-222	7999
84	-220	7920
84	-218	7907
84	-216	7972
84	-214	7926
84	-212	7932
84	-210	7827
84	-208	7813
84	-206	7684
84	-204	7832
84	-202	7835
84	-200	7697
84	-198	8095
84	-196	7888
84	-194	8180
84	-192	8085
84	-190	8244
84	-188	8206
84	-186	8161
84	-184	8208
84	-182	7976
84	-180	7747
84	-178	7822
84	-176	7805
84	-174	7951
84	-172	7911
84	-170	7936
84	-168	8107
84	-166	8128
84	-164	8116
84	-162	8096
84	-160	7940
84	-158	7985
84	-156	7901
84	-154	7917
84	-152	7724
84	-150	7748
84	-148	7861
84	-146	7689
84	-144	7765
84	-142	7644
84	-140	7653
84	-138	7716
84	-136	7867
84	-134	7887
84	-132	7841
84	-130	7868
84	-128	7898
84	-126	7967
84	-124	8010
84	-122	7949
84	-120	8130
84	-118	7978
84	-116	7918
84	-114	8018
84	-112	8212
84	-110	7990
84	-108	7903
84	-106	8025
84	-104	7904
84	-102	7869
84	-100	7774
84	-98	7853
84	-96	7771
84	-94	7745
84	-92	7684
84	-90	7765
84	-88	7696
84	-86	7730
84	-84	7928
84	-82	8003
84	-80	7953
84	-78	7872
84	-76	7951
84	-74	7820
84	-72	8004
84	-70	8010
84	-68	8143
84	-66	8051
84	-64	7891
84	-62	7920
84	-60	7936
84	-58	7982
84	-56	7824
84	-54	7900
84	-52	7933
84	-50	7808
84	-48	7925
84	-46	8059
84	-44	7913
84	-42	7975
84	-40	8003
84	-38	7934
84	-36	7882
84	-34	7734
84	-32	7907
84	-30	7737
84	-28	7977
84	-26	7822
84	-24	7836
84	-22	7778
84	-20	7631
84	-18	7808
84	-16	7791
84	-14	7634
84	-12	7819
84	-10	7747
84	-8	7696
84	-6	7827
84	-4	7662
84	-2	7710
84	0	7755
84	2	7796
84	4	7719
84	6	7857
84	8	7793
84	10	7706
84	12	7620
84	14	7837
84	16	7601
84	18	7746
84	20	7620
84	22	7824
84	24	7621
84	26	7570
84	28	7568
84	30	7682
84	32	7566
84	34	7568
84	36	7703
84	38	7683
84	40	7631
84	42	7534
84	44	7565
84	46	7537
84	48	7679
84	50	7759
84	52	7535
84	54	7717
84	56	7790
84	58	7619
84	60	7615
84	62	7681
84	64	7481
84	66	7500
84	68	7524
84	70	7491
84	72	7727
84	74	7632
84	76	7634
84	78	7616
84	80	7543
84	82	7399
84	84	7377
84	86	7606
84	88	7481
84	90	7483
84	92	7577
84	94	7439
84	96	7405
84	98	7585
88	-290	7148
88	-288	7105
88	-286	7096
88	-284	7062
88	-282	7258
88	-280	7706
88	-278	7556
88	-276	7313
88	-274	7443
88	-272	7418
88	-270	7487
88	-268	7469
88	-266	7796
88	-264	8105
88	-262	8047
88	-260	8120
88	-258	8169
88	-256	7894
88	-254	7886
88	-252	7677
88	-250	7996
88	-248	8011
88	-246	8047
88	-244	7496
88	-242	7790
88	-240	7692
88	-238	7557
88	-236	7603
88	-234	7804
88	-232	7594
88	-230	7631
88	-228	7684
88	-226	7755
88	-224	7762
88	-222	7868
88	-220	7850
88	-218	7917
88	-216	7831
88	-214	7852
88	-212	7912
88	-210	7830
88	-208	8009
88	-206	7974
88	-204	7744
88	-202	7821
88	-200	8076
88	-198	7941
88	-196	7853
88	-194	7916
88	-192	7896
88	-190	7977
88	-188	7626
88	-186	7826
88	-184	7723
88	-182	7818
88	-180	7651
88	-178	7362
88	-176	7547
88	-174	7518
88	-172	7611
88	-170	7700
88	-168	7664
88	-166	7665
88	-164	7622
88	-162	7661
88	-160	7764
88	-158	7797
88	-156	7844
88	-154	7693
88	-152	7625
88	-150	7926
88	-148	7670
88	-146	7964
88	-144	7972
88	-142	7948
88	-140	7810
88	-138	8019
88	-136	7921
88	-134	7970
88	-132	7923
88	-130	7766
88	-128	7755
88	-126	7892
88	-124	7757
88	-122	7907
88	-120	7929
88	-118	8030
88	-116	7890
88	-114	7828
88	-112	7887
88	-110	7868
88	-108	7909
88	-106	7722
88	-104	7735
88	-102	7842
88	-100	7947
88	-98	7939
88	-96	7925
88	-94	8090
88	-92	8121
88	-90	7949
88	-88	8208
88	-86	7796
88	-84	7972
88	-82	7950
88	-80	8080
88	-78	7949
88	-76	7723
88	-74	7889
88	-72	7774
88	-70	7730
88	-68	7776
88	-66	7834
88	-64	7897
88	-62	7842
88	-60	7773
88	-58	7933
88	-56	7797
88	-54	7876
88	-52	7899
88	-50	7961
88	-48	7733
88	-46	7935
88	-44	7930
88	-42	7999
88	-40	7983
88	-38	7780
88	-36	7945
88	-34	8068
88	-32	8026
88	-30	8073
88	-28	7770
88	-26	7641
88	-24	7797
88	-22	7844
88	-20	7849
88	-18	7890
88	-16	7752
88	-14	7782
88	-12	7753
88	-10	7711
88	-8	7768
88	-6	7768
88	-4	7745
88	-2	7753
88	0	7930
88	2	7848
88	4	7740
88	6	7688
88	8	7700
88	10	7773
88	12	7787
88	14	7659
88	16	7658
88	18	7868
88	20	7798
88	22	7962
88	24	7819
88	26	7832
88	28	7867
88	30	7821
88	32	7897
88	34	7893
88	36	7968
88	38	8032
88	40	7999
88	42	7885
88	44	7835
88	46	7809
88	48	7817
88	50	7811
88	52	7941
88	54	7708
88	56	7740
88	58	7605
88	60	7834
88	62	7659
88	64	7783
88	66	7754
88	68	7635
88	70	7648
88	72	7728
88	74	7618
88	76	7623
88	78	7658
88	80	7609
88	82	7658
88	84	7529
88	86	7516
88	88	7623
88	90	7530
88	92	7457
88	94	7408
88	96	7212
88	98	7510
92	-290	7040
92	-288	7006
92	-286	7082
92	-284	7094
92	-282	7107
92	-280	7149
92	-278	7308
92	-276	7310
92	-274	7466
92	-272	7603
92	-270	7597
92	-268	7560
92	-266	7607
92	-264	7799
92	-262	8079
92	-260	7953
92	-258	7732
92	-256	7948
92	-254	7836
92	-252	7877
92	-250	7874
92	-248	7970
92	-246	8025
92	-244	7642
92	-242	7700
92	-240	7683
92	-238	7665
92	-236	7636
92	-234	7799
92	-232	7794
92	-230	7979
92	-228	7887
92	-226	7672
92	-224	7750
92	-222	7833
92	-220	7828
92	-218	8026
92	-216	7890
92	-214	8106
92	-212	7855
92	-210	7736
92	-208	7668
92	-206	7700
92	-204	7690
92	-202	7676
92	-200	7517
92	-198	7741
92	-196	7622
92	-194	7525
92	-192	7713
92	-190	7676
92	-188	7587
92	-186	7711
92	-184	7746
92	-182	7643
92	-180	7920
92	-178	7843
92	-176	7865
92	-174	7896
92	-172	8024
92	-170	8000
92	-168	7699
92	-166	7639
92	-164	7768
92	-162	7870
92	-160	7930
92	-158	7834
92	-156	7747
92	-154	7969
92	-152	7747
92	-150	7796
92	-148	7878
92	-146	7705
92	-144	7684
92	-142	7777
92	-140	7681
92	-138	7757
92	-136	7838
92	-134	7966
92	-132	7689
92	-130	7588
92	-128	7967
92	-126	7643
92	-124	7853
92	-122	7590
92	-120	7721
92	-118	7826
92	-116	7956
92	-114	7837
92	-112	7792
92	-110	7877
92	-108	7916
92	-106	8161
92	-104	8007
92	-102	7928
92	-100	8128
92	-98	8120
92	-96	7973
92	-94	7944
92	-92	7859
92	-90	7966
92	-88	7938
92	-86	7905
92	-84	8017
92	-82	8061
92	-80	7900
92	-78	7974
92	-76	7902
92	-74	7985
92	-72	8075
92	-70	8098
92	-68	8041
92	-66	7864
92	-64	7717
92	-62	7895
92	-60	7882
92	-58	7840
92	-56	7937
92	-54	7941
92	-52	7998
92	-50	7945
92	-48	7954
92	-46	7741
92	-44	7879
92	-42	7875
92	-40	7738
92	-38	7765
92	-36	7785
92	-34	7845
92	-32	7820
92	-30	7893
92	-28	7769
92	-26	8130
92	-24	7918
92	-22	7860
92	-20	7713
92	-18	7903
92	-16	7973
92	-14	7941
92	-12	7794
92	-10	7792
92	-8	7812
92	-6	7748
92	-4	7922
92	-2	7634
92	0	7757
92	2	7761
92	4	7769
92	6	7646
92	8	7773
92	10	7849
92	12	8003
92	14	7795
92	16	7910
92	18	8027
92	20	8159
92	22	8111
92	24	7891
92	26	7926
92	28	7752
92	30	7739
92	32	7970
92	34	7930
92	36	8024
92	38	7809
92	40	7855
92	42	7848
92	44	7805
92	46	7760
92	48	7712
92	50	7673
92	52	7664
92	54	7699
92	56	7648
92	58	7642
92	60	7781
92	62	7932
92	64	7711
92	66	7799
92	68	7899
92	70	7976
92	72	8078
92	74	7817
92	76	7964
92	78	8174
92	80	7903
92	82	7972
92	84	8045
92	86	7858
92	88	8003
92	90	7923
92	92	7893
92	94	8094
92	96	8117
92	98	8127
96	-290	7150
96	-288	6813
96	-286	6823
96	-284	6895
96	-282	6938
96	-280	7143
96	-278	7420
96	-276	7516
96	-274	7571
96	-272	7354
96	-270	7552
96	-268	7698
96	-266	7999
96	-264	7982
96	-262	7703
96	-260	7776
96	-258	7774
96	-256	7755
96	-254	7973
96	-252	7915
96	-250	7768
96	-248	7618
96	-246	7793
96	-244	7830
96	-242	8072
96	-240	7960
96	-238	8060
96	-236	7967
96	-234	7792
96	-232	7758
96	-230	7587
96	-228	7701
96	-226	7689
96	-224	7780
96	-222	7803
96	-220	7582
96	-218	7613
96	-216	7794
96	-214	7851
96	-212	7819
96	-210	7709
96	-208	7548
96	-206	7749
96	-204	7961
96	-202	7855
96	-200	8143
96	-198	8112
96	-196	7997
96	-194	7838
96	-192	7505
96	-190	7770
96	-188	7742
96	-186	7662
96	-184	7870
96	-182	7613
96	-180	7856
96	-178	7715
96	-176	7683
96	-174	7568
96	-172	7834
96	-170	7764
96	-168	7924
96	-166	7840
96	-164	7594
96	-162	7639
96	-160	7595
96	-158	7635
96	-156	7697
96	-154	7706
96	-152	7725
96	-150	7678
96	-148	7638
96	-146	7753
96	-144	7692
96	-142	7840
96	-140	7814
96	-138	7962
96	-136	7989
96	-134	7972
96	-132	7822
96	-130	7742
96	-128	7863
96	-126	7879
96	-124	7950
96	-122	7780
96	-120	7859
96	-118	7709
96	-116	7759
96	-114	7647
96	-112	7778
96	-110	7811
96	-108	7740
96	-106	7870
96	-104	7785
96	-102	7788
96	-100	7869
96	-98	8129
96	-96	8007
96	-94	8055
96	-92	7957
96	-90	7771
96	-88	7914
96	-86	8114
96	-84	7917
96	-82	7983
96	-80	7929
96	-78	7929
96	-76	8132
96	-74	8126
96	-72	8121
96	-70	8026
96	-68	8085
96	-66	8152
96	-64	7978
96	-62	8116
96	-60	7972
96	-58	7783
96	-56	7817
96	-54	7983
96	-52	7841
96	-50	7853
96	-48	7894
96	-46	7876
96	-44	7726
96	-42	7719
96	-40	7744
96	-38	7859
96	-36	7822
96	-34	7949
96	-32	7890
96	-30	7874
96	-28	7789
96	-26	7964
96	-24	7817
96	-22	7637
96	-20	7933
96	-18	7866
96	-16	7939
96	-14	7912
96	-12	7852
96	-10	7945
96	-8	7732
96	-6	7961
96	-4	7853
96	-2	7789
96	0	7860
96	2	7804
96	4	7739
96	6	7802
96	8	7735
96	10	7615
96	12	7773
96	14	7695
96	16	7621
96	18	7636
96	20	7702
96	22	7738
96	24	7924
96	26	7729
96	28	7858
96	30	7961
96	32	7745
96	34	7672
96	36	7806
96	38	7882
96	40	7803
96	42	7927
96	44	7809
96	46	7718
96	48	7776
96	50	7785
96	52	7714
96	54	7695
96	56	7606
96	58	7814
96	60	7676
96	62	7754
96	64	7691
96	66	7728
96	68	7730
96	70	8044
96	72	7854
96	74	7862
96	76	7689
96	78	7567
96	80	7876
96	82	7760
96	84	7782
96	86	7921
96	88	7697
96	90	7764
96	92	7702
96	94	7716
96	96	7721
96	98	7650
100	-290	7135
100	-288	7044
100	-286	6897
100	-284	7345
100	-282	7745
100	-280	7770
100	-278	7855
100	-276	7592
100	-274	7819
100	-272	7670
100	-270	7886
100	-268	7736
100	-266	7542
100	-264	7409
100	-262	7517
100	-260	7366
100	-258	7718
100	-256	7668
100	-254	7567
100	-252	7626
100	-250	7691
100	-248	7623
100	-246	7566
100	-244	7729
100	-242	7522
100	-240	7582
100	-238	7669
100	-236	7457
100	-234	7485
100	-232	7296
100	-230	7554
100	-228	7692
100	-226	7679
100	-224	7508
100	-222	7662
100	-220	7227
100	-218	7594
100	-216	7587
100	-214	7591
100	-212	7464
100	-210	7922
100	-208	7719
100	-206	7771
100	-204	7872
100	-202	7916
100	-200	7688
100	-198	7751
100	-196	7631
100	-194	7735
100	-192	7819
100	-190	7665
100	-188	7625
100	-186	7790
100	-184	7909
100	-182	7875
100	-180	7845
100	-178	7985
100	-176	8087
100	-174	7858
100	-172	7869
100	-170	7782
100	-168	7907
100	-166	7885
100	-164	8050
100	-162	7902
100	-160	7853
100	-158	7895
100	-156	8157
100	-154	7972
100	-152	7797
100	-150	7925
100	-148	8225
100	-146	8302
100	-144	7965
100	-142	8104
100	-140	8010
100	-138	8227
100	-136	8243
100	-134	8109
100	-132	8146
100	-130	8001
100	-128	8029
100	-126	8280
100	-124	8093
100	-122	8082
100	-120	8131
100	-118	8071
100	-116	8241
100	-114	8088
100	-112	8201
100	-110	7901
100	-108	8121
100	-106	8224
100	-104	8278
100	-102	8149
100	-100	8172
100	-98	8137
100	-96	8181
100	-94	8223
100	-92	8162
100	-90	8197
100	-88	8034
100	-86	8032
100	-84	8081
100	-82	7897
100	-80	8198
100	-78	8132
100	-76	7933
100	-74	8194
100	-72	8547
100	-70	8256
100	-68	8146
100	-66	8171
100	-64	7824
100	-62	8248
100	-60	8326
100	-58	8169
100	-56	8086
100	-54	7808
100	-52	8092
100	-50	8139
100	-48	8015
100	-46	7955
100	-44	7869
100	-42	7962
100	-40	7985
100	-38	8042
100	-36	7918
100	-34	7784
100	-32	8026
100	-30	8019
100	-28	7860
100	-26	7850
100	-24	7929
100	-22	7885
100	-20	7850
100	-18	7938
100	-16	7955
100	-14	7733
100	-12	7896
100	-10	8001
100	-8	7953
100	-6	7631
100	-4	7967
100	-2	8027
100	0	7802
100	2	8073
100	4	8035
100	6	8069
100	8	7827
100	10	7912
100	12	8060
100	14	8083
100	16	8174
100	18	7969
100	20	8212
100	22	8302
100	24	8168
100	26	8061
100	28	7911
100	30	8188
100	32	7864
100	34	8111
100	36	7963
100	38	8130
100	40	7900
100	42	8074
100	44	7909
100	46	7783
100	48	8155
100	50	7950
100	52	8019
100	54	8068
100	56	8246
100	58	8196
100	60	8249
100	62	7989
100	64	8207
100	66	8123
100	68	8106
100	70	8089
100	72	8162
100	74	8116
100	76	8079
100	78	8010
100	80	8281
100	82	8209
100	84	8250
100	86	8071
100	88	8130
100	90	8182
100	92	8303
100	94	8366
100	96	8494
100	98	8271
104	-290	7405
104	-288	7779
104	-286	7457
104	-284	7783
104	-282	7795
104	-280	7653
104	-278	8012
104	-276	7990
104	-274	7694
104	-272	7651
104	-270	7560
104	-268	7509
104	-266	7593
104	-264	7689
104	-262	7702
104	-260	7594
104	-258	7573
104	-256	7521
104	-254	7741
104	-252	7849
104	-250	7675
104	-248	7594
104	-246	7281
104	-244	7410
104	-242	7308
104	-240	7342
104	-238	7224
104	-236	7140
104	-234	7258
104	-232	7520
104	-230	7575
104	-228	7912
104	-226	7746
104	-224	7508
104	-222	7681
104	-220	7690
104	-218	7723
104	-216	7950
104	-214	7797
104	-212	8019
104	-210	7898
104	-208	7876
104	-206	7851
104	-204	7894
104	-202	7797
104	-200	7819
104	-198	7819
104	-196	7652
104	-194	8060
104	-192	8049
104	-190	7793
104	-188	7694
104	-186	7911
104	-184	7933
104	-182	8057
104	-180	7694
104	-178	7927
104	-176	8211
104	-174	8186
104	-172	8168
104	-170	8316
104	-168	8001
104	-166	8317
104	-164	8370
104	-162	8265
104	-160	8138
104	-158	8316
104	-156	8099
104	-154	8296
104	-152	8041
104	-150	8229
104	-148	7882
104	-146	8004
104	-144	8156
104	-142	7755
104	-140	7738
104	-138	7982
104	-136	7756
104	-134	7766
104	-132	7684
104	-130	7371
104	-128	7631
104	-126	7702
104	-124	7972
104	-122	7750
104	-120	7880
104	-118	8035
104	-116	8032
104	-114	7883
104	-112	7989
104	-110	7837
104	-108	7928
104	-106	7796
104	-104	7673
104	-102	7836
104	-100	7828
104	-98	7997
104	-96	7839
104	-94	8111
104	-92	8268
104	-90	8342
104	-88	8285
104	-86	8383
104	-84	8403
104	-82	8239
104	-80	8333
104	-78	8462
104	-76	8393
104	-74	8362
104	-72	8286
104	-70	8402
104	-68	8466
104	-66	8387
104	-64	8274
104	-62	8435
104	-60	8480
104	-58	8498
104	-56	8390
104	-54	8430
104	-52	8419
104	-50	8245
104	-48	8075
104	-46	8444
104	-44	8447
104	-42	8251
104	-40	8115
104	-38	8241
104	-36	8165
104	-34	8515
104	-32	8111
104	-30	8321
104	-28	8140
104	-26	8164
104	-24	8257
104	-22	8389
104	-20	8506
104	-18	8600
104	-16	8646
104	-14	8116
104	-12	8482
104	-10	8484
104	-8	8393
104	-6	8468
104	-4	8650
104	-2	8580
104	0	8450
104	2	8620
104	4	8696
104	6	8611
104	8	8540
104	10	8409
104	12	8381
104	14	8452
104	16	8709
104	18	8712
104	20	8316
104	22	8634
104	24	8444
104	26	8719
104	28	8747
104	30	8586
104	32	8471
104	34	8661
104	36	8757
104	38	8724
104	40	8671
104	42	8782
104	44	8802
104	46	8776
104	48	8570
104	50	8532
104	52	8782
104	54	8798
104	56	8720
104	58	8403
104	60	8515
104	62	8549
104	64	8668
104	66	8496
104	68	8711
104	70	8435
104	72	8609
104	74	8320
104	76	8591
104	78	8563
104	80	8629
104	82	8381
104	84	8619
104	86	8594
104	88	8656
104	90	8464
104	92	8442
104	94	8568
104	96	8407
104	98	8234
108	-290	7454
108	-288	7372
108	-286	7350
108	-284	7608
108	-282	7542
108	-280	7545
108	-278	7630
108	-276	7751
108	-274	7573
108	-272	7790
108	-270	7991
108	-268	7885
108	-266	7993
108	-264	7834
108	-262	8108
108	-260	7970
108	-258	7948
108	-256	7733
108	-254	7688
108	-252	8038
108	-250	8004
108	-248	7845
108	-246	7847
108	-244	7792
108	-242	8054
108	-240	7862
108	-238	8181
108	-236	8167
108	-234	8123
108	-232	7978
108	-230	7717
108	-228	7587
108	-226	7654
108	-224	7817
108	-222	7825
108	-220	8193
108	-218	8111
108	-216	7949
108	-214	7987
108	-212	7991
108	-210	8229
108	-208	7976
108	-206	8046
108	-204	8219
108	-202	8111
108	-200	7912
108	-198	7886
108	-196	7968
108	-194	7900
108	-192	7926
108	-190	8088
108	-188	7736
108	-186	7972
108	-184	8210
108	-182	7849
108	-180	7924
108	-178	8089
108	-176	7940
108	-174	7956
108	-172	7824
108	-170	8161
108	-168	8058
108	-166	7775
108	-164	7926
108	-162	7959
108	-160	7755
108	-158	7863
108	-156	7899
108	-154	7890
108	-152	8249
108	-150	8022
108	-148	8305
108	-146	8606
108	-144	8139
108	-142	8055
108	-140	7990
108	-138	7952
108	-136	8210
108	-134	8287
108	-132	8050
108	-130	8161
108	-128	8290
108	-126	8429
108	-124	8411
108	-122	8249
108	-120	8214
108	-118	8194
108	-116	8097
108	-114	8180
108	-112	8301
108	-110	8462
108	-108	8228
108	-106	8513
108	-104	8380
108	-102	8277
108	-100	8463
108	-98	8345
108	-96	8668
108	-94	8428
108	-92	8356
108	-90	8001
108	-88	8248
108	-86	8224
108	-84	8278
108	-82	8085
108	-80	8234
108	-78	8182
108	-76	8371
108	-74	8022
108	-72	8158
108	-70	8126
108	-68	8358
108	-66	8214
108	-64	7925
108	-62	8090
108	-60	8119
108	-58	8193
108	-56	8182
108	-54	8220
108	-52	7989
108	-50	8081
108	-48	8121
108	-46	8210
108	-44	8288
108	-42	7925
108	-40	8306
108	-38	7911
108	-36	8155
108	-34	8168
108	-32	8170
108	-30	8146
108	-28	8348
108	-26	8281
108	-24	8334
108	-22	8278
108	-20	8217
108	-18	7984
108	-16	8110
108	-14	8156
108	-12	8394
108	-10	8298
108	-8	8219
108	-6	8210
108	-4	8185
108	-2	8331
108	0	8285
108	2	8587
108	4	8405
108	6	8271
108	8	8169
108	10	8304
108	12	8327
108	14	8260
108	16	8367
108	18	8340
108	20	8063
108	22	8323
108	24	8452
108	26	8817
108	28	8419
108	30	8338
108	32	8449
108	34	8558
108	36	8377
108	38	8528
108	40	8392
108	42	8540
108	44	8596
108	46	8387
108	48	8320
108	50	8122
108	52	8404
108	54	8341
108	56	8331
108	58	8135
108	60	8210
108	62	8135
108	64	8382
108	66	7903
108	68	8156
108	70	8216
108	72	8068
108	74	8279
108	76	8265
108	78	8185
108	80	8331
108	82	8217
108	84	8148
108	86	8074
108	88	8184
108	90	8240
108	92	8446
108	94	8523
108	96	8492
108	98	8543
112	-290	7334
112	-288	7417
112	-286	7581
112	-284	7719
112	-282	7911
112	-280	7883
112	-278	7864
112	-276	8013
112	-274	8118
112	-272	8047
112	-270	8069
112	-268	8334
112	-266	8366
112	-264	8257
112	-262	8407
112	-260	8636
112	-258	8469
112	-256	8468
112	-254	8189
112	-252	8034
112	-250	8139
112	-248	8058
112	-246	8245
112	-244	8131
112	-242	8356
112	-240	7838
112	-238	7910
112	-236	7831
112	-234	7621
112	-232	7606
112	-230	7583
112	-228	7750
112	-226	7763
112	-224	7878
112	-222	7640
112	-220	7434
112	-218	7224
112	-216	7514
112	-214	7386
112	-212	7432
112	-210	7508
112	-208	7466
112	-206	7619
112	-204	7334
112	-202	7800
112	-200	7360
112	-198	7136
112	-196	7585
112	-194	7687
112	-192	7592
112	-190	7589
112	-188	7289
112	-186	7357
112	-184	7572
112	-182	7268
112	-180	7476
112	-178	7237
112	-176	7363
112	-174	7768
112	-172	7555
112	-170	7610
112	-168	7426
112	-166	7866
112	-164	7725
112	-162	7643
112	-160	7498
112	-158	7471
112	-156	7595
112	-154	7426
112	-152	7606
112	-150	7686
112	-148	7744
112	-146	7606
112	-144	7666
112	-142	7795
112	-140	7837
112	-138	7826
112	-136	7711
112	-134	7949
112	-132	7939
112	-130	7774
112	-128	7868
112	-126	7869
112	-124	7932
112	-122	8118
112	-120	7677
112	-118	8026
112	-116	8084
112	-114	8195
112	-112	8253
112	-110	8206
112	-108	8099
112	-106	7966
112	-104	7997
112	-102	7992
112	-100	7967
112	-98	8114
112	-96	8301
112	-94	8126
112	-92	7967
112	-90	8165
112	-88	8026
112	-86	8298
112	-84	7981
112	-82	8047
112	-80	8279
112	-78	8043
112	-76	8244
112	-74	8409
112	-72	8060
112	-70	8194
112	-68	8076
112	-66	8405
112	-64	8436
112	-62	8318
112	-60	8476
112	-58	8461
112	-56	8656
112	-54	8472
112	-52	8596
112	-50	8663
112	-48	8378
112	-46	8232
112	-44	8433
112	-42	8512
112	-40	8367
112	-38	8480
112	-36	8418
112	-34	8679
112	-32	8352
112	-30	8307
112	-28	8486
112	-26	8410
112	-24	8488
112	-22	8742
112	-20	8423
112	-18	8313
112	-16	8533
112	-14	8497
112	-12	8411
112	-10	8463
112	-8	8427
112	-6	8530
112	-4	8441
112	-2	8389
112	0	8605
112	2	8541
112	4	8800
112	6	8843
112	8	8611
112	10	8544
112	12	8649
112	14	8390
112	16	8874
112	18	8624
112	20	8582
112	22	8760
112	24	8947
112	26	8795
112	28	8393
112	30	8784
112	32	8521
112	34	8553
112	36	8576
112	38	8259
112	40	8885
112	42	8445
112	44	8801
112	46	8392
112	48	8698
112	50	8524
112	52	8433
112	54	8498
112	56	8698
112	58	8603
112	60	8610
112	62	8552
112	64	8374
112	66	8322
112	68	8238
112	70	8394
112	72	8284
112	74	8415
112	76	8574
112	78	8493
112	80	8449
112	82	8675
112	84	8457
112	86	8538
112	88	8389
112	90	8527
112	92	8485
112	94	8474
112	96	8579
112	98	8803
116	-290	9744
116	-288	9262
116	-286	9261
116	-284	9084
116	-282	9207
116	-280	9355
116	-278	9090
116	-276	9127
116	-274	9381
116	-272	9277
116	-270	9001
116	-268	8791
116	-266	8782
116	-264	8759
116	-262	8873
116	-260	8895
116	-258	8820
116	-256	8762
116	-254	8909
116	-252	8286
116	-250	8609
116	-248	8644
116	-246	8926
116	-244	8756
116	-242	8441
116	-240	8116
116	-238	8423
116	-236	8369
116	-234	8558
116	-232	8600
116	-230	8486
116	-228	8346
116	-226	8082
116	-224	8480
116	-222	7871
116	-220	7979
116	-218	8155
116	-216	8357
116	-214	7953
116	-212	8079
116	-210	8114
116	-208	7987
116	-206	8037
116	-204	7852
116	-202	7645
116	-200	7774
116	-198	7867
116	-196	7658
116	-194	7770
116	-192	7901
116	-190	7940
116	-188	7759
116	-186	7876
116	-184	7688
116	-182	7809
116	-180	7506
116	-178	7656
116	-176	7890
116	-174	8041
116	-172	8093
116	-170	7861
116	-168	7889
116	-166	8095
116	-164	7849
116	-162	7934
116	-160	7781
116	-158	8123
116	-156	8085
116	-154	7726
116	-152	7794
116	-150	7562
116	-148	7932
116	-146	7365
116	-144	7678
116	-142	7770
116	-140	7449
116	-138	7862
116	-136	7531
116	-134	7829
116	-132	7384
116	-130	7745
116	-128	7397
116	-126	7822
116	-124	7271
116	-122	7605
116	-120	7571
116	-118	7501
116	-116	7713
116	-114	7639
116	-112	7567
116	-110	7155
116	-108	7736
116	-106	7740
116	-104	7810
116	-102	7382
116	-100	7606
116	-98	7667
116	-96	7568
116	-94	7593
116	-92	7649
116	-90	7609
116	-88	7826
116	-86	7703
116	-84	7533
116	-82	7545
116	-80	7874
116	-78	7847
116	-76	7868
116	-74	7790
116	-72	7728
116	-70	8161
116	-68	7786
116	-66	7931
116	-64	7967
116	-62	7420
116	-60	8013
116	-58	8234
116	-56	7900
116	-54	8291
116	-52	8115
116	-50	8090
116	-48	7979
116	-46	8196
116	-44	8244
116	-42	7899
116	-40	8295
116	-38	7900
116	-36	7960
116	-34	8066
116	-32	8088
116	-30	7970
116	-28	8183
116	-26	8379
116	-24	8007
116	-22	8131
116	-20	8103
116	-18	7862
116	-16	8181
116	-14	8368
116	-12	8178
116	-10	8308
116	-8	8102
116	-6	8483
116	-4	8315
116	-2	8168
116	0	7811
116	2	8083
116	4	8164
116	6	8289
116	8	7710
116	10	8268
116	12	8041
116	14	8273
116	16	7825
116	18	8240
116	20	7819
116	22	7755
116	24	7969
116	26	7861
116	28	7899
116	30	7844
116	32	7551
116	34	7471
116	36	7877
116	38	7771
116	40	7682
116	42	7675
116	44	7624
116	46	7672
116	48	7876
116	50	7514
116	52	7851
116	54	7539
116	56	7525
116	58	7752
116	60	7664
116	62	7641
116	64	7630
116	66	7505
116	68	7822
116	70	7689
116	72	8013
116	74	7766
116	76	7566
116	78	7489
116	80	7690
116	82	7671
116	84	7705
116	86	7611
116	88	7674
116	90	7528
116	92	7723
116	94	7596
116	96	7580
116	98	7682
120	-290	9687
120	-288	10381
120	-286	9870
120	-284	10084
120	-282	10059
120	-280	10386
120	-278	10012
120	-276	9967
120	-274	9483
120	-272	10090
120	-270	10027
120	-268	9820
120	-266	10023
120	-264	9737
120	-262	9679
120	-260	9532
120	-258	9848
120	-256	9311
120	-254	9760
120	-252	9632
120	-250	10071
120	-248	9750
120	-246	9706
120	-244	9934
120	-242	9989
120	-240	9574
120	-238	9430
120	-236	9313
120	-234	8894
120	-232	9417
120	-230	9113
120	-228	9611
120	-226	9947
120	-224	9450
120	-222	9297
120	-220	9554
120	-218	9503
120	-216	9451
120	-214	9419
120	-212	9155
120	-210	9350
120	-208	9241
120	-206	9308
120	-204	9299
120	-202	9300
120	-200	9499
120	-198	9134
120	-196	9120
120	-194	9178
120	-192	9146
120	-190	9019
120	-188	9730
120	-186	9208
120	-184	9236
120	-182	9125
120	-180	8940
120	-178	9268
120	-176	9167
120	-174	9552
120	-172	9358
120	-170	8990
120	-168	9184
120	-166	9092
120	-164	9529
120	-162	9281
120	-160	9393
120	-158	9235
120	-156	9438
120	-154	9340
120	-152	9364
120	-150	9024
120	-148	9138
120	-146	9184
120	-144	9415
120	-142	9360
120	-140	9202
120	-138	9210
120	-136	8925
120	-134	8943
120	-132	9191
120	-130	9323
120	-128	9169
120	-126	9123
120	-124	9390
120	-122	9069
120	-120	9035
120	-118	9228
120	-116	9264
120	-114	9176
120	-112	9014
120	-110	9102
120	-108	8899
120	-106	9151
120	-104	9423
120	-102	9372
120	-100	9302
120	-98	9192
120	-96	8899
120	-94	8788
120	-92	8575
120	-90	8943
120	-88	8970
120	-86	8911
120	-84	9283
120	-82	8836
120	-80	8786
120	-78	8930
120	-76	8396
120	-74	9099
120	-72	8493
120	-70	9025
120	-68	8793
120	-66	8634
120	-64	9296
120	-62	9341
120	-60	9387
120	-58	8980
120	-56	9015
120	-54	9185
120	-52	9614
120	-50	8701
120	-48	9045
120	-46	9063
120	-44	9248
120	-42	9442
120	-40	9307
120	-38	9446
120	-36	9166
120	-34	9363
120	-32	8983
120	-30	9433
120	-28	9106
120	-26	9529
120	-24	9123
120	-22	8937
120	-20	9176
120	-18	8953
120	-16	9351
120	-14	9222
120	-12	8716
120	-10	9059
120	-8	8791
120	-6	9081
120	-4	9269
120	-2	9245
120	0	8940
120	2	8818
120	4	9153
120	6	9358
120	8	8876
120	10	9126
120	12	9591
120	14	8952
120	16	9115
120	18	9054
120	20	9386
120	22	9010
120	24	9004
120	26	9071
120	28	9445
120	30	8923
120	32	9408
120	34	9076
120	36	9363
120	38	9209
120	40	9380
120	42	9301
120	44	9084
120	46	9026
120	48	9052
120	50	9034
120	52	9001
120	54	9286
120	56	9117
120	58	8951
120	60	8776
120	62	9116
120	64	9135
120	66	9062
120	68	8963
120	70	8793
120	72	9309
120	74	8997
120	76	8839
120	78	9047
120	80	8688
120	82	8759
120	84	8740
120	86	8924
120	88	9313
120	90	8838
120	92	9074
120	94	9304
120	96	8918
120	98	8803
