64	-290	7500
64	-288	7599
64	-286	7554
64	-284	7612
64	-282	7661
64	-280	7691
64	-278	7778
64	-276	7594
64	-274	7474
64	-272	7481
64	-270	7237
64	-268	7374
64	-266	7329
64	-264	7461
64	-262	7562
64	-260	7299
64	-258	7396
64	-256	7310
64	-254	7287
64	-252	7348
64	-250	7285
64	-248	7256
64	-246	7313
64	-244	7284
64	-242	7353
64	-240	7368
64	-238	7470
64	-236	7533
64	-234	7460
64	-232	7448
64	-230	7362
64	-228	7409
64	-226	7233
64	-224	7489
64	-222	7532
64	-220	7584
64	-218	7539
64	-216	7434
64	-214	7323
64	-212	7353
64	-210	7345
64	-208	7329
64	-206	7376
64	-204	7441
64	-202	7431
64	-200	7443
64	-198	7330
64	-196	7152
64	-194	7163
64	-192	7101
64	-190	7175
64	-188	7088
64	-186	7227
64	-184	7191
64	-182	7110
64	-180	7177
64	-178	7088
64	-176	7057
64	-174	7040
64	-172	7033
64	-170	7074
64	-168	7048
64	-166	7054
64	-164	7066
64	-162	7069
64	-160	7079
64	-158	7137
64	-156	7099
64	-154	7105
64	-152	7128
64	-150	7029
64	-148	7078
64	-146	7138
64	-144	7175
64	-142	7100
64	-140	7066
64	-138	7022
64	-136	6997
64	-134	7022
64	-132	7020
64	-130	7027
64	-128	7108
64	-126	7129
64	-124	7110
64	-122	7125
64	-120	7228
64	-118	7145
64	-116	7118
64	-114	7172
64	-112	7081
64	-110	7113
64	-108	7104
64	-106	7108
64	-104	7148
64	-102	7128
64	-100	7182
64	-98	7174
64	-96	7183
64	-94	7157
64	-92	7182
64	-90	7115
64	-88	7156
64	-86	7154
64	-84	7126
64	-82	7139
64	-80	7099
64	-78	7098
64	-76	7095
64	-74	7126
64	-72	7104
64	-70	7030
64	-68	7110
64	-66	7063
64	-64	7115
64	-62	7142
64	-60	7087
64	-58	7020
64	-56	7043
64	-54	7106
64	-52	7067
64	-50	7059
64	-48	7070
64	-46	7089
64	-44	7074
64	-42	7062
64	-40	7107
64	-38	7130
64	-36	7190
64	-34	7076
64	-32	7108
64	-30	7114
64	-28	7040
64	-26	7065
64	-24	7132
64	-22	7070
64	-20	7082
64	-18	7085
64	-16	7098
64	-14	7004
64	-12	7058
64	-10	7019
64	-8	7023
64	-6	7025
64	-4	6954
64	-2	6984
64	0	7028
64	2	7007
64	4	6975
64	6	6965
64	8	7026
64	10	7031
64	12	7044
64	14	7055
64	16	7018
64	18	7029
64	20	7020
64	22	6969
64	24	6953
64	26	7035
64	28	7030
64	30	7049
64	32	7027
64	34	7061
64	36	6991
64	38	7016
64	40	7025
64	42	7001
64	44	6941
64	46	7013
64	48	7002
64	50	6999
64	52	7020
64	54	7009
64	56	6998
64	58	7014
64	60	7061
64	62	7047
64	64	6995
64	66	7084
64	68	7071
64	70	7030
64	72	7093
64	74	7088
64	76	7056
64	78	7111
64	80	7062
64	82	7104
64	84	7070
64	86	7069
64	88	7076
64	90	7077
64	92	7119
64	94	7024
64	96	7018
64	98	7028
68	-290	7478
68	-288	7400
68	-286	7543
68	-284	7473
68	-282	7536
68	-280	7680
68	-278	7620
68	-276	7464
68	-274	7486
68	-272	7433
68	-270	7328
68	-268	7167
68	-266	7426
68	-264	7301
68	-262	7409
68	-260	7377
68	-258	7444
68	-256	7205
68	-254	7460
68	-252	7474
68	-250	7408
68	-248	7422
68	-246	7454
68	-244	7380
68	-242	7344
68	-240	7445
68	-238	7536
68	-236	7410
68	-234	7525
68	-232	7539
68	-230	7545
68	-228	7464
68	-226	7397
68	-224	7300
68	-222	7373
68	-220	7374
68	-218	7441
68	-216	7404
68	-214	7340
68	-212	7247
68	-210	7368
68	-208	7336
68	-206	7206
68	-204	7112
68	-202	7145
68	-200	7029
68	-198	6968
68	-196	6909
68	-194	7021
68	-192	6975
68	-190	7084
68	-188	7171
68	-186	7286
68	-184	7253
68	-182	7194
68	-180	7204
68	-178	7124
68	-176	7224
68	-174	7190
68	-172	7148
68	-170	7250
68	-168	7178
68	-166	7103
68	-164	7074
68	-162	7035
68	-160	7035
68	-158	7082
68	-156	7083
68	-154	7097
68	-152	7006
68	-150	6947
68	-148	6990
68	-146	7059
68	-144	7036
68	-142	7082
68	-140	7041
68	-138	7058
68	-136	7068
68	-134	7075
68	-132	7107
68	-130	7066
68	-128	7056
68	-126	7101
68	-124	7159
68	-122	7095
68	-120	7118
68	-118	7089
68	-116	7212
68	-114	7157
68	-112	7149
68	-110	7165
68	-108	7149
68	-106	7153
68	-104	7152
68	-102	7138
68	-100	7075
68	-98	7038
68	-96	7047
68	-94	7109
68	-92	7084
68	-90	7164
68	-88	7185
68	-86	7198
68	-84	7137
68	-82	7132
68	-80	7089
68	-78	7094
68	-76	7130
68	-74	7076
68	-72	7086
68	-70	7108
68	-68	7050
68	-66	7136
68	-64	7114
68	-62	7076
68	-60	7019
68	-58	7082
68	-56	7102
68	-54	7061
68	-52	7132
68	-50	7112
68	-48	7101
68	-46	7070
68	-44	6963
68	-42	7006
68	-40	7006
68	-38	6969
68	-36	7063
68	-34	7024
68	-32	7014
68	-30	7016
68	-28	7028
68	-26	6951
68	-24	6964
68	-22	6986
68	-20	6955
68	-18	6989
68	-16	6981
68	-14	6971
68	-12	7007
68	-10	6984
68	-8	6983
68	-6	6937
68	-4	7010
68	-2	7027
68	0	6965
68	2	7026
68	4	7032
68	6	6934
68	8	7003
68	10	7073
68	12	6986
68	14	7009
68	16	6959
68	18	7015
68	20	7012
68	22	6980
68	24	7061
68	26	7104
68	28	7038
68	30	7038
68	32	7039
68	34	7012
68	36	7013
68	38	7040
68	40	7009
68	42	7012
68	44	7020
68	46	6987
68	48	7005
68	50	6986
68	52	7012
68	54	6992
68	56	6986
68	58	6987
68	60	6933
68	62	6958
68	64	6954
68	66	6942
68	68	6948
68	70	6944
68	72	6977
68	74	7006
68	76	6966
68	78	6961
68	80	6982
68	82	6939
68	84	6961
68	86	6947
68	88	6944
68	90	6986
68	92	6954
68	94	7003
68	96	6956
68	98	6980
72	-290	7329
72	-288	7197
72	-286	7228
72	-284	7396
72	-282	7440
72	-280	7239
72	-278	7335
72	-276	7401
72	-274	7281
72	-272	7448
72	-270	7307
72	-268	7320
72	-266	7282
72	-264	7291
72	-262	7352
72	-260	7218
72	-258	7184
72	-256	7184
72	-254	7262
72	-252	7310
72	-250	7327
72	-248	7263
72	-246	7290
72	-244	7507
72	-242	7334
72	-240	7259
72	-238	7134
72	-236	7282
72	-234	7242
72	-232	7329
72	-230	7356
72	-228	7430
72	-226	7362
72	-224	7487
72	-222	7391
72	-220	7283
72	-218	7402
72	-216	7247
72	-214	7289
72	-212	7396
72	-210	7498
72	-208	7438
72	-206	7237
72	-204	7202
72	-202	7248
72	-200	7258
72	-198	7283
72	-196	7175
72	-194	7133
72	-192	7132
72	-190	7132
72	-188	7010
72	-186	7062
72	-184	7253
72	-182	7219
72	-180	7251
72	-178	7294
72	-176	7349
72	-174	7261
72	-172	7169
72	-170	7110
72	-168	7101
72	-166	7119
72	-164	7146
72	-162	7204
72	-160	7139
72	-158	7126
72	-156	6992
72	-154	6992
72	-152	6945
72	-150	6990
72	-148	7045
72	-146	7097
72	-144	7013
72	-142	6977
72	-140	6982
72	-138	6978
72	-136	7045
72	-134	7074
72	-132	6987
72	-130	7010
72	-128	7088
72	-126	7095
72	-124	7128
72	-122	7194
72	-120	7156
72	-118	7161
72	-116	7129
72	-114	7223
72	-112	7172
72	-110	7132
72	-108	7156
72	-106	7138
72	-104	7095
72	-102	7115
72	-100	7086
72	-98	7110
72	-96	7143
72	-94	7105
72	-92	7084
72	-90	7016
72	-88	6920
72	-86	7043
72	-84	7034
72	-82	7049
72	-80	7046
72	-78	7032
72	-76	7071
72	-74	7128
72	-72	7089
72	-70	7067
72	-68	7037
72	-66	6998
72	-64	7010
72	-62	7049
72	-60	7043
72	-58	7048
72	-56	7024
72	-54	6962
72	-52	6931
72	-50	7028
72	-48	7044
72	-46	7044
72	-44	7011
72	-42	6991
72	-40	6933
72	-38	6974
72	-36	6986
72	-34	6936
72	-32	6962
72	-30	7031
72	-28	6991
72	-26	6993
72	-24	7006
72	-22	7018
72	-20	7027
72	-18	7040
72	-16	7049
72	-14	6984
72	-12	7032
72	-10	7094
72	-8	7094
72	-6	6988
72	-4	7085
72	-2	7012
72	0	6992
72	2	7036
72	4	7006
72	6	6984
72	8	6976
72	10	6970
72	12	6997
72	14	6989
72	16	7080
72	18	7080
72	20	7085
72	22	7076
72	24	6978
72	26	6980
72	28	7024
72	30	6978
72	32	6982
72	34	7022
72	36	7011
72	38	6993
72	40	7036
72	42	6999
72	44	7080
72	46	7044
72	48	7017
72	50	7013
72	52	7012
72	54	7021
72	56	7064
72	58	7043
72	60	7049
72	62	7055
72	64	7018
72	66	7073
72	68	7055
72	70	7043
72	72	7051
72	74	7089
72	76	7060
72	78	7066
72	80	7039
72	82	6996
72	84	7014
72	86	7009
72	88	6966
72	90	6995
72	92	7003
72	94	7034
72	96	7016
72	98	6949
76	-290	7695
76	-288	7850
76	-286	7418
76	-284	7474
76	-282	7377
76	-280	7412
76	-278	7670
76	-276	7284
76	-274	7146
76	-272	7396
76	-270	7282
76	-268	7596
76	-266	7171
76	-264	7115
76	-262	7307
76	-260	7419
76	-258	7322
76	-256	7290
76	-254	7289
76	-252	7305
76	-250	7381
76	-248	7285
76	-246	7370
76	-244	7337
76	-242	7453
76	-240	7290
76	-238	7232
76	-236	7278
76	-234	7258
76	-232	7198
76	-230	7393
76	-228	7424
76	-226	7417
76	-224	7349
76	-222	7297
76	-220	7493
76	-218	7444
76	-216	7334
76	-214	7318
76	-212	7280
76	-210	7395
76	-208	7304
76	-206	7179
76	-204	7223
76	-202	7305
76	-200	7165
76	-198	7148
76	-196	7072
76	-194	7095
76	-192	7014
76	-190	6977
76	-188	7027
76	-186	7117
76	-184	7042
76	-182	7167
76	-180	7138
76	-178	7182
76	-176	7180
76	-174	7261
76	-172	7233
76	-170	7216
76	-168	7194
76	-166	7022
76	-164	7135
76	-162	7070
76	-160	7159
76	-158	7068
76	-156	7062
76	-154	6985
76	-152	6993
76	-150	6969
76	-148	6947
76	-146	7006
76	-144	6965
76	-142	6938
76	-140	6902
76	-138	7064
76	-136	7098
76	-134	6936
76	-132	7004
76	-130	7043
76	-128	7050
76	-126	7085
76	-124	7111
76	-122	7071
76	-120	7068
76	-118	7075
76	-116	7129
76	-114	7131
76	-112	7179
76	-110	7199
76	-108	7078
76	-106	7124
76	-104	7124
76	-102	7139
76	-100	7124
76	-98	7142
76	-96	7082
76	-94	7102
76	-92	7074
76	-90	7118
76	-88	7060
76	-86	7081
76	-84	7089
76	-82	7069
76	-80	7100
76	-78	7092
76	-76	7034
76	-74	7128
76	-72	7102
76	-70	7116
76	-68	7039
76	-66	6984
76	-64	7102
76	-62	7056
76	-60	7027
76	-58	7014
76	-56	7037
76	-54	7030
76	-52	6969
76	-50	6935
76	-48	6911
76	-46	7036
76	-44	7039
76	-42	6963
76	-40	6998
76	-38	7032
76	-36	7003
76	-34	7025
76	-32	6963
76	-30	6958
76	-28	6997
76	-26	6992
76	-24	6929
76	-22	6904
76	-20	6982
76	-18	6927
76	-16	7017
76	-14	6951
76	-12	7008
76	-10	6976
76	-8	6971
76	-6	7019
76	-4	7054
76	-2	7027
76	0	6981
76	2	7047
76	4	7016
76	6	6991
76	8	7015
76	10	7035
76	12	6967
76	14	6975
76	16	7000
76	18	6935
76	20	6976
76	22	6928
76	24	6992
76	26	7014
76	28	6942
76	30	6995
76	32	7057
76	34	7049
76	36	7053
76	38	7094
76	40	7073
76	42	7012
76	44	6931
76	46	7056
76	48	6948
76	50	7024
76	52	7050
76	54	7063
76	56	6972
76	58	7084
76	60	7016
76	62	7047
76	64	7009
76	66	7060
76	68	6961
76	70	6991
76	72	7020
76	74	7048
76	76	7017
76	78	7062
76	80	7057
76	82	6977
76	84	7009
76	86	7044
76	88	6991
76	90	7070
76	92	7054
76	94	7039
76	96	7043
76	98	7111
80	-290	7184
80	-288	7205
80	-286	7266
80	-284	7298
80	-282	7268
80	-280	7333
80	-278	7273
80	-276	7318
80	-274	7378
80	-272	7451
80	-270	7450
80	-268	7347
80	-266	7438
80	-264	7295
80	-262	7225
80	-260	7377
80	-258	7376
80	-256	7512
80	-254	7393
80	-252	7457
80	-250	7499
80	-248	7668
80	-246	7418
80	-244	7394
80	-242	7274
80	-240	7208
80	-238	7242
80	-236	7163
80	-234	7187
80	-232	7098
80	-230	7264
80	-228	7134
80	-226	7135
80	-224	7175
80	-222	7114
80	-220	7254
80	-218	7357
80	-216	7389
80	-214	7517
80	-212	7297
80	-210	7283
80	-208	7199
80	-206	7222
80	-204	7217
80	-202	7203
80	-200	7152
80	-198	7179
80	-196	7220
80	-194	7087
80	-192	7187
80	-190	7212
80	-188	7175
80	-186	7255
80	-184	7229
80	-182	7243
80	-180	7145
80	-178	7142
80	-176	7074
80	-174	7066
80	-172	6974
80	-170	7051
80	-168	6974
80	-166	7061
80	-164	6918
80	-162	6927
80	-160	6925
80	-158	6953
80	-156	6924
80	-154	7008
80	-152	7012
80	-150	6973
80	-148	7059
80	-146	6988
80	-144	6973
80	-142	6967
80	-140	6950
80	-138	7012
80	-136	7003
80	-134	7127
80	-132	7072
80	-130	7094
80	-128	7086
80	-126	7155
80	-124	7126
80	-122	7081
80	-120	7024
80	-118	7049
80	-116	7157
80	-114	7064
80	-112	7117
80	-110	7127
80	-108	7089
80	-106	7177
80	-104	7135
80	-102	7104
80	-100	7107
80	-98	7163
80	-96	7203
80	-94	7152
80	-92	7132
80	-90	7018
80	-88	7073
80	-86	7050
80	-84	7059
80	-82	7204
80	-80	7111
80	-78	7060
80	-76	7013
80	-74	7077
80	-72	7024
80	-70	7011
80	-68	7092
80	-66	7102
80	-64	7074
80	-62	7044
80	-60	7166
80	-58	7013
80	-56	7031
80	-54	7026
80	-52	7035
80	-50	7110
80	-48	7047
80	-46	7097
80	-44	7040
80	-42	7041
80	-40	7072
80	-38	7114
80	-36	7001
80	-34	7008
80	-32	6964
80	-30	6988
80	-28	6959
80	-26	6991
80	-24	7006
80	-22	6995
80	-20	7035
80	-18	6982
80	-16	7009
80	-14	7020
80	-12	6994
80	-10	7024
80	-8	7042
80	-6	7008
80	-4	6984
80	-2	7007
80	0	7056
80	2	6990
80	4	6999
80	6	6988
80	8	6919
80	10	6980
80	12	6974
80	14	6948
80	16	6947
80	18	6941
80	20	7002
80	22	6954
80	24	6947
80	26	6947
80	28	6991
80	30	7035
80	32	6966
80	34	7013
80	36	6995
80	38	7010
80	40	7040
80	42	7001
80	44	7022
80	46	6975
80	48	6974
80	50	7095
80	52	6919
80	54	6959
80	56	6936
80	58	6994
80	60	6907
80	62	6968
80	64	6954
80	66	6940
80	68	6931
80	70	6979
80	72	6924
80	74	6969
80	76	6942
80	78	6964
80	80	6935
80	82	6897
80	84	6899
80	86	7015
80	88	6883
80	90	6911
80	92	6934
80	94	7009
80	96	6931
80	98	6980
84	-290	7511
84	-288	7601
84	-286	7393
84	-284	7397
84	-282	7456
84	-280	7465
84	-278	7566
84	-276	7575
84	-274	7664
84	-272	7518
84	-270	7593
84	-268	7623
84	-266	7476
84	-264	7490
84	-262	7390
84	-260	7379
84	-258	7459
84	-256	7511
84	-254	7496
84	-252	7451
84	-250	7484
84	-248	7392
84	-246	7373
84	-244	7301
84	-242	7334
84	-240	7143
84	-238	7187
84	-236	7237
84	-234	7229
84	-232	7222
84	-230	7298
84	-228	7363
84	-226	7218
84	-224	7091
84	-222	7153
84	-220	7248
84	-218	7254
84	-216	7272
84	-214	7285
84	-212	7275
84	-210	7212
84	-208	7176
84	-206	7151
84	-204	7079
84	-202	7151
84	-200	7213
84	-198	7168
84	-196	7130
84	-194	7183
84	-192	7131
84	-190	7049
84	-188	7114
84	-186	7111
84	-184	7073
84	-182	7036
84	-180	7007
84	-178	6996
84	-176	7000
84	-174	6934
84	-172	6915
84	-170	6889
84	-168	7009
84	-166	7072
84	-164	7056
84	-162	6973
84	-160	7001
84	-158	6944
84	-156	6931
84	-154	6902
84	-152	6885
84	-150	6888
84	-148	6896
84	-146	6933
84	-144	6955
84	-142	6873
84	-140	6930
84	-138	6997
84	-136	6936
84	-134	6978
84	-132	7112
84	-130	6970
84	-128	6927
84	-126	6946
84	-124	6991
84	-122	6979
84	-120	6990
84	-118	7048
84	-116	7002
84	-114	7006
84	-112	7016
84	-110	6921
84	-108	7014
84	-106	7057
84	-104	7052
84	-102	6941
84	-100	6932
84	-98	6910
84	-96	6994
84	-94	7086
84	-92	7040
84	-90	7025
84	-88	6964
84	-86	7002
84	-84	6927
84	-82	6992
84	-80	6996
84	-78	6994
84	-76	6985
84	-74	7009
84	-72	6929
84	-70	6952
84	-68	6918
84	-66	6951
84	-64	7007
84	-62	6969
84	-60	6869
84	-58	6944
84	-56	6953
84	-54	6935
84	-52	6965
84	-50	6979
84	-48	6942
84	-46	6953
84	-44	6928
84	-42	7037
84	-40	6947
84	-38	6976
84	-36	6954
84	-34	7017
84	-32	6987
84	-30	6952
84	-28	7023
84	-26	7019
84	-24	7044
84	-22	7045
84	-20	6980
84	-18	6961
84	-16	6956
84	-14	6947
84	-12	6992
84	-10	6997
84	-8	6914
84	-6	6918
84	-4	6875
84	-2	6963
84	0	6881
84	2	6942
84	4	6921
84	6	6921
84	8	6893
84	10	6914
84	12	6946
84	14	7002
84	16	6945
84	18	6876
84	20	6964
84	22	6998
84	24	6951
84	26	6993
84	28	7023
84	30	7060
84	32	6963
84	34	6998
84	36	7046
84	38	6999
84	40	7013
84	42	7067
84	44	6979
84	46	6950
84	48	6972
84	50	6960
84	52	7040
84	54	6914
84	56	6955
84	58	6875
84	60	6961
84	62	6990
84	64	6940
84	66	6999
84	68	6954
84	70	6976
84	72	7021
84	74	6967
84	76	7015
84	78	6962
84	80	7028
84	82	7003
84	84	7028
84	86	7079
84	88	7068
84	90	7140
84	92	7117
84	94	7151
84	96	7109
84	98	7119
88	-290	7684
88	-288	7732
88	-286	7546
88	-284	7530
88	-282	7723
88	-280	7707
88	-278	7621
88	-276	7665
88	-274	7669
88	-272	7637
88	-270	7453
88	-268	7509
88	-266	7436
88	-264	7268
88	-262	7282
88	-260	7369
88	-258	7372
88	-256	7278
88	-254	7366
88	-252	7384
88	-250	7408
88	-248	7402
88	-246	7400
88	-244	7360
88	-242	7293
88	-240	7255
88	-238	7273
88	-236	7233
88	-234	7304
88	-232	7199
88	-230	7237
88	-228	7315
88	-226	7325
88	-224	7344
88	-222	7335
88	-220	7354
88	-218	7237
88	-216	7127
88	-214	7155
88	-212	7174
88	-210	7116
88	-208	7164
88	-206	7249
88	-204	7069
88	-202	7097
88	-200	7030
88	-198	7056
88	-196	6989
88	-194	6990
88	-192	6997
88	-190	6925
88	-188	7082
88	-186	7054
88	-184	7053
88	-182	7110
88	-180	7006
88	-178	7073
88	-176	7110
88	-174	7051
88	-172	7091
88	-170	7022
88	-168	6982
88	-166	6883
88	-164	6932
88	-162	6997
88	-160	6997
88	-158	7036
88	-156	7033
88	-154	7105
88	-152	7111
88	-150	7088
88	-148	7029
88	-146	7088
88	-144	7001
88	-142	7002
88	-140	7086
88	-138	7126
88	-136	7083
88	-134	6975
88	-132	6985
88	-130	7029
88	-128	7055
88	-126	7033
88	-124	7020
88	-122	6993
88	-120	6999
88	-118	6971
88	-116	7018
88	-114	6996
88	-112	6954
88	-110	7022
88	-108	7033
88	-106	6978
88	-104	7148
88	-102	7053
88	-100	7061
88	-98	7093
88	-96	7094
88	-94	7019
88	-92	6989
88	-90	6957
88	-88	7031
88	-86	7029
88	-84	6933
88	-82	7030
88	-80	7054
88	-78	7026
88	-76	6981
88	-74	6901
88	-72	6992
88	-70	6990
88	-68	6966
88	-66	6928
88	-64	6875
88	-62	6964
88	-60	6944
88	-58	6928
88	-56	6921
88	-54	6923
88	-52	6892
88	-50	6936
88	-48	6951
88	-46	6893
88	-44	6944
88	-42	7011
88	-40	7040
88	-38	6916
88	-36	6988
88	-34	6978
88	-32	7041
88	-30	6973
88	-28	7002
88	-26	6952
88	-24	6873
88	-22	7041
88	-20	6966
88	-18	6971
88	-16	6953
88	-14	6963
88	-12	6824
88	-10	6851
88	-8	6867
88	-6	6918
88	-4	6852
88	-2	6929
88	0	6936
88	2	6891
88	4	6942
88	6	6875
88	8	6953
88	10	6948
88	12	6881
88	14	6872
88	16	6918
88	18	6854
88	20	6927
88	22	6872
88	24	6938
88	26	6913
88	28	6876
88	30	6934
88	32	6840
88	34	6928
88	36	6992
88	38	6939
88	40	6950
88	42	6897
88	44	6958
88	46	7012
88	48	6925
88	50	6851
88	52	6962
88	54	6976
88	56	6953
88	58	6959
88	60	6944
88	62	6920
88	64	6912
88	66	6952
88	68	7013
88	70	6950
88	72	6898
88	74	6997
88	76	6924
88	78	6932
88	80	6920
88	82	7037
88	84	6830
88	86	6848
88	88	6904
88	90	6869
88	92	6950
88	94	6873
88	96	6906
88	98	6901
92	-290	7646
92	-288	7634
92	-286	7486
92	-284	7713
92	-282	7597
92	-280	7654
92	-278	7600
92	-276	7639
92	-274	7457
92	-272	7256
92	-270	7390
92	-268	7476
92	-266	7482
92	-264	7527
92	-262	7470
92	-260	7428
92	-258	7293
92	-256	7308
92	-254	7312
92	-252	7437
92	-250	7520
92	-248	7319
92	-246	7290
92	-244	7405
92	-242	7274
92	-240	7201
92	-238	7175
92	-236	7198
92	-234	7224
92	-232	7240
92	-230	7171
92	-228	7193
92	-226	7260
92	-224	7273
92	-222	7233
92	-220	7188
92	-218	7288
92	-216	7258
92	-214	7202
92	-212	7216
92	-210	7170
92	-208	7106
92	-206	7189
92	-204	7204
92	-202	7144
92	-200	7112
92	-198	7044
92	-196	7016
92	-194	6964
92	-192	7090
92	-190	7111
92	-188	7051
92	-186	7129
92	-184	7117
92	-182	7092
92	-180	7117
92	-178	7048
92	-176	7066
92	-174	7015
92	-172	6979
92	-170	7056
92	-168	7085
92	-166	6928
92	-164	7029
92	-162	7013
92	-160	7124
92	-158	7073
92	-156	7014
92	-154	7101
92	-152	7106
92	-150	7082
92	-148	7121
92	-146	7217
92	-144	7049
92	-142	7056
92	-140	7022
92	-138	7050
92	-136	7036
92	-134	7046
92	-132	7028
92	-130	7024
92	-128	7100
92	-126	7095
92	-124	7068
92	-122	7111
92	-120	7013
92	-118	6977
92	-116	6924
92	-114	6853
92	-112	6865
92	-110	6975
92	-108	6968
92	-106	6927
92	-104	6850
92	-102	7029
92	-100	6968
92	-98	6895
92	-96	6973
92	-94	6953
92	-92	6923
92	-90	6888
92	-88	6999
92	-86	6970
92	-84	6998
92	-82	7022
92	-80	6985
92	-78	6982
92	-76	6983
92	-74	7037
92	-72	6987
92	-70	7013
92	-68	6936
92	-66	7035
92	-64	6943
92	-62	7031
92	-60	6956
92	-58	6957
92	-56	7006
92	-54	6967
92	-52	6990
92	-50	6926
92	-48	6941
92	-46	7006
92	-44	7008
92	-42	7006
92	-40	6918
92	-38	6933
92	-36	6879
92	-34	6971
92	-32	7089
92	-30	7028
92	-28	6940
92	-26	6915
92	-24	6903
92	-22	7024
92	-20	6909
92	-18	6935
92	-16	6918
92	-14	6900
92	-12	6989
92	-10	6975
92	-8	6986
92	-6	7003
92	-4	6897
92	-2	6871
92	0	6914
92	2	6791
92	4	6910
92	6	6836
92	8	6986
92	10	6823
92	12	6801
92	14	6850
92	16	6730
92	18	6802
92	20	6719
92	22	6792
92	24	6727
92	26	6859
92	28	6883
92	30	6779
92	32	6857
92	34	6797
92	36	6890
92	38	6840
92	40	6883
92	42	6845
92	44	6838
92	46	6863
92	48	6844
92	50	6840
92	52	6948
92	54	6819
92	56	6803
92	58	6844
92	60	6774
92	62	6708
92	64	6810
92	66	6788
92	68	6844
92	70	6831
92	72	6797
92	74	6852
92	76	6794
92	78	6810
92	80	6814
92	82	6814
92	84	6724
92	86	6836
92	88	6788
92	90	6760
92	92	6783
92	94	6737
92	96	6861
92	98	6698
96	-290	7653
96	-288	7692
96	-286	7608
96	-284	7595
96	-282	7573
96	-280	7491
96	-278	7399
96	-276	7271
96	-274	7214
96	-272	7292
96	-270	7292
96	-268	7117
96	-266	7247
96	-264	7147
96	-262	7270
96	-260	7270
96	-258	7277
96	-256	7236
96	-254	7256
96	-252	7342
96	-250	7230
96	-248	7353
96	-246	7384
96	-244	7298
96	-242	7179
96	-240	7071
96	-238	7210
96	-236	7172
96	-234	7388
96	-232	7358
96	-230	7312
96	-228	7322
96	-226	7238
96	-224	7234
96	-222	7259
96	-220	7082
96	-218	7190
96	-216	7131
96	-214	7182
96	-212	7279
96	-210	7094
96	-208	7015
96	-206	7164
96	-204	7113
96	-202	7231
96	-200	7145
96	-198	7120
96	-196	7142
96	-194	7142
96	-192	7203
96	-190	7213
96	-188	7287
96	-186	7222
96	-184	7115
96	-182	7245
96	-180	7112
96	-178	7104
96	-176	7043
96	-174	7047
96	-172	7025
96	-170	7041
96	-168	6975
96	-166	7010
96	-164	6987
96	-162	7016
96	-160	6891
96	-158	6881
96	-156	6935
96	-154	6835
96	-152	6862
96	-150	6929
96	-148	6945
96	-146	6858
96	-144	6844
96	-142	6952
96	-140	6889
96	-138	6936
96	-136	6861
96	-134	6887
96	-132	6974
96	-130	7008
96	-128	6868
96	-126	6860
96	-124	6926
96	-122	7010
96	-120	7047
96	-118	6986
96	-116	6905
96	-114	6933
96	-112	6913
96	-110	6912
96	-108	6891
96	-106	6839
96	-104	6785
96	-102	6871
96	-100	6872
96	-98	6875
96	-96	6923
96	-94	6925
96	-92	7014
96	-90	6902
96	-88	6870
96	-86	6976
96	-84	6867
96	-82	6800
96	-80	6839
96	-78	6885
96	-76	6894
96	-74	6863
96	-72	6992
96	-70	6893
96	-68	6843
96	-66	6883
96	-64	6856
96	-62	6921
96	-60	6752
96	-58	6845
96	-56	6871
96	-54	6844
96	-52	6797
96	-50	6741
96	-48	6757
96	-46	6841
96	-44	6817
96	-42	6751
96	-40	6723
96	-38	6836
96	-36	6804
96	-34	6793
96	-32	6800
96	-30	6722
96	-28	6852
96	-26	6927
96	-24	6856
96	-22	6769
96	-20	6866
96	-18	6853
96	-16	6850
96	-14	6793
96	-12	6895
96	-10	6817
96	-8	6782
96	-6	6654
96	-4	6823
96	-2	6880
96	0	6775
96	2	6788
96	4	6755
96	6	6787
96	8	6890
96	10	6802
96	12	6839
96	14	6868
96	16	6795
96	18	6778
96	20	6802
96	22	6716
96	24	6769
96	26	6822
96	28	6706
96	30	6713
96	32	6792
96	34	6669
96	36	6803
96	38	6756
96	40	6807
96	42	6704
96	44	6714
96	46	6787
96	48	6729
96	50	6678
96	52	6735
96	54	6736
96	56	6701
96	58	6740
96	60	6834
96	62	6783
96	64	6809
96	66	6753
96	68	6818
96	70	6779
96	72	6774
96	74	6827
96	76	6721
96	78	6771
96	80	6725
96	82	6724
96	84	6827
96	86	6695
96	88	6729
96	90	6682
96	92	6702
96	94	6739
96	96	6663
96	98	6686
100	-290	7459
100	-288	7469
100	-286	7492
100	-284	7524
100	-282	7355
100	-280	7355
100	-278	7309
100	-276	7253
100	-274	7173
100	-272	7310
100	-270	7330
100	-268	7333
100	-266	7390
100	-264	7190
100	-262	7275
100	-260	7252
100	-258	7324
100	-256	7362
100	-254	7380
100	-252	7463
100	-250	7435
100	-248	7363
100	-246	7303
100	-244	7374
100	-242	7273
100	-240	7324
100	-238	7358
100	-236	7197
100	-234	7316
100	-232	7394
100	-230	7424
100	-228	7478
100	-226	7302
100	-224	7337
100	-222	7229
100	-220	7239
100	-218	7372
100	-216	7401
100	-214	7466
100	-212	7378
100	-210	7369
100	-208	7214
100	-206	7365
100	-204	7235
100	-202	7112
100	-200	7236
100	-198	7112
100	-196	7035
100	-194	7189
100	-192	7207
100	-190	7248
100	-188	7099
100	-186	7049
100	-184	7168
100	-182	7161
100	-180	7241
100	-178	7176
100	-176	7214
100	-174	7231
100	-172	7181
100	-170	7220
100	-168	7166
100	-166	7144
100	-164	7242
100	-162	7243
100	-160	7281
100	-158	7244
100	-156	7238
100	-154	7154
100	-152	7191
100	-150	7114
100	-148	7051
100	-146	7083
100	-144	7132
100	-142	7066
100	-140	7030
100	-138	7126
100	-136	7049
100	-134	7049
100	-132	7031
100	-130	7044
100	-128	7024
100	-126	7043
100	-124	6945
100	-122	7037
100	-120	7150
100	-118	7140
100	-116	7156
100	-114	7156
100	-112	6991
100	-110	7009
100	-108	7111
100	-106	7178
100	-104	6998
100	-102	6944
100	-100	6986
100	-98	6972
100	-96	6978
100	-94	7125
100	-92	6988
100	-90	6971
100	-88	7069
100	-86	7066
100	-84	7104
100	-82	7045
100	-80	7105
100	-78	7059
100	-76	7059
100	-74	7107
100	-72	7077
100	-70	7102
100	-68	6958
100	-66	7110
100	-64	6986
100	-62	7118
100	-60	6905
100	-58	6963
100	-56	6931
100	-54	7024
100	-52	6921
100	-50	6943
100	-48	6955
100	-46	6992
100	-44	6861
100	-42	6904
100	-40	6942
100	-38	6840
100	-36	7045
100	-34	6890
100	-32	7048
100	-30	6967
100	-28	6923
100	-26	6832
100	-24	6828
100	-22	6860
100	-20	6811
100	-18	6955
100	-16	6847
100	-14	6918
100	-12	6868
100	-10	6664
100	-8	6924
100	-6	6779
100	-4	6838
100	-2	6805
100	0	6850
100	2	6931
100	4	6890
100	6	6845
100	8	6751
100	10	6799
100	12	6802
100	14	6855
100	16	6824
100	18	6792
100	20	6789
100	22	6756
100	24	6734
100	26	6753
100	28	6724
100	30	6803
100	32	6829
100	34	6610
100	36	6797
100	38	6784
100	40	6718
100	42	6870
100	44	6843
100	46	6869
100	48	6868
100	50	6950
100	52	6843
100	54	6985
100	56	6825
100	58	6973
100	60	6931
100	62	6924
100	64	6896
100	66	6897
100	68	6875
100	70	6876
100	72	6807
100	74	6882
100	76	7010
100	78	6953
100	80	6893
100	82	6971
100	84	7033
100	86	7009
100	88	6938
100	90	7006
100	92	6960
100	94	6768
100	96	6889
100	98	6876
104	-290	7650
104	-288	7533
104	-286	7374
104	-284	7273
104	-282	7244
104	-280	7234
104	-278	7353
104	-276	7201
104	-274	7306
104	-272	7311
104	-270	7220
104	-268	7198
104	-266	7184
104	-264	7307
104	-262	7175
104	-260	7275
104	-258	7279
104	-256	7274
104	-254	7319
104	-252	7274
104	-250	7236
104	-248	7320
104	-246	7333
104	-244	7354
104	-242	7347
104	-240	7463
104	-238	7441
104	-236	7471
104	-234	7300
104	-232	7314
104	-230	7311
104	-228	7350
104	-226	7191
104	-224	7200
104	-222	7355
104	-220	7219
104	-218	7287
104	-216	7215
104	-214	7189
104	-212	7055
104	-210	7183
104	-208	7205
104	-206	7367
104	-204	7405
104	-202	7289
104	-200	7241
104	-198	7283
104	-196	7302
104	-194	7258
104	-192	7281
104	-190	7272
104	-188	7331
104	-186	7191
104	-184	7151
104	-182	7229
104	-180	7186
104	-178	7009
104	-176	7126
104	-174	7148
104	-172	7037
104	-170	7050
104	-168	7224
104	-166	7136
104	-164	7094
104	-162	7076
104	-160	7056
104	-158	7140
104	-156	7058
104	-154	7060
104	-152	7061
104	-150	7127
104	-148	6935
104	-146	7075
104	-144	6990
104	-142	7076
104	-140	6971
104	-138	7017
104	-136	6994
104	-134	6998
104	-132	7027
104	-130	6867
104	-128	6926
104	-126	6949
104	-124	6934
104	-122	6923
104	-120	7051
104	-118	6961
104	-116	6866
104	-114	6945
104	-112	6803
104	-110	6872
104	-108	6903
104	-106	7009
104	-104	6850
104	-102	6853
104	-100	6934
104	-98	6929
104	-96	6983
104	-94	6848
104	-92	6959
104	-90	6976
104	-88	6920
104	-86	6795
104	-84	6906
104	-82	6893
104	-80	6936
104	-78	6898
104	-76	6869
104	-74	6899
104	-72	6814
104	-70	6945
104	-68	6859
104	-66	7045
104	-64	6937
104	-62	6897
104	-60	6979
104	-58	6962
104	-56	6896
104	-54	6989
104	-52	6906
104	-50	6900
104	-48	6895
104	-46	6886
104	-44	6913
104	-42	6840
104	-40	6837
104	-38	6873
104	-36	6762
104	-34	6788
104	-32	6871
104	-30	6798
104	-28	6868
104	-26	6875
104	-24	6878
104	-22	6793
104	-20	6874
104	-18	6749
104	-16	6900
104	-14	6803
104	-12	6873
104	-10	6705
104	-8	6838
104	-6	6868
104	-4	6820
104	-2	6818
104	0	6825
104	2	6763
104	4	6785
104	6	6803
104	8	6774
104	10	6750
104	12	6833
104	14	6758
104	16	6753
104	18	6790
104	20	6648
104	22	6802
104	24	6629
104	26	6695
104	28	6749
104	30	6779
104	32	6755
104	34	6717
104	36	6724
104	38	6876
104	40	6820
104	42	6800
104	44	6776
104	46	6783
104	48	6864
104	50	6944
104	52	6797
104	54	6813
104	56	6880
104	58	6880
104	60	6750
104	62	6853
104	64	6795
104	66	6886
104	68	6828
104	70	6861
104	72	6764
104	74	6802
104	76	6702
104	78	6882
104	80	6864
104	82	6863
104	84	6842
104	86	6837
104	88	6985
104	90	6851
104	92	6848
104	94	6975
104	96	6935
104	98	6916
108	-290	7372
108	-288	7478
108	-286	7441
108	-284	7389
108	-282	7396
108	-280	7370
108	-278	7277
108	-276	7273
108	-274	7297
108	-272	7349
108	-270	7068
108	-268	7270
108	-266	7114
108	-264	7080
108	-262	7115
108	-260	7111
108	-258	7171
108	-256	7176
108	-254	7269
108	-252	7177
108	-250	7243
108	-248	7248
108	-246	7248
108	-244	7107
108	-242	7273
108	-240	7171
108	-238	7267
108	-236	7148
108	-234	7128
108	-232	7220
108	-230	7285
108	-228	7204
108	-226	7220
108	-224	7198
108	-222	7295
108	-220	7311
108	-218	7506
108	-216	7501
108	-214	7176
108	-212	7222
108	-210	7175
108	-208	7268
108	-206	7296
108	-204	7373
108	-202	7303
108	-200	7264
108	-198	7189
108	-196	7179
108	-194	7079
108	-192	7060
108	-190	7067
108	-188	7137
108	-186	7051
108	-184	7112
108	-182	7022
108	-180	7103
108	-178	7052
108	-176	6922
108	-174	7007
108	-172	6819
108	-170	6911
108	-168	6909
108	-166	6861
108	-164	6901
108	-162	6939
108	-160	6946
108	-158	6915
108	-156	6780
108	-154	6869
108	-152	6897
108	-150	6917
108	-148	6885
108	-146	6889
108	-144	7023
108	-142	6776
108	-140	6951
108	-138	6921
108	-136	6805
108	-134	6948
108	-132	6898
108	-130	6925
108	-128	6928
108	-126	7118
108	-124	6896
108	-122	6946
108	-120	6872
108	-118	6821
108	-116	6865
108	-114	6980
108	-112	7027
108	-110	6909
108	-108	6973
108	-106	6910
108	-104	6919
108	-102	6881
108	-100	6943
108	-98	7030
108	-96	6957
108	-94	6879
108	-92	6861
108	-90	7012
108	-88	7003
108	-86	6875
108	-84	7038
108	-82	6889
108	-80	7070
108	-78	6894
108	-76	7033
108	-74	6958
108	-72	6923
108	-70	6986
108	-68	6946
108	-66	6895
108	-64	6968
108	-62	6951
108	-60	7015
108	-58	7074
108	-56	7115
108	-54	7027
108	-52	7112
108	-50	7056
108	-48	7023
108	-46	7096
108	-44	7036
108	-42	7081
108	-40	7094
108	-38	7025
108	-36	7089
108	-34	7126
108	-32	7175
108	-30	6955
108	-28	7007
108	-26	7162
108	-24	7068
108	-22	7006
108	-20	7027
108	-18	6934
108	-16	6893
108	-14	6958
108	-12	7046
108	-10	7020
108	-8	6985
108	-6	6956
108	-4	7017
108	-2	7047
108	0	6875
108	2	6879
108	4	6881
108	6	6907
108	8	6841
108	10	6926
108	12	6874
108	14	6876
108	16	6872
108	18	6800
108	20	6819
108	22	6889
108	24	6896
108	26	6892
108	28	6919
108	30	6941
108	32	6912
108	34	7016
108	36	7163
108	38	6985
108	40	6861
108	42	6952
108	44	6973
108	46	6991
108	48	7019
108	50	6950
108	52	7025
108	54	6992
108	56	6997
108	58	6835
108	60	7014
108	62	6958
108	64	7016
108	66	6968
108	68	6925
108	70	7043
108	72	6931
108	74	6958
108	76	7015
108	78	6943
108	80	7006
108	82	6889
108	84	6996
108	86	6835
108	88	6924
108	90	6783
108	92	6886
108	94	6985
108	96	6864
108	98	6845
112	-290	7344
112	-288	7354
112	-286	7327
112	-284	7126
112	-282	7182
112	-280	7199
112	-278	7295
112	-276	7216
112	-274	7345
112	-272	7163
112	-270	7294
112	-268	7380
112	-266	7056
112	-264	7166
112	-262	7094
112	-260	7176
112	-258	7236
112	-256	7210
112	-254	7301
112	-252	7164
112	-250	7169
112	-248	7308
112	-246	7135
112	-244	7046
112	-242	7155
112	-240	7097
112	-238	7224
112	-236	7111
112	-234	7068
112	-232	7238
112	-230	7111
112	-228	7217
112	-226	7280
112	-224	7237
112	-222	7037
112	-220	7042
112	-218	7056
112	-216	6962
112	-214	7080
112	-212	6935
112	-210	6963
112	-208	6891
112	-206	7071
112	-204	7004
112	-202	7039
112	-200	6915
112	-198	7018
112	-196	6962
112	-194	7102
112	-192	7073
112	-190	7164
112	-188	7201
112	-186	7136
112	-184	7231
112	-182	7140
112	-180	7163
112	-178	7249
112	-176	7266
112	-174	7247
112	-172	7153
112	-170	7194
112	-168	6922
112	-166	7057
112	-164	7073
112	-162	6973
112	-160	7018
112	-158	6890
112	-156	7011
112	-154	6940
112	-152	6930
112	-150	6842
112	-148	6973
112	-146	7107
112	-144	7059
112	-142	6962
112	-140	6986
112	-138	6984
112	-136	6938
112	-134	6958
112	-132	6950
112	-130	7009
112	-128	6978
112	-126	6970
112	-124	6885
112	-122	7053
112	-120	7082
112	-118	6919
112	-116	6924
112	-114	7007
112	-112	7024
112	-110	6938
112	-108	6986
112	-106	7017
112	-104	7004
112	-102	7143
112	-100	7151
112	-98	7073
112	-96	7055
112	-94	7106
112	-92	7057
112	-90	7017
112	-88	7086
112	-86	7020
112	-84	6953
112	-82	6934
112	-80	7098
112	-78	7013
112	-76	6795
112	-74	7175
112	-72	7186
112	-70	6950
112	-68	6977
112	-66	7117
112	-64	7008
112	-62	7199
112	-60	7289
112	-58	7154
112	-56	7121
112	-54	7105
112	-52	7140
112	-50	7140
112	-48	7180
112	-46	7254
112	-44	7276
112	-42	7231
112	-40	7211
112	-38	7077
112	-36	7113
112	-34	7137
112	-32	7091
112	-30	7142
112	-28	7077
112	-26	7075
112	-24	7000
112	-22	7049
112	-20	7184
112	-18	7058
112	-16	7013
112	-14	7053
112	-12	7157
112	-10	7088
112	-8	7096
112	-6	6938
112	-4	7092
112	-2	7059
112	0	6947
112	2	6994
112	4	6894
112	6	7019
112	8	7013
112	10	7037
112	12	7016
112	14	7134
112	16	7091
112	18	7033
112	20	7186
112	22	7238
112	24	7107
112	26	7225
112	28	7229
112	30	7142
112	32	7119
112	34	7128
112	36	7136
112	38	7126
112	40	7146
112	42	7227
112	44	7257
112	46	7192
112	48	7244
112	50	7278
112	52	7205
112	54	7205
112	56	7208
112	58	7141
112	60	7204
112	62	7284
112	64	7272
112	66	7361
112	68	7135
112	70	7203
112	72	7321
112	74	7147
112	76	7280
112	78	7282
112	80	7184
112	82	7289
112	84	7192
112	86	7163
112	88	7176
112	90	7295
112	92	7228
112	94	7168
112	96	7161
112	98	7250
116	-290	6309
116	-288	6418
116	-286	6500
116	-284	6326
116	-282	6458
116	-280	6632
116	-278	6833
116	-276	6741
116	-274	6778
116	-272	6600
116	-270	6750
116	-268	6630
116	-266	6879
116	-264	6843
116	-262	6784
116	-260	6835
116	-258	6873
116	-256	6955
116	-254	6999
116	-252	7074
116	-250	7126
116	-248	7035
116	-246	7189
116	-244	6916
116	-242	7150
116	-240	7226
116	-238	7043
116	-236	7109
116	-234	7176
116	-232	7212
116	-230	7220
116	-228	7042
116	-226	7280
116	-224	7280
116	-222	7234
116	-220	7319
116	-218	7125
116	-216	7210
116	-214	7048
116	-212	7214
116	-210	7184
116	-208	7130
116	-206	7292
116	-204	7311
116	-202	7262
116	-200	7368
116	-198	7218
116	-196	7272
116	-194	7318
116	-192	7330
116	-190	7381
116	-188	7350
116	-186	7330
116	-184	7280
116	-182	7347
116	-180	7191
116	-178	7326
116	-176	7241
116	-174	7322
116	-172	7226
116	-170	7227
116	-168	7335
116	-166	7229
116	-164	7464
116	-162	7401
116	-160	7374
116	-158	7307
116	-156	7370
116	-154	7238
116	-152	7111
116	-150	7077
116	-148	7112
116	-146	7146
116	-144	7177
116	-142	7065
116	-140	7154
116	-138	7157
116	-136	7224
116	-134	7178
116	-132	7097
116	-130	7187
116	-128	7100
116	-126	7063
116	-124	7049
116	-122	7033
116	-120	7112
116	-118	7089
116	-116	7132
116	-114	7319
116	-112	6950
116	-110	6919
116	-108	6953
116	-106	6925
116	-104	7124
116	-102	7130
116	-100	7263
116	-98	7009
116	-96	7232
116	-94	6937
116	-92	7093
116	-90	7120
116	-88	7064
116	-86	7125
116	-84	7010
116	-82	7116
116	-80	7026
116	-78	7023
116	-76	6968
116	-74	6845
116	-72	6981
116	-70	6943
116	-68	6900
116	-66	6856
116	-64	6923
116	-62	6900
116	-60	6965
116	-58	6747
116	-56	7016
116	-54	6836
116	-52	7123
116	-50	6722
116	-48	6979
116	-46	6968
116	-44	7077
116	-42	7346
116	-40	7085
116	-38	7081
116	-36	7017
116	-34	6951
116	-32	6988
116	-30	6972
116	-28	7025
116	-26	7073
116	-24	6920
116	-22	6963
116	-20	6960
116	-18	6876
116	-16	6892
116	-14	6930
116	-12	6935
116	-10	6821
116	-8	6997
116	-6	6950
116	-4	6872
116	-2	7065
116	0	7050
116	2	6745
116	4	6962
116	6	6886
116	8	6958
116	10	6839
116	12	6913
116	14	6784
116	16	6956
116	18	7049
116	20	7006
116	22	6970
116	24	6996
116	26	6814
116	28	6885
116	30	6819
116	32	6776
116	34	6956
116	36	6790
116	38	6773
116	40	6849
116	42	6871
116	44	6912
116	46	6850
116	48	6951
116	50	6938
116	52	6793
116	54	6814
116	56	6819
116	58	6864
116	60	6913
116	62	6837
116	64	6844
116	66	6877
116	68	6790
116	70	6914
116	72	6897
116	74	6872
116	76	6935
116	78	6884
116	80	6963
116	82	6947
116	84	6925
116	86	6843
116	88	6842
116	90	7002
116	92	6796
116	94	6934
116	96	6876
116	98	6837
120	-290	9063
120	-288	9144
120	-286	9197
120	-284	9221
120	-282	9296
120	-280	9039
120	-278	9139
120	-276	8930
120	-274	9212
120	-272	9024
120	-270	8873
120	-268	8989
120	-266	9070
120	-264	8897
120	-262	8981
120	-260	9016
120	-258	8846
120	-256	8839
120	-254	8690
120	-252	9035
120	-250	9044
120	-248	9217
120	-246	8991
120	-244	8983
120	-242	9046
120	-240	9009
120	-238	8851
120	-236	9013
120	-234	8977
120	-232	9012
120	-230	8780
120	-228	9149
120	-226	8999
120	-224	9048
120	-222	9007
120	-220	9235
120	-218	9225
120	-216	9035
120	-214	8865
120	-212	9131
120	-210	8926
120	-208	8890
120	-206	9043
120	-204	8817
120	-202	9043
120	-200	8902
120	-198	8911
120	-196	8860
120	-194	8964
120	-192	9093
120	-190	9143
120	-188	9026
120	-186	9100
120	-184	8984
120	-182	8983
120	-180	9123
120	-178	8840
120	-176	9012
120	-174	8754
120	-172	8912
120	-170	9102
120	-168	8690
120	-166	8629
120	-164	8730
120	-162	8986
120	-160	8795
120	-158	8832
120	-156	8923
120	-154	8849
120	-152	8780
120	-150	8716
120	-148	8889
120	-146	8913
120	-144	8768
120	-142	8928
120	-140	8781
120	-138	8842
120	-136	8949
120	-134	8807
120	-132	8851
120	-130	8876
120	-128	8987
120	-126	8789
120	-124	8856
120	-122	8855
120	-120	8686
120	-118	8554
120	-116	8821
120	-114	8672
120	-112	8657
120	-110	8670
120	-108	8630
120	-106	8761
120	-104	8734
120	-102	8735
120	-100	8745
120	-98	8699
120	-96	8786
120	-94	8643
120	-92	8690
120	-90	8754
120	-88	8623
120	-86	8732
120	-84	8610
120	-82	8646
120	-80	8813
120	-78	8778
120	-76	8608
120	-74	8701
120	-72	8749
120	-70	8692
120	-68	8588
120	-66	8843
120	-64	8569
120	-62	8709
120	-60	8542
120	-58	8730
120	-56	8567
120	-54	8461
120	-52	8608
120	-50	8567
120	-48	8558
120	-46	8588
120	-44	8576
120	-42	8644
120	-40	8758
120	-38	8502
120	-36	8661
120	-34	8793
120	-32	8574
120	-30	8820
120	-28	8791
120	-26	8611
120	-24	8538
120	-22	8532
120	-20	8420
120	-18	8418
120	-16	8740
120	-14	8748
120	-12	8702
120	-10	8591
120	-8	8752
120	-6	8590
120	-4	8606
120	-2	8572
120	0	8504
120	2	8504
120	4	8522
120	6	8451
120	8	8527
120	10	8664
120	12	8528
120	14	8545
120	16	8597
120	18	8375
120	20	8408
120	22	8469
120	24	8352
120	26	8489
120	28	8565
120	30	8140
120	32	8313
120	34	8470
120	36	8301
120	38	8587
120	40	8116
120	42	8307
120	44	8163
120	46	8285
120	48	8008
120	50	8175
120	52	8122
120	54	8268
120	56	7997
120	58	8234
120	60	8087
120	62	8162
120	64	8078
120	66	8109
120	68	8205
120	70	8155
120	72	8013
120	74	8183
120	76	8209
120	78	8208
120	80	8205
120	82	8132
120	84	8135
120	86	8103
120	88	8150
120	90	8180
120	92	8162
120	94	8218
120	96	8222
120	98	8336
