64	-290	3434
64	-288	3402
64	-286	3332
64	-284	3372
64	-282	3315
64	-280	3333
64	-278	3209
64	-276	3385
64	-274	3351
64	-272	3428
64	-270	3578
64	-268	3477
64	-266	3436
64	-264	3458
64	-262	3331
64	-260	3477
64	-258	3399
64	-256	3493
64	-254	3598
64	-252	3474
64	-250	3383
64	-248	3406
64	-246	3319
64	-244	3246
64	-242	3267
64	-240	3331
64	-238	3322
64	-236	3318
64	-234	3324
64	-232	3339
64	-230	3331
64	-228	3278
64	-226	3243
64	-224	3148
64	-222	3062
64	-220	3171
64	-218	3125
64	-216	3242
64	-214	3274
64	-212	3309
64	-210	3201
64	-208	3180
64	-206	3090
64	-204	2979
64	-202	2981
64	-200	2959
64	-198	3013
64	-196	3072
64	-194	3116
64	-192	3099
64	-190	3159
64	-188	3159
64	-186	3092
64	-184	3099
64	-182	3137
64	-180	3092
64	-178	3111
64	-176	3116
64	-174	3172
64	-172	3142
64	-170	3148
64	-168	3092
64	-166	3071
64	-164	3098
64	-162	3063
64	-160	3009
64	-158	3017
64	-156	3050
64	-154	2994
64	-152	3027
64	-150	3027
64	-148	3053
64	-146	2966
64	-144	2988
64	-142	3031
64	-140	3098
64	-138	3111
64	-136	3103
64	-134	3085
64	-132	3023
64	-130	3040
64	-128	3001
64	-126	2986
64	-124	2980
64	-122	2986
64	-120	2998
64	-118	2990
64	-116	3034
64	-114	2968
64	-112	3012
64	-110	3010
64	-108	3030
64	-106	3013
64	-104	3010
64	-102	3029
64	-100	3027
64	-98	3008
64	-96	3003
64	-94	3019
64	-92	3006
64	-90	3000
64	-88	2976
64	-86	3007
64	-84	3056
64	-82	3059
64	-80	3029
64	-78	3029
64	-76	3122
64	-74	3061
64	-72	3140
64	-70	3121
64	-68	3053
64	-66	3079
64	-64	3054
64	-62	3015
64	-60	3053
64	-58	3080
64	-56	3080
64	-54	3034
64	-52	3060
64	-50	3044
64	-48	3046
64	-46	2997
64	-44	3040
64	-42	2998
64	-40	3007
64	-38	3006
64	-36	2956
64	-34	3007
64	-32	2999
64	-30	2978
64	-28	3019
64	-26	3012
64	-24	3003
64	-22	3021
64	-20	3022
64	-18	3026
64	-16	3007
64	-14	3033
64	-12	3026
64	-10	3048
64	-8	3023
64	-6	3036
64	-4	3057
64	-2	3034
64	0	3026
64	2	3015
64	4	3025
64	6	3036
64	8	3050
64	10	3008
64	12	3026
64	14	3026
64	16	3052
64	18	3036
64	20	3043
64	22	3046
64	24	3085
64	26	3059
64	28	3034
64	30	3038
64	32	3074
64	34	3071
64	36	3071
64	38	3080
64	40	3093
64	42	3082
64	44	3126
64	46	3075
64	48	3106
64	50	3086
64	52	3057
64	54	3100
64	56	3066
64	58	3087
64	60	3084
64	62	3054
64	64	3102
64	66	3031
64	68	3061
64	70	3077
64	72	3041
64	74	3038
64	76	3054
64	78	3041
64	80	3088
64	82	3041
64	84	3058
64	86	3076
64	88	3070
64	90	3066
64	92	3036
64	94	3070
64	96	3083
64	98	3042
68	-290	3447
68	-288	3421
68	-286	3305
68	-284	3334
68	-282	3384
68	-280	3321
68	-278	3276
68	-276	3250
68	-274	3213
68	-272	3481
68	-270	3477
68	-268	3593
68	-266	3560
68	-264	3562
68	-262	3406
68	-260	3414
68	-258	3357
68	-256	3398
68	-254	3281
68	-252	3253
68	-250	3330
68	-248	3355
68	-246	3402
68	-244	3381
68	-242	3439
68	-240	3258
68	-238	3212
68	-236	3243
68	-234	3255
68	-232	3330
68	-230	3248
68	-228	3272
68	-226	3356
68	-224	3329
68	-222	3283
68	-220	3188
68	-218	3170
68	-216	3215
68	-214	3214
68	-212	3331
68	-210	3191
68	-208	3214
68	-206	3238
68	-204	3186
68	-202	3042
68	-200	3088
68	-198	3028
68	-196	3128
68	-194	3135
68	-192	3127
68	-190	3126
68	-188	3080
68	-186	3033
68	-184	3099
68	-182	2994
68	-180	2933
68	-178	3006
68	-176	3013
68	-174	3038
68	-172	3012
68	-170	3020
68	-168	2980
68	-166	3065
68	-164	3048
68	-162	3016
68	-160	2965
68	-158	3019
68	-156	3001
68	-154	2991
68	-152	3038
68	-150	3067
68	-148	3087
68	-146	3081
68	-144	3050
68	-142	3048
68	-140	3083
68	-138	3051
68	-136	3035
68	-134	3016
68	-132	3057
68	-130	3043
68	-128	3041
68	-126	2989
68	-124	2992
68	-122	3032
68	-120	3007
68	-118	3006
68	-116	2974
68	-114	3004
68	-112	3007
68	-110	3023
68	-108	3007
68	-106	3005
68	-104	3072
68	-102	3052
68	-100	3082
68	-98	3074
68	-96	3064
68	-94	3044
68	-92	3061
68	-90	3018
68	-88	3010
68	-86	3034
68	-84	3060
68	-82	3054
68	-80	3084
68	-78	3105
68	-76	3064
68	-74	3127
68	-72	3115
68	-70	3059
68	-68	3129
68	-66	3095
68	-64	3077
68	-62	3036
68	-60	3038
68	-58	3019
68	-56	3050
68	-54	3078
68	-52	3046
68	-50	3063
68	-48	3067
68	-46	3074
68	-44	3080
68	-42	3064
68	-40	3104
68	-38	3071
68	-36	3046
68	-34	3061
68	-32	3078
68	-30	3079
68	-28	3039
68	-26	3058
68	-24	3088
68	-22	3064
68	-20	3060
68	-18	3082
68	-16	3068
68	-14	3090
68	-12	3060
68	-10	3081
68	-8	3074
68	-6	3059
68	-4	3066
68	-2	3069
68	0	3076
68	2	3075
68	4	3089
68	6	3089
68	8	3062
68	10	3031
68	12	3109
68	14	3095
68	16	3074
68	18	3042
68	20	3034
68	22	3055
68	24	3000
68	26	3006
68	28	3044
68	30	3057
68	32	3034
68	34	3062
68	36	3044
68	38	3052
68	40	3020
68	42	3062
68	44	3011
68	46	3041
68	48	3041
68	50	3035
68	52	3039
68	54	3039
68	56	3059
68	58	3077
68	60	3121
68	62	3112
68	64	3080
68	66	3098
68	68	3103
68	70	3104
68	72	3129
68	74	3094
68	76	3090
68	78	3072
68	80	3086
68	82	3125
68	84	3149
68	86	3128
68	88	3135
68	90	3115
68	92	3097
68	94	3068
68	96	3127
68	98	3070
72	-290	3345
72	-288	3391
72	-286	3383
72	-284	3273
72	-282	3147
72	-280	3358
72	-278	3348
72	-276	3236
72	-274	3357
72	-272	3371
72	-270	3371
72	-268	3344
72	-266	3322
72	-264	3322
72	-262	3374
72	-260	3345
72	-258	3302
72	-256	3354
72	-254	3255
72	-252	3228
72	-250	3284
72	-248	3257
72	-246	3257
72	-244	3187
72	-242	3187
72	-240	3311
72	-238	3357
72	-236	3369
72	-234	3458
72	-232	3402
72	-230	3439
72	-228	3360
72	-226	3309
72	-224	3263
72	-222	3214
72	-220	3179
72	-218	3124
72	-216	3197
72	-214	3177
72	-212	3109
72	-210	3018
72	-208	3076
72	-206	3150
72	-204	3134
72	-202	3136
72	-200	3133
72	-198	3063
72	-196	3167
72	-194	3162
72	-192	3221
72	-190	3197
72	-188	3234
72	-186	3206
72	-184	3067
72	-182	3130
72	-180	3062
72	-178	3045
72	-176	2999
72	-174	3031
72	-172	3012
72	-170	3077
72	-168	2984
72	-166	3046
72	-164	3073
72	-162	3075
72	-160	3041
72	-158	3053
72	-156	3136
72	-154	3104
72	-152	3114
72	-150	3120
72	-148	3100
72	-146	3065
72	-144	3060
72	-142	3049
72	-140	3055
72	-138	3095
72	-136	3111
72	-134	3060
72	-132	3085
72	-130	3082
72	-128	3067
72	-126	3078
72	-124	3061
72	-122	3043
72	-120	3065
72	-118	3063
72	-116	3063
72	-114	3022
72	-112	3057
72	-110	3090
72	-108	3049
72	-106	3055
72	-104	3088
72	-102	3072
72	-100	3064
72	-98	3051
72	-96	3054
72	-94	3055
72	-92	3070
72	-90	3110
72	-88	3142
72	-86	3036
72	-84	3072
72	-82	3067
72	-80	3041
72	-78	3056
72	-76	3034
72	-74	3006
72	-72	3039
72	-70	3015
72	-68	3037
72	-66	3049
72	-64	3051
72	-62	3087
72	-60	3084
72	-58	3073
72	-56	3047
72	-54	3090
72	-52	3119
72	-50	3063
72	-48	3103
72	-46	3063
72	-44	3084
72	-42	3095
72	-40	3126
72	-38	3106
72	-36	3074
72	-34	3068
72	-32	3103
72	-30	3081
72	-28	3080
72	-26	3096
72	-24	3058
72	-22	3068
72	-20	3036
72	-18	3037
72	-16	2990
72	-14	3030
72	-12	3008
72	-10	3006
72	-8	3008
72	-6	3020
72	-4	2989
72	-2	3034
72	0	3040
72	2	3029
72	4	3031
72	6	3011
72	8	3030
72	10	3025
72	12	3036
72	14	3040
72	16	2948
72	18	2974
72	20	3036
72	22	2992
72	24	3026
72	26	3009
72	28	3017
72	30	3025
72	32	3040
72	34	3038
72	36	3030
72	38	3037
72	40	3016
72	42	3025
72	44	3026
72	46	3042
72	48	3024
72	50	3026
72	52	3045
72	54	3070
72	56	3037
72	58	3061
72	60	3076
72	62	3052
72	64	3092
72	66	3025
72	68	3024
72	70	3080
72	72	3049
72	74	3044
72	76	3041
72	78	3047
72	80	3073
72	82	3072
72	84	3055
72	86	3038
72	88	3072
72	90	3061
72	92	3080
72	94	3085
72	96	3068
72	98	3128
76	-290	3254
76	-288	3145
76	-286	3329
76	-284	3250
76	-282	3403
76	-280	3472
76	-278	3356
76	-276	3499
76	-274	3520
76	-272	3332
76	-270	3325
76	-268	3326
76	-266	3503
76	-264	3476
76	-262	3297
76	-260	3233
76	-258	3332
76	-256	3244
76	-254	3335
76	-252	3303
76	-250	3318
76	-248	3368
76	-246	3413
76	-244	3410
76	-242	3319
76	-240	3358
76	-238	3403
76	-236	3378
76	-234	3445
76	-232	3455
76	-230	3364
76	-228	3301
76	-226	3298
76	-224	3316
76	-222	3288
76	-220	3220
76	-218	3232
76	-216	3172
76	-214	3124
76	-212	3124
76	-210	3074
76	-208	3049
76	-206	3076
76	-204	3036
76	-202	3028
76	-200	3059
76	-198	3038
76	-196	3158
76	-194	3142
76	-192	3176
76	-190	3109
76	-188	3126
76	-186	3120
76	-184	3182
76	-182	3078
76	-180	3029
76	-178	2998
76	-176	3020
76	-174	2963
76	-172	2991
76	-170	2955
76	-168	2983
76	-166	3029
76	-164	3010
76	-162	3039
76	-160	3018
76	-158	3067
76	-156	3105
76	-154	3152
76	-152	3130
76	-150	3089
76	-148	3104
76	-146	3071
76	-144	3125
76	-142	3075
76	-140	3030
76	-138	3019
76	-136	3027
76	-134	3122
76	-132	3091
76	-130	2992
76	-128	3013
76	-126	2985
76	-124	3005
76	-122	3032
76	-120	3023
76	-118	3042
76	-116	3014
76	-114	3016
76	-112	2966
76	-110	2924
76	-108	2972
76	-106	3014
76	-104	3019
76	-102	2970
76	-100	2983
76	-98	2969
76	-96	3022
76	-94	3013
76	-92	3037
76	-90	3009
76	-88	3015
76	-86	2978
76	-84	2976
76	-82	3011
76	-80	2973
76	-78	3001
76	-76	3021
76	-74	2988
76	-72	2965
76	-70	2936
76	-68	2969
76	-66	3018
76	-64	2995
76	-62	3038
76	-60	3021
76	-58	3037
76	-56	3052
76	-54	3030
76	-52	3030
76	-50	3050
76	-48	3077
76	-46	3005
76	-44	3032
76	-42	3059
76	-40	3063
76	-38	3019
76	-36	3046
76	-34	3042
76	-32	3023
76	-30	3031
76	-28	3054
76	-26	3075
76	-24	3054
76	-22	3092
76	-20	3068
76	-18	3072
76	-16	2999
76	-14	3034
76	-12	3018
76	-10	3060
76	-8	3014
76	-6	3012
76	-4	2988
76	-2	3000
76	0	2987
76	2	3015
76	4	2974
76	6	3008
76	8	3042
76	10	3025
76	12	3035
76	14	3035
76	16	3002
76	18	3059
76	20	3038
76	22	3068
76	24	3048
76	26	3064
76	28	3041
76	30	3052
76	32	3003
76	34	3044
76	36	3053
76	38	3024
76	40	3059
76	42	3053
76	44	3086
76	46	3055
76	48	3048
76	50	3048
76	52	3012
76	54	3060
76	56	3052
76	58	3004
76	60	3045
76	62	3017
76	64	3024
76	66	3018
76	68	3052
76	70	3034
76	72	3130
76	74	3094
76	76	3043
76	78	3041
76	80	3037
76	82	3013
76	84	3025
76	86	3079
76	88	3101
76	90	3029
76	92	3103
76	94	3052
76	96	3058
76	98	3015
80	-290	3544
80	-288	3524
80	-286	3529
80	-284	3549
80	-282	3685
80	-280	3581
80	-278	3596
80	-276	3587
80	-274	3399
80	-272	3300
80	-270	3358
80	-268	3377
80	-266	3346
80	-264	3383
80	-262	3418
80	-260	3351
80	-258	3321
80	-256	3317
80	-254	3374
80	-252	3402
80	-250	3383
80	-248	3250
80	-246	3344
80	-244	3431
80	-242	3422
80	-240	3402
80	-238	3364
80	-236	3459
80	-234	3424
80	-232	3465
80	-230	3403
80	-228	3405
80	-226	3390
80	-224	3302
80	-222	3255
80	-220	3176
80	-218	3073
80	-216	3035
80	-214	3059
80	-212	3051
80	-210	3069
80	-208	3064
80	-206	3038
80	-204	3055
80	-202	3126
80	-200	3048
80	-198	3038
80	-196	2954
80	-194	3024
80	-192	3000
80	-190	2983
80	-188	3018
80	-186	3077
80	-184	3000
80	-182	2967
80	-180	2954
80	-178	2955
80	-176	3015
80	-174	3004
80	-172	3086
80	-170	3057
80	-168	3118
80	-166	3057
80	-164	3154
80	-162	3070
80	-160	3095
80	-158	3123
80	-156	3118
80	-154	3105
80	-152	3060
80	-150	3074
80	-148	3014
80	-146	3059
80	-144	3106
80	-142	3077
80	-140	3118
80	-138	3124
80	-136	3131
80	-134	3095
80	-132	3042
80	-130	3021
80	-128	3024
80	-126	3013
80	-124	3028
80	-122	3121
80	-120	3081
80	-118	3080
80	-116	3027
80	-114	3087
80	-112	3093
80	-110	3068
80	-108	3079
80	-106	3065
80	-104	3031
80	-102	3041
80	-100	3017
80	-98	3031
80	-96	2974
80	-94	3038
80	-92	3041
80	-90	3047
80	-88	2988
80	-86	3040
80	-84	3097
80	-82	2964
80	-80	2988
80	-78	2980
80	-76	3024
80	-74	3014
80	-72	3088
80	-70	3059
80	-68	3077
80	-66	3037
80	-64	3047
80	-62	3039
80	-60	3042
80	-58	3132
80	-56	3069
80	-54	3059
80	-52	3079
80	-50	3010
80	-48	3065
80	-46	3023
80	-44	3059
80	-42	3036
80	-40	3047
80	-38	3001
80	-36	3020
80	-34	3060
80	-32	3044
80	-30	3019
80	-28	3067
80	-26	3047
80	-24	3029
80	-22	2993
80	-20	2987
80	-18	3016
80	-16	3004
80	-14	3019
80	-12	3039
80	-10	3060
80	-8	2995
80	-6	2997
80	-4	3002
80	-2	2974
80	0	2936
80	2	2994
80	4	3035
80	6	2991
80	8	3044
80	10	2987
80	12	2974
80	14	3001
80	16	3055
80	18	3050
80	20	3073
80	22	3052
80	24	3031
80	26	3007
80	28	3043
80	30	3032
80	32	3032
80	34	3011
80	36	3043
80	38	3049
80	40	3022
80	42	3044
80	44	3062
80	46	3063
80	48	3040
80	50	3044
80	52	3027
80	54	3028
80	56	3046
80	58	3054
80	60	3047
80	62	3014
80	64	3022
80	66	3039
80	68	3038
80	70	3028
80	72	3081
80	74	3027
80	76	3040
80	78	3064
80	80	3079
80	82	3096
80	84	3075
80	86	3011
80	88	3071
80	90	3077
80	92	3070
80	94	3039
80	96	3123
80	98	3049
84	-290	3460
84	-288	3414
84	-286	3620
84	-284	3637
84	-282	3406
84	-280	3447
84	-278	3455
84	-276	3326
84	-274	3336
84	-272	3352
84	-270	3370
84	-268	3315
84	-266	3399
84	-264	3304
84	-262	3383
84	-260	3368
84	-258	3270
84	-256	3248
84	-254	3265
84	-252	3290
84	-250	3222
84	-248	3332
84	-246	3355
84	-244	3395
84	-242	3423
84	-240	3411
84	-238	3417
84	-236	3383
84	-234	3356
84	-232	3293
84	-230	3254
84	-228	3202
84	-226	3296
84	-224	3305
84	-222	3274
84	-220	3108
84	-218	3052
84	-216	3065
84	-214	3078
84	-212	3051
84	-210	3042
84	-208	3084
84	-206	3003
84	-204	3079
84	-202	3102
84	-200	3108
84	-198	3083
84	-196	3130
84	-194	3069
84	-192	3080
84	-190	3094
84	-188	3108
84	-186	3082
84	-184	3070
84	-182	3087
84	-180	3075
84	-178	3109
84	-176	3088
84	-174	3099
84	-172	3143
84	-170	3099
84	-168	3067
84	-166	3081
84	-164	3050
84	-162	3115
84	-160	3080
84	-158	3089
84	-156	3115
84	-154	3185
84	-152	3189
84	-150	3241
84	-148	3211
84	-146	3185
84	-144	3163
84	-142	3170
84	-140	3101
84	-138	3119
84	-136	3144
84	-134	3091
84	-132	3056
84	-130	3097
84	-128	3083
84	-126	3107
84	-124	3075
84	-122	3092
84	-120	3056
84	-118	3009
84	-116	3017
84	-114	3016
84	-112	3094
84	-110	3107
84	-108	3093
84	-106	3075
84	-104	3058
84	-102	3156
84	-100	3118
84	-98	3143
84	-96	3101
84	-94	3044
84	-92	3107
84	-90	3074
84	-88	3113
84	-86	3094
84	-84	3148
84	-82	3079
84	-80	3092
84	-78	3086
84	-76	3079
84	-74	3075
84	-72	3176
84	-70	3083
84	-68	3137
84	-66	3104
84	-64	3087
84	-62	3063
84	-60	3073
84	-58	3035
84	-56	3080
84	-54	3025
84	-52	3050
84	-50	3032
84	-48	3026
84	-46	3056
84	-44	3095
84	-42	3040
84	-40	3025
84	-38	3060
84	-36	3033
84	-34	3036
84	-32	3049
84	-30	3100
84	-28	3072
84	-26	3063
84	-24	3046
84	-22	3058
84	-20	3086
84	-18	3061
84	-16	3101
84	-14	3097
84	-12	3041
84	-10	3009
84	-8	3095
84	-6	3123
84	-4	3115
84	-2	3102
84	0	3109
84	2	3128
84	4	3113
84	6	3041
84	8	3098
84	10	3095
84	12	3140
84	14	3092
84	16	3118
84	18	3175
84	20	3166
84	22	3178
84	24	3148
84	26	3133
84	28	3109
84	30	3120
84	32	3110
84	34	3096
84	36	3110
84	38	3132
84	40	3111
84	42	3080
84	44	3066
84	46	3133
84	48	3122
84	50	3088
84	52	3118
84	54	3159
84	56	3119
84	58	3118
84	60	3137
84	62	3108
84	64	3149
84	66	3119
84	68	3148
84	70	3115
84	72	3119
84	74	3106
84	76	3119
84	78	3157
84	80	3075
84	82	3107
84	84	3124
84	86	3117
84	88	3051
84	90	3078
84	92	3095
84	94	3062
84	96	3108
84	98	3037
88	-290	3332
88	-288	3328
88	-286	3476
88	-284	3431
88	-282	3304
88	-280	3293
88	-278	3288
88	-276	3270
88	-274	3337
88	-272	3363
88	-270	3299
88	-268	3321
88	-266	3364
88	-264	3387
88	-262	3381
88	-260	3309
88	-258	3281
88	-256	3294
88	-254	3316
88	-252	3335
88	-250	3294
88	-248	3222
88	-246	3290
88	-244	3198
88	-242	3182
88	-240	3180
88	-238	3194
88	-236	3217
88	-234	3152
88	-232	3187
88	-230	3229
88	-228	3201
88	-226	3217
88	-224	3230
88	-222	3229
88	-220	3195
88	-218	3158
88	-216	3188
88	-214	3123
88	-212	3069
88	-210	3085
88	-208	3098
88	-206	3059
88	-204	3170
88	-202	3162
88	-200	3210
88	-198	3170
88	-196	3156
88	-194	3151
88	-192	3193
88	-190	3215
88	-188	3218
88	-186	3155
88	-184	3092
88	-182	3144
88	-180	3073
88	-178	3109
88	-176	3085
88	-174	3104
88	-172	3103
88	-170	3119
88	-168	3222
88	-166	3193
88	-164	3165
88	-162	3141
88	-160	3185
88	-158	3143
88	-156	3170
88	-154	3126
88	-152	3227
88	-150	3216
88	-148	3183
88	-146	3122
88	-144	3145
88	-142	3169
88	-140	3119
88	-138	3139
88	-136	3140
88	-134	3154
88	-132	3140
88	-130	3105
88	-128	3107
88	-126	3141
88	-124	3115
88	-122	3183
88	-120	3108
88	-118	3138
88	-116	3189
88	-114	3120
88	-112	3149
88	-110	3132
88	-108	3115
88	-106	3115
88	-104	3078
88	-102	3089
88	-100	3124
88	-98	3114
88	-96	3119
88	-94	3065
88	-92	3122
88	-90	3134
88	-88	3035
88	-86	3081
88	-84	3116
88	-82	3005
88	-80	3050
88	-78	3017
88	-76	3054
88	-74	3103
88	-72	3103
88	-70	3095
88	-68	3082
88	-66	3124
88	-64	3170
88	-62	3124
88	-60	3129
88	-58	3100
88	-56	3131
88	-54	3129
88	-52	3106
88	-50	3114
88	-48	3099
88	-46	3160
88	-44	3097
88	-42	3083
88	-40	3073
88	-38	3136
88	-36	3083
88	-34	3126
88	-32	3093
88	-30	3118
88	-28	3087
88	-26	3119
88	-24	3159
88	-22	3139
88	-20	3104
88	-18	3116
88	-16	3057
88	-14	3088
88	-12	3175
88	-10	3178
88	-8	3172
88	-6	3154
88	-4	3131
88	-2	3082
88	0	3091
88	2	3101
88	4	3065
88	6	3108
88	8	3113
88	10	3048
88	12	3101
88	14	3117
88	16	3071
88	18	3102
88	20	3080
88	22	3182
88	24	3106
88	26	3129
88	28	3122
88	30	3100
88	32	3111
88	34	3159
88	36	3119
88	38	3125
88	40	3101
88	42	3144
88	44	3158
88	46	3159
88	48	3143
88	50	3179
88	52	3064
88	54	3153
88	56	3110
88	58	3106
88	60	3055
88	62	3150
88	64	3160
88	66	3160
88	68	3140
88	70	3125
88	72	3115
88	74	3116
88	76	3093
88	78	3063
88	80	3157
88	82	3130
88	84	3183
88	86	3130
88	88	3149
88	90	3180
88	92	3054
88	94	3080
88	96	3100
88	98	3089
92	-290	3565
92	-288	3260
92	-286	3410
92	-284	3308
92	-282	3395
92	-280	3364
92	-278	3454
92	-276	3303
92	-274	3327
92	-272	3414
92	-270	3341
92	-268	3304
92	-266	3255
92	-264	3231
92	-262	3261
92	-260	3296
92	-258	3341
92	-256	3405
92	-254	3400
92	-252	3299
92	-250	3201
92	-248	3226
92	-246	3261
92	-244	3193
92	-242	3209
92	-240	3265
92	-238	3255
92	-236	3218
92	-234	3182
92	-232	3201
92	-230	3149
92	-228	3214
92	-226	3201
92	-224	3100
92	-222	3018
92	-220	3053
92	-218	2997
92	-216	3041
92	-214	3110
92	-212	3109
92	-210	3086
92	-208	3137
92	-206	3108
92	-204	3088
92	-202	3091
92	-200	3119
92	-198	3113
92	-196	3068
92	-194	3171
92	-192	3192
92	-190	3185
92	-188	3156
92	-186	3170
92	-184	3126
92	-182	3148
92	-180	3169
92	-178	3139
92	-176	3179
92	-174	3226
92	-172	3267
92	-170	3211
92	-168	3195
92	-166	3280
92	-164	3153
92	-162	3215
92	-160	3174
92	-158	3156
92	-156	3170
92	-154	3146
92	-152	3159
92	-150	3188
92	-148	3167
92	-146	3204
92	-144	3186
92	-142	3151
92	-140	3178
92	-138	3087
92	-136	3102
92	-134	3167
92	-132	3210
92	-130	3170
92	-128	3115
92	-126	3102
92	-124	3126
92	-122	3089
92	-120	3079
92	-118	3096
92	-116	3088
92	-114	3154
92	-112	3132
92	-110	3104
92	-108	3105
92	-106	3081
92	-104	3152
92	-102	3127
92	-100	3171
92	-98	3179
92	-96	3161
92	-94	3137
92	-92	3117
92	-90	3149
92	-88	3050
92	-86	3113
92	-84	3131
92	-82	3105
92	-80	3150
92	-78	3190
92	-76	3213
92	-74	3149
92	-72	3185
92	-70	3154
92	-68	3183
92	-66	3062
92	-64	3170
92	-62	3122
92	-60	3172
92	-58	3106
92	-56	3154
92	-54	3142
92	-52	3151
92	-50	3184
92	-48	3162
92	-46	3135
92	-44	3150
92	-42	3162
92	-40	3162
92	-38	3133
92	-36	3123
92	-34	3039
92	-32	2991
92	-30	3028
92	-28	3089
92	-26	3138
92	-24	3129
92	-22	3101
92	-20	3126
92	-18	3072
92	-16	3147
92	-14	3067
92	-12	3115
92	-10	3079
92	-8	3054
92	-6	3075
92	-4	3114
92	-2	3157
92	0	3151
92	2	3154
92	4	3122
92	6	3208
92	8	3101
92	10	3187
92	12	3183
92	14	3182
92	16	3211
92	18	3242
92	20	3254
92	22	3259
92	24	3260
92	26	3209
92	28	3190
92	30	3181
92	32	3141
92	34	3208
92	36	3116
92	38	3142
92	40	3124
92	42	3173
92	44	3132
92	46	3140
92	48	3199
92	50	3213
92	52	3116
92	54	3208
92	56	3237
92	58	3176
92	60	3188
92	62	3252
92	64	3190
92	66	3222
92	68	3167
92	70	3159
92	72	3201
92	74	3200
92	76	3162
92	78	3182
92	80	3176
92	82	3178
92	84	3180
92	86	3098
92	88	3166
92	90	3180
92	92	3237
92	94	3213
92	96	3189
92	98	3262
96	-290	3246
96	-288	3210
96	-286	3277
96	-284	3314
96	-282	3341
96	-280	3262
96	-278	3422
96	-276	3369
96	-274	3415
96	-272	3397
96	-270	3359
96	-268	3490
96	-266	3355
96	-264	3357
96	-262	3319
96	-260	3395
96	-258	3383
96	-256	3423
96	-254	3223
96	-252	3163
96	-250	3229
96	-248	3199
96	-246	3090
96	-244	3141
96	-242	3248
96	-240	3284
96	-238	3206
96	-236	3267
96	-234	3091
96	-232	3170
96	-230	3169
96	-228	3195
96	-226	3192
96	-224	3132
96	-222	3175
96	-220	3272
96	-218	3181
96	-216	3207
96	-214	3161
96	-212	3157
96	-210	3295
96	-208	3198
96	-206	3074
96	-204	3133
96	-202	3141
96	-200	3103
96	-198	3068
96	-196	3107
96	-194	3113
96	-192	3081
96	-190	3117
96	-188	3104
96	-186	3082
96	-184	3211
96	-182	3076
96	-180	3137
96	-178	3105
96	-176	3182
96	-174	3108
96	-172	3149
96	-170	3132
96	-168	3126
96	-166	3128
96	-164	3126
96	-162	3085
96	-160	3108
96	-158	3139
96	-156	3143
96	-154	3183
96	-152	3175
96	-150	3190
96	-148	3227
96	-146	3223
96	-144	3124
96	-142	3166
96	-140	3165
96	-138	3132
96	-136	3103
96	-134	3142
96	-132	3120
96	-130	3119
96	-128	3163
96	-126	3187
96	-124	3131
96	-122	3092
96	-120	3063
96	-118	3153
96	-116	3161
96	-114	3223
96	-112	3174
96	-110	3154
96	-108	3167
96	-106	3189
96	-104	3225
96	-102	3140
96	-100	3222
96	-98	3182
96	-96	3171
96	-94	3187
96	-92	3173
96	-90	3155
96	-88	3155
96	-86	3144
96	-84	3095
96	-82	3147
96	-80	3186
96	-78	3166
96	-76	3178
96	-74	3149
96	-72	3129
96	-70	3235
96	-68	3219
96	-66	3207
96	-64	3248
96	-62	3189
96	-60	3269
96	-58	3249
96	-56	3214
96	-54	3216
96	-52	3204
96	-50	3231
96	-48	3170
96	-46	3158
96	-44	3184
96	-42	3161
96	-40	3302
96	-38	3096
96	-36	3132
96	-34	3154
96	-32	3108
96	-30	3164
96	-28	3097
96	-26	3062
96	-24	3077
96	-22	3146
96	-20	3071
96	-18	3137
96	-16	3144
96	-14	3156
96	-12	3100
96	-10	3202
96	-8	3152
96	-6	3266
96	-4	3127
96	-2	3179
96	0	3168
96	2	3121
96	4	3105
96	6	3114
96	8	3025
96	10	3093
96	12	3140
96	14	3100
96	16	3080
96	18	3120
96	20	3110
96	22	3143
96	24	3200
96	26	3142
96	28	3202
96	30	3150
96	32	3197
96	34	3224
96	36	3096
96	38	3201
96	40	3200
96	42	3194
96	44	3183
96	46	3114
96	48	3183
96	50	3217
96	52	3173
96	54	3152
96	56	3201
96	58	3093
96	60	3135
96	62	3142
96	64	3089
96	66	3126
96	68	3117
96	70	3123
96	72	3109
96	74	3146
96	76	3142
96	78	3181
96	80	3122
96	82	3160
96	84	3123
96	86	3208
96	88	3169
96	90	3219
96	92	3216
96	94	3209
96	96	3206
96	98	3209
100	-290	3341
100	-288	3300
100	-286	3316
100	-284	3369
100	-282	3394
100	-280	3413
100	-278	3419
100	-276	3416
100	-274	3361
100	-272	3273
100	-270	3230
100	-268	3304
100	-266	3223
100	-264	3276
100	-262	3231
100	-260	3294
100	-258	3254
100	-256	3318
100	-254	3263
100	-252	3252
100	-250	3195
100	-248	3197
100	-246	3273
100	-244	3243
100	-242	3226
100	-240	3215
100	-238	3276
100	-236	3380
100	-234	3316
100	-232	3285
100	-230	3263
100	-228	3200
100	-226	3271
100	-224	3253
100	-222	3308
100	-220	3220
100	-218	3160
100	-216	3161
100	-214	3102
100	-212	3136
100	-210	3168
100	-208	3257
100	-206	3150
100	-204	3129
100	-202	3263
100	-200	3202
100	-198	3138
100	-196	3156
100	-194	3142
100	-192	3084
100	-190	3177
100	-188	3257
100	-186	3276
100	-184	3166
100	-182	3137
100	-180	3172
100	-178	3148
100	-176	3072
100	-174	3068
100	-172	3138
100	-170	3043
100	-168	3121
100	-166	3132
100	-164	3072
100	-162	3028
100	-160	3091
100	-158	3088
100	-156	3052
100	-154	3146
100	-152	3130
100	-150	3084
100	-148	3231
100	-146	3200
100	-144	3160
100	-142	3139
100	-140	3256
100	-138	3192
100	-136	3218
100	-134	3177
100	-132	3206
100	-130	3255
100	-128	3184
100	-126	3197
100	-124	3235
100	-122	3187
100	-120	3130
100	-118	3163
100	-116	3100
100	-114	3114
100	-112	3259
100	-110	3243
100	-108	3146
100	-106	3210
100	-104	3267
100	-102	3222
100	-100	3223
100	-98	3231
100	-96	3226
100	-94	3168
100	-92	3189
100	-90	3230
100	-88	3137
100	-86	3146
100	-84	3127
100	-82	3195
100	-80	3164
100	-78	3143
100	-76	3205
100	-74	3161
100	-72	3220
100	-70	3157
100	-68	3182
100	-66	3209
100	-64	3188
100	-62	3149
100	-60	3172
100	-58	3191
100	-56	3219
100	-54	3176
100	-52	3169
100	-50	3149
100	-48	3127
100	-46	3187
100	-44	3224
100	-42	3128
100	-40	3141
100	-38	3208
100	-36	3094
100	-34	3230
100	-32	3145
100	-30	3104
100	-28	3174
100	-26	3219
100	-24	3194
100	-22	3198
100	-20	3166
100	-18	3135
100	-16	3146
100	-14	3174
100	-12	3188
100	-10	3228
100	-8	3104
100	-6	3093
100	-4	3168
100	-2	3143
100	0	3152
100	2	3140
100	4	3157
100	6	3149
100	8	3170
100	10	3175
100	12	3212
100	14	3124
100	16	3072
100	18	3159
100	20	3102
100	22	3158
100	24	3122
100	26	3097
100	28	3203
100	30	3134
100	32	3165
100	34	3206
100	36	3117
100	38	3205
100	40	3188
100	42	3098
100	44	3138
100	46	3157
100	48	3191
100	50	3131
100	52	3132
100	54	3148
100	56	3126
100	58	3127
100	60	3051
100	62	3128
100	64	3106
100	66	3088
100	68	3059
100	70	3125
100	72	3107
100	74	3089
100	76	3042
100	78	3067
100	80	3077
100	82	3018
100	84	2980
100	86	3050
100	88	3060
100	90	3028
100	92	3104
100	94	3112
100	96	3073
100	98	3097
104	-290	3258
104	-288	3281
104	-286	3307
104	-284	3301
104	-282	3275
104	-280	3281
104	-278	3180
104	-276	3276
104	-274	3212
104	-272	3171
104	-270	3172
104	-268	3177
104	-266	3175
104	-264	3114
104	-262	3229
104	-260	3225
104	-258	3225
104	-256	3265
104	-254	3249
104	-252	3239
104	-250	3262
104	-248	3138
104	-246	3142
104	-244	3106
104	-242	3161
104	-240	3057
104	-238	3082
104	-236	3160
104	-234	3227
104	-232	3247
104	-230	3219
104	-228	3111
104	-226	3136
104	-224	3297
104	-222	3236
104	-220	3274
104	-218	3235
104	-216	3192
104	-214	3220
104	-212	3204
104	-210	3102
104	-208	3107
104	-206	2989
104	-204	3050
104	-202	3039
104	-200	3030
104	-198	3084
104	-196	3097
104	-194	3091
104	-192	3082
104	-190	3137
104	-188	3146
104	-186	3090
104	-184	3115
104	-182	3191
104	-180	3127
104	-178	3256
104	-176	3233
104	-174	3122
104	-172	3215
104	-170	3200
104	-168	3126
104	-166	3125
104	-164	3171
104	-162	3225
104	-160	3227
104	-158	3180
104	-156	3216
104	-154	3180
104	-152	3231
104	-150	3188
104	-148	3225
104	-146	3204
104	-144	3169
104	-142	3216
104	-140	3275
104	-138	3259
104	-136	3247
104	-134	3251
104	-132	3233
104	-130	3271
104	-128	3243
104	-126	3219
104	-124	3253
104	-122	3279
104	-120	3217
104	-118	3175
104	-116	3268
104	-114	3177
104	-112	3355
104	-110	3239
104	-108	3222
104	-106	3220
104	-104	3141
104	-102	3228
104	-100	3183
104	-98	3227
104	-96	3206
104	-94	3152
104	-92	3210
104	-90	3183
104	-88	3169
104	-86	3229
104	-84	3142
104	-82	3133
104	-80	3105
104	-78	3014
104	-76	3163
104	-74	3137
104	-72	3070
104	-70	3072
104	-68	3117
104	-66	3048
104	-64	3172
104	-62	3168
104	-60	3089
104	-58	3037
104	-56	3052
104	-54	3032
104	-52	3059
104	-50	3028
104	-48	3055
104	-46	3058
104	-44	3085
104	-42	3037
104	-40	3080
104	-38	3120
104	-36	3124
104	-34	3115
104	-32	3092
104	-30	3100
104	-28	3113
104	-26	3080
104	-24	3121
104	-22	3156
104	-20	3022
104	-18	3074
104	-16	2973
104	-14	3082
104	-12	3031
104	-10	3113
104	-8	3095
104	-6	3072
104	-4	3027
104	-2	3099
104	0	3077
104	2	3167
104	4	3089
104	6	3100
104	8	3156
104	10	3204
104	12	3116
104	14	3093
104	16	3121
104	18	3054
104	20	3139
104	22	3060
104	24	3157
104	26	3067
104	28	3050
104	30	3090
104	32	3046
104	34	3141
104	36	3098
104	38	3038
104	40	3075
104	42	3049
104	44	3034
104	46	3059
104	48	3024
104	50	3066
104	52	3021
104	54	3005
104	56	3065
104	58	2998
104	60	3081
104	62	3079
104	64	3072
104	66	3101
104	68	3179
104	70	3059
104	72	3022
104	74	3122
104	76	3197
104	78	3030
104	80	3034
104	82	3015
104	84	3066
104	86	3019
104	88	2933
104	90	3059
104	92	3050
104	94	3027
104	96	3046
104	98	3098
108	-290	3386
108	-288	3344
108	-286	3282
108	-284	3267
108	-282	3240
108	-280	3160
108	-278	3201
108	-276	3193
108	-274	3254
108	-272	3206
108	-270	3330
108	-268	3305
108	-266	3212
108	-264	3266
108	-262	3182
108	-260	3157
108	-258	3024
108	-256	3093
108	-254	3089
108	-252	3124
108	-250	3087
108	-248	3148
108	-246	3188
108	-244	3260
108	-242	3217
108	-240	3192
108	-238	3192
108	-236	3226
108	-234	3270
108	-232	3253
108	-230	3176
108	-228	3246
108	-226	3147
108	-224	3184
108	-222	3132
108	-220	3073
108	-218	3034
108	-216	3008
108	-214	3061
108	-212	3021
108	-210	3109
108	-208	3102
108	-206	2984
108	-204	2962
108	-202	3045
108	-200	3072
108	-198	2969
108	-196	3198
108	-194	3134
108	-192	3118
108	-190	3200
108	-188	3101
108	-186	3101
108	-184	3177
108	-182	3099
108	-180	3099
108	-178	3130
108	-176	3088
108	-174	3123
108	-172	3165
108	-170	3111
108	-168	3199
108	-166	3220
108	-164	3125
108	-162	3146
108	-160	3081
108	-158	3178
108	-156	3084
108	-154	3097
108	-152	3228
108	-150	3164
108	-148	3103
108	-146	3137
108	-144	3107
108	-142	3208
108	-140	3142
108	-138	3153
108	-136	3254
108	-134	3169
108	-132	3158
108	-130	3131
108	-128	3134
108	-126	3063
108	-124	3215
108	-122	3068
108	-120	3152
108	-118	3163
108	-116	3115
108	-114	3163
108	-112	3071
108	-110	3084
108	-108	3109
108	-106	3083
108	-104	3052
108	-102	3087
108	-100	3091
108	-98	3083
108	-96	3003
108	-94	3101
108	-92	3094
108	-90	2989
108	-88	3048
108	-86	3072
108	-84	3032
108	-82	2990
108	-80	2999
108	-78	3028
108	-76	3048
108	-74	3027
108	-72	3045
108	-70	3154
108	-68	3070
108	-66	3064
108	-64	3024
108	-62	3001
108	-60	3020
108	-58	3065
108	-56	2926
108	-54	2974
108	-52	3006
108	-50	3019
108	-48	3032
108	-46	3024
108	-44	3079
108	-42	3065
108	-40	3030
108	-38	3023
108	-36	2955
108	-34	3031
108	-32	2936
108	-30	3034
108	-28	3089
108	-26	2934
108	-24	2955
108	-22	2990
108	-20	2959
108	-18	2930
108	-16	2948
108	-14	3049
108	-12	2881
108	-10	3005
108	-8	3009
108	-6	2967
108	-4	3002
108	-2	2989
108	0	3094
108	2	3046
108	4	3077
108	6	2956
108	8	2987
108	10	2961
108	12	3159
108	14	3086
108	16	3138
108	18	3094
108	20	3117
108	22	3122
108	24	3135
108	26	3077
108	28	3101
108	30	3005
108	32	3090
108	34	2934
108	36	3030
108	38	3058
108	40	3070
108	42	2982
108	44	3120
108	46	3134
108	48	3113
108	50	3169
108	52	3113
108	54	3052
108	56	3072
108	58	3115
108	60	3090
108	62	3072
108	64	3099
108	66	3139
108	68	3145
108	70	3127
108	72	3020
108	74	3098
108	76	3050
108	78	3015
108	80	2991
108	82	3135
108	84	3037
108	86	3161
108	88	3079
108	90	3098
108	92	3131
108	94	3050
108	96	3087
108	98	2965
112	-290	3288
112	-288	3241
112	-286	3281
112	-284	3261
112	-282	3210
112	-280	3280
112	-278	3331
112	-276	3239
112	-274	3126
112	-272	3252
112	-270	3134
112	-268	3182
112	-266	3348
112	-264	3279
112	-262	3334
112	-260	3304
112	-258	3232
112	-256	3325
112	-254	3289
112	-252	3300
112	-250	3332
112	-248	3221
112	-246	3133
112	-244	3171
112	-242	3154
112	-240	3153
112	-238	3225
112	-236	3194
112	-234	3257
112	-232	3191
112	-230	3235
112	-228	3238
112	-226	3214
112	-224	3203
112	-222	3321
112	-220	3220
112	-218	2998
112	-216	3250
112	-214	3149
112	-212	3169
112	-210	3159
112	-208	3200
112	-206	3225
112	-204	3173
112	-202	3275
112	-200	3266
112	-198	3220
112	-196	3309
112	-194	3205
112	-192	3255
112	-190	3304
112	-188	3256
112	-186	3298
112	-184	3123
112	-182	3174
112	-180	3221
112	-178	3178
112	-176	3033
112	-174	3149
112	-172	3081
112	-170	3124
112	-168	3229
112	-166	3227
112	-164	3147
112	-162	3234
112	-160	3197
112	-158	3194
112	-156	3144
112	-154	3194
112	-152	3081
112	-150	3256
112	-148	3118
112	-146	3071
112	-144	3097
112	-142	3122
112	-140	3214
112	-138	3103
112	-136	3163
112	-134	3049
112	-132	3088
112	-130	3103
112	-128	3095
112	-126	3026
112	-124	3094
112	-122	3071
112	-120	3087
112	-118	3030
112	-116	3065
112	-114	3012
112	-112	2985
112	-110	3069
112	-108	3055
112	-106	3014
112	-104	3109
112	-102	2867
112	-100	2950
112	-98	3144
112	-96	3002
112	-94	3005
112	-92	3020
112	-90	3092
112	-88	3077
112	-86	3102
112	-84	3134
112	-82	3117
112	-80	3032
112	-78	3039
112	-76	3082
112	-74	2966
112	-72	3055
112	-70	3051
112	-68	2953
112	-66	3080
112	-64	3111
112	-62	2946
112	-60	2984
112	-58	2953
112	-56	3033
112	-54	2979
112	-52	3087
112	-50	3058
112	-48	2976
112	-46	3084
112	-44	3037
112	-42	3008
112	-40	3004
112	-38	3049
112	-36	3077
112	-34	2985
112	-32	2977
112	-30	3035
112	-28	2983
112	-26	3031
112	-24	2938
112	-22	2881
112	-20	2862
112	-18	2857
112	-16	2845
112	-14	2969
112	-12	2892
112	-10	3006
112	-8	2951
112	-6	2948
112	-4	2951
112	-2	2972
112	0	2927
112	2	2958
112	4	3064
112	6	2955
112	8	2775
112	10	2887
112	12	2893
112	14	2945
112	16	2903
112	18	2980
112	20	2801
112	22	2855
112	24	2954
112	26	2901
112	28	2853
112	30	2870
112	32	2878
112	34	2930
112	36	2919
112	38	2917
112	40	2914
112	42	2883
112	44	2881
112	46	2953
112	48	2831
112	50	2827
112	52	2831
112	54	2916
112	56	2996
112	58	2852
112	60	2934
112	62	2848
112	64	2842
112	66	2904
112	68	2939
112	70	2787
112	72	2793
112	74	2860
112	76	2901
112	78	2841
112	80	2820
112	82	2939
112	84	2923
112	86	2954
112	88	2972
112	90	2843
112	92	2924
112	94	2921
112	96	2944
112	98	2839
116	-290	4105
116	-288	3690
116	-286	3904
116	-284	3881
116	-282	3872
116	-280	3781
116	-278	3738
116	-276	3756
116	-274	3779
116	-272	3818
116	-270	3750
116	-268	3762
116	-266	3618
116	-264	3736
116	-262	3638
116	-260	3610
116	-258	3501
116	-256	3539
116	-254	3535
116	-252	3427
116	-250	3467
116	-248	3472
116	-246	3499
116	-244	3580
116	-242	3427
116	-240	3358
116	-238	3476
116	-236	3447
116	-234	3429
116	-232	3385
116	-230	3388
116	-228	3458
116	-226	3218
116	-224	3282
116	-222	3394
116	-220	3223
116	-218	3432
116	-216	3430
116	-214	3525
116	-212	3445
116	-210	3308
116	-208	3315
116	-206	3265
116	-204	3319
116	-202	3406
116	-200	3238
116	-198	3274
116	-196	3412
116	-194	3348
116	-192	3341
116	-190	3346
116	-188	3334
116	-186	3267
116	-184	3245
116	-182	3245
116	-180	3332
116	-178	3292
116	-176	3373
116	-174	3183
116	-172	3280
116	-170	3310
116	-168	3255
116	-166	3254
116	-164	3152
116	-162	3264
116	-160	3221
116	-158	3298
116	-156	3325
116	-154	3280
116	-152	3398
116	-150	3513
116	-148	3361
116	-146	3456
116	-144	3479
116	-142	3373
116	-140	3361
116	-138	3476
116	-136	3270
116	-134	3328
116	-132	3411
116	-130	3340
116	-128	3346
116	-126	3419
116	-124	3245
116	-122	3427
116	-120	3378
116	-118	3306
116	-116	3344
116	-114	3149
116	-112	3408
116	-110	3311
116	-108	3280
116	-106	3297
116	-104	3210
116	-102	3108
116	-100	3201
116	-98	3309
116	-96	3160
116	-94	3166
116	-92	3215
116	-90	3120
116	-88	3133
116	-86	3128
116	-84	3097
116	-82	3029
116	-80	3192
116	-78	3213
116	-76	3182
116	-74	3273
116	-72	3273
116	-70	3295
116	-68	3261
116	-66	3221
116	-64	3178
116	-62	3330
116	-60	3167
116	-58	3464
116	-56	3246
116	-54	3346
116	-52	3293
116	-50	3309
116	-48	3274
116	-46	3360
116	-44	3347
116	-42	3226
116	-40	3184
116	-38	3205
116	-36	3390
116	-34	3362
116	-32	3212
116	-30	3388
116	-28	3325
116	-26	3304
116	-24	3333
116	-22	3291
116	-20	3217
116	-18	3230
116	-16	3227
116	-14	3133
116	-12	3175
116	-10	3252
116	-8	3186
116	-6	3223
116	-4	3246
116	-2	3230
116	0	3103
116	2	3334
116	4	3346
116	6	3114
116	8	3193
116	10	3327
116	12	3169
116	14	3104
116	16	3222
116	18	3189
116	20	3231
116	22	3157
116	24	3196
116	26	3270
116	28	3166
116	30	3269
116	32	3305
116	34	3173
116	36	3258
116	38	3156
116	40	3202
116	42	3232
116	44	3063
116	46	3063
116	48	3121
116	50	3151
116	52	3224
116	54	3138
116	56	3175
116	58	3106
116	60	3210
116	62	3155
116	64	3154
116	66	3218
116	68	3293
116	70	3170
116	72	3252
116	74	3206
116	76	3171
116	78	3262
116	80	3117
116	82	3066
116	84	3240
116	86	3091
116	88	3112
116	90	3135
116	92	3178
116	94	3122
116	96	3181
116	98	3227
120	-290	3956
120	-288	3832
120	-286	3565
120	-284	3826
120	-282	3690
120	-280	3876
120	-278	3840
120	-276	3954
120	-274	3718
120	-272	3842
120	-270	3856
120	-268	3826
120	-266	3784
120	-264	3724
120	-262	3806
120	-260	3619
120	-258	3673
120	-256	3540
120	-254	3709
120	-252	3734
120	-250	3637
120	-248	3534
120	-246	3572
120	-244	3573
120	-242	3731
120	-240	3656
120	-238	3623
120	-236	3737
120	-234	3710
120	-232	3629
120	-230	3701
120	-228	3637
120	-226	3493
120	-224	3495
120	-222	3520
120	-220	3478
120	-218	3551
120	-216	3482
120	-214	3605
120	-212	3591
120	-210	3555
120	-208	3706
120	-206	3513
120	-204	3603
120	-202	3446
120	-200	3496
120	-198	3458
120	-196	3418
120	-194	3456
120	-192	3463
120	-190	3460
120	-188	3597
120	-186	3513
120	-184	3422
120	-182	3597
120	-180	3599
120	-178	3658
120	-176	3467
120	-174	3680
120	-172	3629
120	-170	3650
120	-168	3650
120	-166	3783
120	-164	3774
120	-162	3685
120	-160	3711
120	-158	3608
120	-156	3685
120	-154	3592
120	-152	3726
120	-150	3633
120	-148	3597
120	-146	3655
120	-144	3742
120	-142	3700
120	-140	3679
120	-138	3661
120	-136	3615
120	-134	3553
120	-132	3722
120	-130	3797
120	-128	3693
120	-126	3765
120	-124	3676
120	-122	3769
120	-120	3838
120	-118	3848
120	-116	3824
120	-114	3759
120	-112	3848
120	-110	3807
120	-108	3701
120	-106	3765
120	-104	3766
120	-102	3732
120	-100	3901
120	-98	3841
120	-96	3711
120	-94	3835
120	-92	3877
120	-90	3825
120	-88	3848
120	-86	3785
120	-84	3903
120	-82	3906
120	-80	3849
120	-78	3789
120	-76	4028
120	-74	3883
120	-72	3854
120	-70	3947
120	-68	3810
120	-66	3780
120	-64	4032
120	-62	3672
120	-60	3887
120	-58	3816
120	-56	3873
120	-54	3751
120	-52	3764
120	-50	3770
120	-48	3891
120	-46	3803
120	-44	3884
120	-42	3734
120	-40	3805
120	-38	3738
120	-36	3812
120	-34	3805
120	-32	3847
120	-30	3806
120	-28	3819
120	-26	3778
120	-24	3905
120	-22	3912
120	-20	3905
120	-18	3982
120	-16	3733
120	-14	3763
120	-12	3767
120	-10	3802
120	-8	3748
120	-6	3790
120	-4	3734
120	-2	3790
120	0	3820
120	2	3799
120	4	3818
120	6	3848
120	8	3700
120	10	3881
120	12	3858
120	14	3744
120	16	3682
120	18	4001
120	20	3932
120	22	3759
120	24	3844
120	26	3818
120	28	3716
120	30	4079
120	32	3972
120	34	3902
120	36	3841
120	38	3852
120	40	3931
120	42	3827
120	44	3958
120	46	3959
120	48	4023
120	50	3995
120	52	3932
120	54	3864
120	56	3947
120	58	3926
120	60	4026
120	62	3972
120	64	3900
120	66	3875
120	68	3995
120	70	3956
120	72	4036
120	74	3955
120	76	3927
120	78	3966
120	80	4008
120	82	4066
120	84	3999
120	86	4032
120	88	3920
120	90	3973
120	92	4031
120	94	4053
120	96	4100
120	98	3983
