64	-290	7572
64	-288	7421
64	-286	7128
64	-284	6792
64	-282	6470
64	-280	6476
64	-278	6583
64	-276	6916
64	-274	6962
64	-272	7146
64	-270	7449
64	-268	7539
64	-266	7214
64	-264	7063
64	-262	6757
64	-260	6380
64	-258	6339
64	-256	6367
64	-254	5986
64	-252	6264
64	-250	6096
64	-248	6308
64	-246	6757
64	-244	6588
64	-242	6225
64	-240	6461
64	-238	6777
64	-236	6679
64	-234	6436
64	-232	6643
64	-230	6500
64	-228	6686
64	-226	6473
64	-224	6302
64	-222	6249
64	-220	6220
64	-218	6115
64	-216	6125
64	-214	6396
64	-212	6532
64	-210	6515
64	-208	6132
64	-206	6433
64	-204	6675
64	-202	6632
64	-200	6490
64	-198	6410
64	-196	6356
64	-194	6371
64	-192	6704
64	-190	6642
64	-188	6522
64	-186	6291
64	-184	6538
64	-182	6472
64	-180	6203
64	-178	6031
64	-176	6337
64	-174	6329
64	-172	6132
64	-170	6125
64	-168	6337
64	-166	6372
64	-164	6263
64	-162	6232
64	-160	6284
64	-158	6358
64	-156	6416
64	-154	6355
64	-152	6311
64	-150	6748
64	-148	6697
64	-146	6484
64	-144	6234
64	-142	6320
64	-140	6562
64	-138	6670
64	-136	6584
64	-134	6557
64	-132	6648
64	-130	6574
64	-128	6661
64	-126	6673
64	-124	6524
64	-122	6465
64	-120	6384
64	-118	6551
64	-116	6546
64	-114	6740
64	-112	6671
64	-110	6604
64	-108	6578
64	-106	6549
64	-104	6638
64	-102	6818
64	-100	6632
64	-98	6637
64	-96	6612
64	-94	6505
64	-92	6317
64	-90	6572
64	-88	6554
64	-86	6634
64	-84	6639
64	-82	6450
64	-80	6683
64	-78	6574
64	-76	6667
64	-74	6612
64	-72	6520
64	-70	6396
64	-68	6475
64	-66	6430
64	-64	6454
64	-62	6577
64	-60	6561
64	-58	6535
64	-56	6402
64	-54	6317
64	-52	6452
64	-50	6384
64	-48	6208
64	-46	6118
64	-44	6251
64	-42	6346
64	-40	6429
64	-38	6302
64	-36	6269
64	-34	6275
64	-32	6429
64	-30	6476
64	-28	6498
64	-26	6415
64	-24	6320
64	-22	6519
64	-20	6274
64	-18	6394
64	-16	6385
64	-14	6361
64	-12	6382
64	-10	6525
64	-8	6434
64	-6	6526
64	-4	6483
64	-2	6645
64	0	6618
64	2	6551
64	4	6645
64	6	6500
64	8	6555
64	10	6552
64	12	6553
64	14	6618
64	16	6748
64	18	6617
64	20	6711
64	22	6722
64	24	6660
64	26	6607
64	28	6500
64	30	6633
64	32	6600
64	34	6637
64	36	6550
64	38	6465
64	40	6500
64	42	6645
64	44	6739
64	46	6589
64	48	6565
64	50	6620
64	52	6557
64	54	6559
64	56	6574
64	58	6477
64	60	6591
64	62	6461
64	64	6605
64	66	6638
64	68	6524
64	70	6529
64	72	6805
64	74	6574
64	76	6594
64	78	6700
64	80	6477
64	82	6603
64	84	6576
64	86	6579
64	88	6722
64	90	6776
64	92	6614
64	94	6520
64	96	6756
64	98	6446
68	-290	6386
68	-288	6201
68	-286	6262
68	-284	6567
68	-282	6562
68	-280	6058
68	-278	6171
68	-276	6793
68	-274	6613
68	-272	6773
68	-270	7052
68	-268	6712
68	-266	7055
68	-264	6864
68	-262	6468
68	-260	6410
68	-258	6496
68	-256	5952
68	-254	6116
68	-252	6415
68	-250	6426
68	-248	6539
68	-246	6579
68	-244	6626
68	-242	6334
68	-240	6324
68	-238	6187
68	-236	6252
68	-234	6545
68	-232	6399
68	-230	6469
68	-228	6177
68	-226	6283
68	-224	6778
68	-222	6582
68	-220	6397
68	-218	6390
68	-216	6573
68	-214	6587
68	-212	6340
68	-210	6523
68	-208	6480
68	-206	6259
68	-204	6114
68	-202	6186
68	-200	6309
68	-198	6745
68	-196	6687
68	-194	6670
68	-192	6561
68	-190	6620
68	-188	6584
68	-186	6535
68	-184	6485
68	-182	6412
68	-180	6165
68	-178	6518
68	-176	6380
68	-174	6482
68	-172	6628
68	-170	6498
68	-168	6624
68	-166	6443
68	-164	6194
68	-162	6403
68	-160	6501
68	-158	6649
68	-156	6642
68	-154	6501
68	-152	6602
68	-150	6527
68	-148	6759
68	-146	6427
68	-144	6256
68	-142	6410
68	-140	6379
68	-138	6328
68	-136	6338
68	-134	6359
68	-132	6327
68	-130	6682
68	-128	6526
68	-126	6405
68	-124	6341
68	-122	6407
68	-120	6642
68	-118	6420
68	-116	6574
68	-114	6648
68	-112	6609
68	-110	6693
68	-108	6644
68	-106	6592
68	-104	6625
68	-102	6596
68	-100	6605
68	-98	6461
68	-96	6503
68	-94	6595
68	-92	6578
68	-90	6753
68	-88	6493
68	-86	6516
68	-84	6563
68	-82	6744
68	-80	6524
68	-78	6479
68	-76	6528
68	-74	6470
68	-72	6539
68	-70	6710
68	-68	6749
68	-66	6561
68	-64	6537
68	-62	6598
68	-60	6818
68	-58	6649
68	-56	6697
68	-54	6732
68	-52	6539
68	-50	6651
68	-48	6724
68	-46	6545
68	-44	6575
68	-42	6601
68	-40	6539
68	-38	6516
68	-36	6446
68	-34	6385
68	-32	6605
68	-30	6484
68	-28	6373
68	-26	6422
68	-24	6312
68	-22	6436
68	-20	6409
68	-18	6420
68	-16	6494
68	-14	6454
68	-12	6363
68	-10	6489
68	-8	6363
68	-6	6433
68	-4	6573
68	-2	6522
68	0	6564
68	2	6573
68	4	6521
68	6	6522
68	8	6382
68	10	6561
68	12	6502
68	14	6476
68	16	6558
68	18	6675
68	20	6473
68	22	6590
68	24	6589
68	26	6623
68	28	6681
68	30	6756
68	32	6714
68	34	6763
68	36	6852
68	38	6725
68	40	6664
68	42	6569
68	44	6661
68	46	6655
68	48	6796
68	50	6663
68	52	6879
68	54	6734
68	56	6713
68	58	6787
68	60	6746
68	62	6588
68	64	6698
68	66	6835
68	68	6635
68	70	6696
68	72	6663
68	74	6650
68	76	6488
68	78	6666
68	80	6458
68	82	6570
68	84	6504
68	86	6671
68	88	6561
68	90	6506
68	92	6605
68	94	6666
68	96	6690
68	98	6536
72	-290	5598
72	-288	6127
72	-286	6118
72	-284	5961
72	-282	5954
72	-280	6221
72	-278	6582
72	-276	6947
72	-274	6983
72	-272	6926
72	-270	6773
72	-268	6863
72	-266	6774
72	-264	6745
72	-262	6677
72	-260	6766
72	-258	6425
72	-256	6730
72	-254	6496
72	-252	6819
72	-250	6489
72	-248	6703
72	-246	6608
72	-244	6538
72	-242	6310
72	-240	6664
72	-238	6320
72	-236	6290
72	-234	6132
72	-232	6399
72	-230	6517
72	-228	6449
72	-226	6501
72	-224	6467
72	-222	6558
72	-220	6285
72	-218	6285
72	-216	6251
72	-214	6134
72	-212	6092
72	-210	6011
72	-208	6196
72	-206	6607
72	-204	6313
72	-202	6514
72	-200	6624
72	-198	6660
72	-196	6621
72	-194	6805
72	-192	6685
72	-190	6773
72	-188	6564
72	-186	6717
72	-184	6841
72	-182	6727
72	-180	6522
72	-178	6167
72	-176	6128
72	-174	6258
72	-172	6223
72	-170	6157
72	-168	6236
72	-166	6036
72	-164	5920
72	-162	6237
72	-160	6308
72	-158	6401
72	-156	6445
72	-154	6549
72	-152	6628
72	-150	6516
72	-148	6653
72	-146	6672
72	-144	6588
72	-142	6747
72	-140	6659
72	-138	6547
72	-136	6616
72	-134	6764
72	-132	6717
72	-130	6609
72	-128	6786
72	-126	6600
72	-124	6729
72	-122	6741
72	-120	6728
72	-118	6635
72	-116	6378
72	-114	6510
72	-112	6741
72	-110	6865
72	-108	6551
72	-106	6508
72	-104	6618
72	-102	6445
72	-100	6488
72	-98	6587
72	-96	6544
72	-94	6472
72	-92	6491
72	-90	6467
72	-88	6284
72	-86	6426
72	-84	6413
72	-82	6418
72	-80	6392
72	-78	6357
72	-76	6487
72	-74	6394
72	-72	6304
72	-70	6466
72	-68	6325
72	-66	6347
72	-64	6386
72	-62	6280
72	-60	6405
72	-58	6601
72	-56	6661
72	-54	6440
72	-52	6463
72	-50	6464
72	-48	6371
72	-46	6471
72	-44	6479
72	-42	6421
72	-40	6448
72	-38	6532
72	-36	6640
72	-34	6536
72	-32	6563
72	-30	6534
72	-28	6613
72	-26	6610
72	-24	6638
72	-22	6655
72	-20	6706
72	-18	6643
72	-16	6630
72	-14	6701
72	-12	6678
72	-10	6489
72	-8	6620
72	-6	6605
72	-4	6600
72	-2	6510
72	0	6546
72	2	6688
72	4	6691
72	6	6663
72	8	6555
72	10	6637
72	12	6721
72	14	6682
72	16	6453
72	18	6498
72	20	6500
72	22	6449
72	24	6472
72	26	6537
72	28	6478
72	30	6419
72	32	6359
72	34	6460
72	36	6466
72	38	6530
72	40	6602
72	42	6602
72	44	6644
72	46	6536
72	48	6513
72	50	6438
72	52	6632
72	54	6556
72	56	6515
72	58	6583
72	60	6506
72	62	6575
72	64	6542
72	66	6511
72	68	6520
72	70	6480
72	72	6631
72	74	6623
72	76	6588
72	78	6663
72	80	6641
72	82	6539
72	84	6584
72	86	6690
72	88	6541
72	90	6481
72	92	6767
72	94	6768
72	96	6803
72	98	6628
76	-290	7094
76	-288	7132
76	-286	6908
76	-284	6257
76	-282	6414
76	-280	6531
76	-278	6847
76	-276	6798
76	-274	6649
76	-272	6555
76	-270	6703
76	-268	6485
76	-266	6414
76	-264	6505
76	-262	6914
76	-260	6968
76	-258	6434
76	-256	6738
76	-254	6936
76	-252	6676
76	-250	6840
76	-248	6406
76	-246	6223
76	-244	6450
76	-242	6200
76	-240	6379
76	-238	6492
76	-236	6447
76	-234	6515
76	-232	7004
76	-230	7000
76	-228	6949
76	-226	6982
76	-224	7033
76	-222	7085
76	-220	6748
76	-218	6928
76	-216	6440
76	-214	6269
76	-212	6174
76	-210	6351
76	-208	6016
76	-206	6005
76	-204	6238
76	-202	6459
76	-200	6221
76	-198	6188
76	-196	6388
76	-194	6459
76	-192	6583
76	-190	6415
76	-188	6395
76	-186	6282
76	-184	6548
76	-182	6535
76	-180	6649
76	-178	6632
76	-176	6506
76	-174	6415
76	-172	6175
76	-170	6203
76	-168	6137
76	-166	6287
76	-164	6254
76	-162	6408
76	-160	6375
76	-158	6502
76	-156	6435
76	-154	6578
76	-152	6571
76	-150	6594
76	-148	6494
76	-146	6483
76	-144	6618
76	-142	6602
76	-140	6683
76	-138	6498
76	-136	6681
76	-134	6581
76	-132	6476
76	-130	6381
76	-128	6649
76	-126	6753
76	-124	6620
76	-122	6655
76	-120	6816
76	-118	6654
76	-116	6690
76	-114	6617
76	-112	6475
76	-110	6587
76	-108	6778
76	-106	6330
76	-104	6499
76	-102	6436
76	-100	6567
76	-98	6458
76	-96	6423
76	-94	6474
76	-92	6433
76	-90	6467
76	-88	6628
76	-86	6544
76	-84	6582
76	-82	6402
76	-80	6528
76	-78	6426
76	-76	6333
76	-74	6419
76	-72	6507
76	-70	6571
76	-68	6362
76	-66	6378
76	-64	6512
76	-62	6369
76	-60	6364
76	-58	6446
76	-56	6465
76	-54	6400
76	-52	6274
76	-50	6450
76	-48	6077
76	-46	6276
76	-44	6348
76	-42	6326
76	-40	6372
76	-38	6436
76	-36	6448
76	-34	6338
76	-32	6508
76	-30	6373
76	-28	6298
76	-26	6476
76	-24	6579
76	-22	6615
76	-20	6603
76	-18	6642
76	-16	6754
76	-14	6679
76	-12	6618
76	-10	6744
76	-8	6600
76	-6	6487
76	-4	6702
76	-2	6672
76	0	6762
76	2	6692
76	4	6491
76	6	6591
76	8	6625
76	10	6649
76	12	6654
76	14	6764
76	16	6744
76	18	6862
76	20	6791
76	22	6775
76	24	6802
76	26	6873
76	28	6727
76	30	6567
76	32	6502
76	34	6545
76	36	6616
76	38	6734
76	40	6490
76	42	6639
76	44	6504
76	46	6432
76	48	6480
76	50	6494
76	52	6485
76	54	6750
76	56	6533
76	58	6588
76	60	6401
76	62	6542
76	64	6577
76	66	6627
76	68	6480
76	70	6616
76	72	6670
76	74	6666
76	76	6751
76	78	6613
76	80	6585
76	82	6551
76	84	6549
76	86	6668
76	88	6678
76	90	6656
76	92	6659
76	94	6576
76	96	6436
76	98	6519
80	-290	6770
80	-288	6582
80	-286	6082
80	-284	6372
80	-282	6481
80	-280	6254
80	-278	6501
80	-276	6149
80	-274	6153
80	-272	6284
80	-270	6634
80	-268	6753
80	-266	6816
80	-264	6602
80	-262	6437
80	-260	6418
80	-258	6350
80	-256	6355
80	-254	6640
80	-252	6970
80	-250	6383
80	-248	6373
80	-246	6589
80	-244	6800
80	-242	6615
80	-240	6900
80	-238	6957
80	-236	6934
80	-234	7126
80	-232	6927
80	-230	6645
80	-228	6639
80	-226	6909
80	-224	6395
80	-222	6652
80	-220	6654
80	-218	6379
80	-216	6831
80	-214	6474
80	-212	6315
80	-210	6426
80	-208	6264
80	-206	6547
80	-204	5948
80	-202	6054
80	-200	6040
80	-198	5904
80	-196	6249
80	-194	6294
80	-192	6401
80	-190	6399
80	-188	6526
80	-186	6648
80	-184	6222
80	-182	6598
80	-180	6682
80	-178	6740
80	-176	6879
80	-174	6889
80	-172	6538
80	-170	7009
80	-168	6848
80	-166	6724
80	-164	6867
80	-162	6713
80	-160	6694
80	-158	6711
80	-156	6788
80	-154	6666
80	-152	6584
80	-150	6408
80	-148	6517
80	-146	6502
80	-144	6629
80	-142	6582
80	-140	6473
80	-138	6635
80	-136	6678
80	-134	6701
80	-132	6624
80	-130	6575
80	-128	6426
80	-126	6764
80	-124	6674
80	-122	6682
80	-120	6571
80	-118	6734
80	-116	6579
80	-114	6490
80	-112	6475
80	-110	6477
80	-108	6586
80	-106	6460
80	-104	6486
80	-102	6472
80	-100	6537
80	-98	6422
80	-96	6292
80	-94	6248
80	-92	6411
80	-90	6153
80	-88	6336
80	-86	6315
80	-84	6400
80	-82	6329
80	-80	6316
80	-78	6268
80	-76	6384
80	-74	6440
80	-72	6333
80	-70	6303
80	-68	6273
80	-66	6175
80	-64	6207
80	-62	6282
80	-60	6104
80	-58	6249
80	-56	6090
80	-54	6210
80	-52	6288
80	-50	6197
80	-48	6315
80	-46	6213
80	-44	6262
80	-42	6402
80	-40	6280
80	-38	6267
80	-36	6508
80	-34	6361
80	-32	6305
80	-30	6240
80	-28	6317
80	-26	6324
80	-24	6385
80	-22	6307
80	-20	6446
80	-18	6243
80	-16	6295
80	-14	6204
80	-12	6353
80	-10	6260
80	-8	6360
80	-6	6303
80	-4	6188
80	-2	6333
80	0	6290
80	2	6385
80	4	6359
80	6	6574
80	8	6561
80	10	6462
80	12	6521
80	14	6651
80	16	6596
80	18	6529
80	20	6477
80	22	6457
80	24	6444
80	26	6488
80	28	6537
80	30	6592
80	32	6644
80	34	6593
80	36	6536
80	38	6494
80	40	6581
80	42	6368
80	44	6549
80	46	6426
80	48	6556
80	50	6466
80	52	6499
80	54	6414
80	56	6380
80	58	6531
80	60	6388
80	62	6407
80	64	6364
80	66	6409
80	68	6585
80	70	6746
80	72	6578
80	74	6445
80	76	6500
80	78	6589
80	80	6521
80	82	6537
80	84	6653
80	86	6630
80	88	6661
80	90	6512
80	92	6582
80	94	6752
80	96	6578
80	98	6757
84	-290	7397
84	-288	7171
84	-286	7247
84	-284	7162
84	-282	7128
84	-280	7132
84	-278	6854
84	-276	7137
84	-274	7171
84	-272	6987
84	-270	7417
84	-268	7379
84	-266	7061
84	-264	6816
84	-262	7031
84	-260	7077
84	-258	7174
84	-256	6961
84	-254	6688
84	-252	6861
84	-250	6689
84	-248	6596
84	-246	6425
84	-244	6634
84	-242	7046
84	-240	7086
84	-238	6600
84	-236	6895
84	-234	6683
84	-232	6393
84	-230	6387
84	-228	6297
84	-226	6144
84	-224	6233
84	-222	6585
84	-220	6423
84	-218	6530
84	-216	6481
84	-214	6646
84	-212	6270
84	-210	6779
84	-208	6781
84	-206	6824
84	-204	6716
84	-202	6877
84	-200	6769
84	-198	6357
84	-196	6266
84	-194	6368
84	-192	6736
84	-190	6511
84	-188	6317
84	-186	6411
84	-184	6369
84	-182	6397
84	-180	6537
84	-178	6650
84	-176	6694
84	-174	6612
84	-172	6676
84	-170	6643
84	-168	6201
84	-166	6366
84	-164	6118
84	-162	6296
84	-160	6374
84	-158	6257
84	-156	6078
84	-154	6075
84	-152	6276
84	-150	6283
84	-148	6160
84	-146	6172
84	-144	6418
84	-142	6338
84	-140	6470
84	-138	6419
84	-136	6466
84	-134	6642
84	-132	6667
84	-130	6803
84	-128	6616
84	-126	6661
84	-124	6524
84	-122	6634
84	-120	6429
84	-118	6720
84	-116	6795
84	-114	6728
84	-112	6429
84	-110	6566
84	-108	6819
84	-106	6839
84	-104	6726
84	-102	6746
84	-100	6814
84	-98	6762
84	-96	6681
84	-94	6691
84	-92	6660
84	-90	6690
84	-88	6613
84	-86	6635
84	-84	6325
84	-82	6386
84	-80	6501
84	-78	6519
84	-76	6448
84	-74	6460
84	-72	6328
84	-70	6168
84	-68	6272
84	-66	6495
84	-64	6607
84	-62	6538
84	-60	6427
84	-58	6221
84	-56	6400
84	-54	6049
84	-52	6183
84	-50	6086
84	-48	6171
84	-46	6113
84	-44	6198
84	-42	6194
84	-40	6173
84	-38	6109
84	-36	6063
84	-34	6335
84	-32	6372
84	-30	6252
84	-28	6078
84	-26	6362
84	-24	6342
84	-22	6350
84	-20	6426
84	-18	6163
84	-16	6257
84	-14	6460
84	-12	6317
84	-10	6446
84	-8	6390
84	-6	6345
84	-4	6276
84	-2	6285
84	0	6310
84	2	6474
84	4	6439
84	6	6434
84	8	6422
84	10	6498
84	12	6642
84	14	6408
84	16	6598
84	18	6653
84	20	6689
84	22	6715
84	24	6528
84	26	6607
84	28	6721
84	30	6722
84	32	6699
84	34	6718
84	36	6464
84	38	6589
84	40	6588
84	42	6813
84	44	6749
84	46	6957
84	48	6564
84	50	6759
84	52	6859
84	54	6631
84	56	6667
84	58	6810
84	60	6681
84	62	6657
84	64	6727
84	66	6873
84	68	6738
84	70	6583
84	72	6766
84	74	6758
84	76	6663
84	78	6824
84	80	6781
84	82	6872
84	84	7083
84	86	6905
84	88	6927
84	90	6932
84	92	6822
84	94	7039
84	96	7107
84	98	6973
88	-290	7225
88	-288	7508
88	-286	7832
88	-284	7927
88	-282	7870
88	-280	7458
88	-278	7762
88	-276	7529
88	-274	7403
88	-272	7007
88	-270	7484
88	-268	7538
88	-266	7076
88	-264	6649
88	-262	6377
88	-260	6574
88	-258	6630
88	-256	6601
88	-254	6626
88	-252	6739
88	-250	6085
88	-248	6303
88	-246	6427
88	-244	6642
88	-242	6290
88	-240	6517
88	-238	6611
88	-236	6357
88	-234	6436
88	-232	6614
88	-230	6727
88	-228	6730
88	-226	6659
88	-224	6751
88	-222	6456
88	-220	6408
88	-218	6704
88	-216	6765
88	-214	6719
88	-212	6522
88	-210	6759
88	-208	6721
88	-206	6717
88	-204	6967
88	-202	6948
88	-200	6506
88	-198	6832
88	-196	6936
88	-194	6864
88	-192	6948
88	-190	6752
88	-188	7132
88	-186	6879
88	-184	6968
88	-182	6823
88	-180	6732
88	-178	7079
88	-176	6609
88	-174	6816
88	-172	6859
88	-170	6732
88	-168	6501
88	-166	6777
88	-164	6680
88	-162	6874
88	-160	6884
88	-158	6738
88	-156	6507
88	-154	6701
88	-152	6633
88	-150	6380
88	-148	6409
88	-146	6333
88	-144	6312
88	-142	6428
88	-140	6745
88	-138	6677
88	-136	6643
88	-134	6758
88	-132	6727
88	-130	6776
88	-128	6675
88	-126	6758
88	-124	6858
88	-122	6798
88	-120	6986
88	-118	6909
88	-116	6810
88	-114	7098
88	-112	7050
88	-110	6943
88	-108	6891
88	-106	6986
88	-104	6822
88	-102	6480
88	-100	6387
88	-98	6457
88	-96	6561
88	-94	6445
88	-92	6150
88	-90	6293
88	-88	6294
88	-86	6381
88	-84	6377
88	-82	6406
88	-80	6265
88	-78	6164
88	-76	6318
88	-74	6536
88	-72	6590
88	-70	6597
88	-68	6505
88	-66	6366
88	-64	6380
88	-62	6632
88	-60	6669
88	-58	6186
88	-56	6657
88	-54	6523
88	-52	6438
88	-50	6352
88	-48	6446
88	-46	6369
88	-44	6095
88	-42	6355
88	-40	6190
88	-38	6217
88	-36	6143
88	-34	6162
88	-32	6230
88	-30	6233
88	-28	6537
88	-26	6416
88	-24	6603
88	-22	6505
88	-20	6480
88	-18	6350
88	-16	6355
88	-14	6591
88	-12	6581
88	-10	6482
88	-8	6618
88	-6	6441
88	-4	6570
88	-2	6524
88	0	6324
88	2	6372
88	4	6376
88	6	6408
88	8	6529
88	10	6369
88	12	6285
88	14	6550
88	16	6568
88	18	6448
88	20	6589
88	22	6388
88	24	6520
88	26	6470
88	28	6465
88	30	6511
88	32	6356
88	34	6198
88	36	6455
88	38	6342
88	40	6493
88	42	6600
88	44	6525
88	46	6763
88	48	6546
88	50	6438
88	52	6599
88	54	6586
88	56	6543
88	58	6709
88	60	6729
88	62	6640
88	64	6662
88	66	6753
88	68	6855
88	70	6584
88	72	6727
88	74	6863
88	76	6759
88	78	6707
88	80	6672
88	82	6630
88	84	6799
88	86	6778
88	88	6810
88	90	6897
88	92	6728
88	94	7044
88	96	7097
88	98	6632
92	-290	8355
92	-288	8161
92	-286	8460
92	-284	8551
92	-282	8202
92	-280	7920
92	-278	7726
92	-276	7478
92	-274	7119
92	-272	6879
92	-270	6656
92	-268	6718
92	-266	7107
92	-264	6697
92	-262	6558
92	-260	6983
92	-258	7141
92	-256	6954
92	-254	7256
92	-252	7002
92	-250	7156
92	-248	6790
92	-246	6854
92	-244	7068
92	-242	6904
92	-240	6692
92	-238	6663
92	-236	6744
92	-234	6892
92	-232	6716
92	-230	6856
92	-228	6703
92	-226	7082
92	-224	7132
92	-222	7165
92	-220	7168
92	-218	6785
92	-216	7197
92	-214	7215
92	-212	7433
92	-210	7458
92	-208	7415
92	-206	7568
92	-204	7318
92	-202	7178
92	-200	7192
92	-198	7217
92	-196	7512
92	-194	7607
92	-192	7193
92	-190	7243
92	-188	7283
92	-186	7314
92	-184	7197
92	-182	7259
92	-180	7222
92	-178	7339
92	-176	7267
92	-174	7127
92	-172	7116
92	-170	7012
92	-168	7286
92	-166	7454
92	-164	7322
92	-162	7169
92	-160	7122
92	-158	7090
92	-156	7054
92	-154	6858
92	-152	6921
92	-150	7102
92	-148	6622
92	-146	6775
92	-144	7092
92	-142	6623
92	-140	6899
92	-138	6741
92	-136	6556
92	-134	6832
92	-132	6977
92	-130	7146
92	-128	6901
92	-126	6886
92	-124	6707
92	-122	7031
92	-120	6867
92	-118	6674
92	-116	6941
92	-114	6722
92	-112	6831
92	-110	6760
92	-108	6582
92	-106	6436
92	-104	6490
92	-102	6292
92	-100	6232
92	-98	6304
92	-96	6539
92	-94	6391
92	-92	6486
92	-90	6142
92	-88	6456
92	-86	6428
92	-84	6107
92	-82	6285
92	-80	6271
92	-78	6350
92	-76	6292
92	-74	6382
92	-72	6203
92	-70	6408
92	-68	6556
92	-66	6519
92	-64	6382
92	-62	6132
92	-60	6584
92	-58	6550
92	-56	6436
92	-54	6456
92	-52	6548
92	-50	6430
92	-48	6335
92	-46	6457
92	-44	6411
92	-42	6381
92	-40	6477
92	-38	6479
92	-36	6388
92	-34	6412
92	-32	6647
92	-30	6401
92	-28	6557
92	-26	6181
92	-24	6355
92	-22	6366
92	-20	6683
92	-18	6339
92	-16	6396
92	-14	6432
92	-12	6424
92	-10	6712
92	-8	6384
92	-6	6502
92	-4	6372
92	-2	6680
92	0	6563
92	2	6657
92	4	6710
92	6	6910
92	8	6758
92	10	6691
92	12	6443
92	14	6632
92	16	6742
92	18	6616
92	20	6532
92	22	6500
92	24	6605
92	26	6667
92	28	6734
92	30	6884
92	32	6683
92	34	6620
92	36	6584
92	38	6677
92	40	6657
92	42	6820
92	44	6765
92	46	6986
92	48	7118
92	50	6901
92	52	6979
92	54	7118
92	56	7037
92	58	7079
92	60	6940
92	62	6859
92	64	6965
92	66	6889
92	68	6725
92	70	6784
92	72	6786
92	74	6825
92	76	6769
92	78	6716
92	80	6747
92	82	6864
92	84	6546
92	86	6911
92	88	6684
92	90	6809
92	92	6739
92	94	6538
92	96	6668
92	98	6627
96	-290	8353
96	-288	8628
96	-286	7891
96	-284	7815
96	-282	7937
96	-280	7912
96	-278	7359
96	-276	7140
96	-274	6855
96	-272	6992
96	-270	6719
96	-268	6818
96	-266	6998
96	-264	6768
96	-262	6819
96	-260	7245
96	-258	7143
96	-256	7148
96	-254	6843
96	-252	6954
96	-250	7225
96	-248	7065
96	-246	6630
96	-244	6720
96	-242	6659
96	-240	6668
96	-238	6664
96	-236	6795
96	-234	7109
96	-232	7164
96	-230	7255
96	-228	7101
96	-226	7670
96	-224	7396
96	-222	7256
96	-220	7299
96	-218	7499
96	-216	7291
96	-214	7389
96	-212	7555
96	-210	7564
96	-208	7673
96	-206	7696
96	-204	7255
96	-202	7243
96	-200	7334
96	-198	7411
96	-196	7245
96	-194	7522
96	-192	7753
96	-190	7645
96	-188	7590
96	-186	7478
96	-184	7209
96	-182	7258
96	-180	7415
96	-178	7365
96	-176	7169
96	-174	7690
96	-172	7407
96	-170	7244
96	-168	7051
96	-166	7132
96	-164	7327
96	-162	7729
96	-160	7353
96	-158	7188
96	-156	7008
96	-154	7117
96	-152	6891
96	-150	7107
96	-148	7223
96	-146	7084
96	-144	7059
96	-142	7152
96	-140	6999
96	-138	6964
96	-136	6689
96	-134	6640
96	-132	6728
96	-130	6802
96	-128	6811
96	-126	6883
96	-124	6798
96	-122	6877
96	-120	6795
96	-118	6864
96	-116	6774
96	-114	6775
96	-112	6426
96	-110	6472
96	-108	6721
96	-106	6656
96	-104	6865
96	-102	6882
96	-100	6793
96	-98	6582
96	-96	6910
96	-94	6673
96	-92	6966
96	-90	6738
96	-88	6808
96	-86	6532
96	-84	6850
96	-82	6576
96	-80	6459
96	-78	6534
96	-76	6245
96	-74	6453
96	-72	6234
96	-70	6486
96	-68	6086
96	-66	6324
96	-64	6335
96	-62	6133
96	-60	6601
96	-58	6380
96	-56	6714
96	-54	6491
96	-52	7034
96	-50	6684
96	-48	6530
96	-46	6486
96	-44	6675
96	-42	6598
96	-40	6521
96	-38	6419
96	-36	6535
96	-34	6482
96	-32	6699
96	-30	6779
96	-28	6508
96	-26	6545
96	-24	6696
96	-22	6976
96	-20	6559
96	-18	6570
96	-16	6698
96	-14	6548
96	-12	6647
96	-10	6585
96	-8	6876
96	-6	6748
96	-4	7048
96	-2	6946
96	0	7023
96	2	6855
96	4	6881
96	6	7140
96	8	6794
96	10	7200
96	12	6930
96	14	6924
96	16	7008
96	18	7147
96	20	6954
96	22	7113
96	24	6944
96	26	6908
96	28	6980
96	30	6879
96	32	6921
96	34	7327
96	36	7030
96	38	7022
96	40	7149
96	42	6846
96	44	7428
96	46	7481
96	48	7443
96	50	7423
96	52	7305
96	54	7137
96	56	7529
96	58	7131
96	60	7503
96	62	7346
96	64	7386
96	66	7536
96	68	7333
96	70	7290
96	72	7246
96	74	7325
96	76	7638
96	78	7558
96	80	7388
96	82	7620
96	84	7499
96	86	7367
96	88	7464
96	90	7457
96	92	7475
96	94	7311
96	96	7280
96	98	7766
100	-290	8148
100	-288	7965
100	-286	8045
100	-284	7759
100	-282	7141
100	-280	6906
100	-278	6562
100	-276	6797
100	-274	6676
100	-272	6620
100	-270	6625
100	-268	6772
100	-266	7378
100	-264	7013
100	-262	7128
100	-260	7370
100	-258	6986
100	-256	6936
100	-254	7170
100	-252	7078
100	-250	7323
100	-248	6949
100	-246	7109
100	-244	7209
100	-242	7270
100	-240	7490
100	-238	7341
100	-236	7622
100	-234	7474
100	-232	7576
100	-230	7546
100	-228	6992
100	-226	7143
100	-224	7593
100	-222	7493
100	-220	7916
100	-218	7340
100	-216	7445
100	-214	7782
100	-212	7757
100	-210	7729
100	-208	7778
100	-206	7867
100	-204	7467
100	-202	7509
100	-200	7368
100	-198	7303
100	-196	7481
100	-194	7369
100	-192	6911
100	-190	7307
100	-188	7387
100	-186	7136
100	-184	7042
100	-182	7047
100	-180	7146
100	-178	7156
100	-176	6902
100	-174	7213
100	-172	6918
100	-170	7049
100	-168	7015
100	-166	7231
100	-164	6968
100	-162	6904
100	-160	7071
100	-158	7082
100	-156	7076
100	-154	6933
100	-152	6858
100	-150	6931
100	-148	6727
100	-146	6515
100	-144	6697
100	-142	6469
100	-140	6444
100	-138	7007
100	-136	6619
100	-134	6660
100	-132	6817
100	-130	6665
100	-128	6629
100	-126	6416
100	-124	6476
100	-122	6482
100	-120	6839
100	-118	6580
100	-116	6564
100	-114	6635
100	-112	6484
100	-110	6973
100	-108	6890
100	-106	7090
100	-104	7029
100	-102	7167
100	-100	6982
100	-98	6923
100	-96	6906
100	-94	6765
100	-92	6830
100	-90	6687
100	-88	7029
100	-86	6866
100	-84	6855
100	-82	6944
100	-80	6706
100	-78	6686
100	-76	7014
100	-74	6642
100	-72	6239
100	-70	6456
100	-68	6486
100	-66	6398
100	-64	6804
100	-62	6614
100	-60	6445
100	-58	6190
100	-56	6491
100	-54	6853
100	-52	6174
100	-50	6545
100	-48	6520
100	-46	6736
100	-44	6781
100	-42	6640
100	-40	6748
100	-38	6868
100	-36	6852
100	-34	6873
100	-32	6587
100	-30	6825
100	-28	6887
100	-26	6779
100	-24	6539
100	-22	6520
100	-20	6747
100	-18	6828
100	-16	6500
100	-14	6678
100	-12	6630
100	-10	6710
100	-8	6840
100	-6	6647
100	-4	6628
100	-2	6576
100	0	6873
100	2	6809
100	4	6736
100	6	6697
100	8	6908
100	10	6792
100	12	6934
100	14	6804
100	16	6590
100	18	6703
100	20	6613
100	22	6542
100	24	6536
100	26	6915
100	28	6987
100	30	6901
100	32	7134
100	34	6738
100	36	7134
100	38	6967
100	40	6918
100	42	6842
100	44	6985
100	46	7066
100	48	6741
100	50	6978
100	52	7058
100	54	7269
100	56	6806
100	58	6939
100	60	6775
100	62	6917
100	64	6868
100	66	6669
100	68	7022
100	70	6647
100	72	6723
100	74	6658
100	76	6408
100	78	6861
100	80	6721
100	82	6687
100	84	6770
100	86	6958
100	88	6629
100	90	6245
100	92	6554
100	94	6496
100	96	6393
100	98	6374
104	-290	7745
104	-288	7299
104	-286	7194
104	-284	6532
104	-282	6586
104	-280	6789
104	-278	6424
104	-276	6643
104	-274	6600
104	-272	6642
104	-270	7075
104	-268	6959
104	-266	6847
104	-264	6846
104	-262	7117
104	-260	7207
104	-258	7160
104	-256	7635
104	-254	7129
104	-252	7078
104	-250	7028
104	-248	6981
104	-246	7312
104	-244	7853
104	-242	7562
104	-240	7656
104	-238	7431
104	-236	7631
104	-234	7772
104	-232	7493
104	-230	7586
104	-228	7151
104	-226	7291
104	-224	7341
104	-222	6926
104	-220	6914
104	-218	7160
104	-216	6773
104	-214	6788
104	-212	6534
104	-210	6949
104	-208	6823
104	-206	6693
104	-204	6937
104	-202	6768
104	-200	6605
104	-198	6886
104	-196	7157
104	-194	6802
104	-192	6997
104	-190	6859
104	-188	7322
104	-186	6894
104	-184	7212
104	-182	7107
104	-180	7292
104	-178	7035
104	-176	7016
104	-174	6737
104	-172	6999
104	-170	7101
104	-168	7575
104	-166	7272
104	-164	7115
104	-162	6943
104	-160	7280
104	-158	6940
104	-156	7287
104	-154	7177
104	-152	7160
104	-150	7112
104	-148	7214
104	-146	7232
104	-144	7240
104	-142	7030
104	-140	6579
104	-138	6683
104	-136	6619
104	-134	6588
104	-132	6636
104	-130	6540
104	-128	6459
104	-126	6309
104	-124	6417
104	-122	6670
104	-120	6518
104	-118	6260
104	-116	6459
104	-114	6443
104	-112	6617
104	-110	6698
104	-108	6702
104	-106	6720
104	-104	6808
104	-102	6420
104	-100	6903
104	-98	6791
104	-96	6986
104	-94	7002
104	-92	6735
104	-90	6539
104	-88	6465
104	-86	6504
104	-84	6378
104	-82	6544
104	-80	6533
104	-78	6450
104	-76	6626
104	-74	6574
104	-72	6814
104	-70	6816
104	-68	6343
104	-66	6482
104	-64	6763
104	-62	6310
104	-60	6446
104	-58	6620
104	-56	6863
104	-54	6519
104	-52	6270
104	-50	6831
104	-48	6927
104	-46	6602
104	-44	6736
104	-42	6708
104	-40	6659
104	-38	6666
104	-36	6741
104	-34	6487
104	-32	6788
104	-30	6588
104	-28	7039
104	-26	6547
104	-24	6356
104	-22	6528
104	-20	6658
104	-18	6529
104	-16	6505
104	-14	6630
104	-12	6544
104	-10	6603
104	-8	6439
104	-6	6799
104	-4	6560
104	-2	6518
104	0	6429
104	2	6637
104	4	6469
104	6	6579
104	8	6666
104	10	6711
104	12	6689
104	14	6542
104	16	6442
104	18	6397
104	20	6838
104	22	6409
104	24	6855
104	26	6486
104	28	6375
104	30	6720
104	32	6596
104	34	6706
104	36	6493
104	38	6422
104	40	6500
104	42	6492
104	44	6365
104	46	6420
104	48	6529
104	50	6661
104	52	6444
104	54	6345
104	56	6714
104	58	6849
104	60	6481
104	62	6500
104	64	6703
104	66	6646
104	68	6640
104	70	6748
104	72	6362
104	74	6629
104	76	6776
104	78	6840
104	80	6532
104	82	6713
104	84	6332
104	86	6622
104	88	6680
104	90	6647
104	92	6685
104	94	6609
104	96	6787
104	98	6850
108	-290	7176
108	-288	7089
108	-286	6977
108	-284	7141
108	-282	7212
108	-280	7010
108	-278	6680
108	-276	6286
108	-274	6563
108	-272	6393
108	-270	6304
108	-268	6565
108	-266	6039
108	-264	6454
108	-262	6817
108	-260	6867
108	-258	7004
108	-256	7059
108	-254	7160
108	-252	7093
108	-250	6736
108	-248	7124
108	-246	7074
108	-244	6824
108	-242	6622
108	-240	7026
108	-238	6713
108	-236	6874
108	-234	6728
108	-232	6754
108	-230	6538
108	-228	6956
108	-226	6925
108	-224	7279
108	-222	7036
108	-220	7103
108	-218	7061
108	-216	6750
108	-214	7032
108	-212	6803
108	-210	6694
108	-208	6929
108	-206	6815
108	-204	6515
108	-202	6311
108	-200	6856
108	-198	6606
108	-196	6629
108	-194	6655
108	-192	7359
108	-190	7062
108	-188	7176
108	-186	7103
108	-184	6831
108	-182	7080
108	-180	6612
108	-178	6698
108	-176	6894
108	-174	6825
108	-172	7065
108	-170	6960
108	-168	6881
108	-166	6735
108	-164	6930
108	-162	6599
108	-160	6911
108	-158	6990
108	-156	7034
108	-154	6598
108	-152	6315
108	-150	6640
108	-148	6750
108	-146	6303
108	-144	6535
108	-142	6805
108	-140	6762
108	-138	6902
108	-136	6622
108	-134	6592
108	-132	6881
108	-130	6601
108	-128	6546
108	-126	6564
108	-124	6663
108	-122	6543
108	-120	6631
108	-118	6688
108	-116	6897
108	-114	6886
108	-112	6659
108	-110	6500
108	-108	6701
108	-106	6808
108	-104	6906
108	-102	6966
108	-100	6868
108	-98	6943
108	-96	6429
108	-94	6641
108	-92	6711
108	-90	6993
108	-88	6799
108	-86	6734
108	-84	7014
108	-82	6820
108	-80	6760
108	-78	6770
108	-76	6792
108	-74	7258
108	-72	6718
108	-70	7165
108	-68	6601
108	-66	6732
108	-64	6697
108	-62	6696
108	-60	6843
108	-58	6645
108	-56	6668
108	-54	6930
108	-52	7082
108	-50	7076
108	-48	7332
108	-46	7175
108	-44	6810
108	-42	6887
108	-40	6871
108	-38	6952
108	-36	7030
108	-34	7093
108	-32	7109
108	-30	7053
108	-28	7076
108	-26	6973
108	-24	6989
108	-22	7027
108	-20	7121
108	-18	7303
108	-16	7102
108	-14	7283
108	-12	6967
108	-10	7507
108	-8	7368
108	-6	7108
108	-4	7415
108	-2	7199
108	0	7115
108	2	6866
108	4	7408
108	6	7066
108	8	7629
108	10	6936
108	12	7296
108	14	7274
108	16	7303
108	18	7125
108	20	7587
108	22	7211
108	24	7237
108	26	6861
108	28	7069
108	30	7011
108	32	6861
108	34	6763
108	36	7160
108	38	7190
108	40	7094
108	42	7150
108	44	6601
108	46	7138
108	48	7264
108	50	7334
108	52	7434
108	54	7397
108	56	7513
108	58	7373
108	60	7592
108	62	7183
108	64	7424
108	66	7397
108	68	7402
108	70	7420
108	72	7476
108	74	7328
108	76	7241
108	78	7384
108	80	7407
108	82	7195
108	84	7413
108	86	7283
108	88	7478
108	90	7308
108	92	7354
108	94	7356
108	96	7034
108	98	7070
112	-290	7041
112	-288	7166
112	-286	6495
112	-284	6680
112	-282	6966
112	-280	6729
112	-278	6861
112	-276	6842
112	-274	6742
112	-272	6786
112	-270	6795
112	-268	6952
112	-266	6716
112	-264	6492
112	-262	6458
112	-260	6791
112	-258	6977
112	-256	6988
112	-254	7230
112	-252	7045
112	-250	7142
112	-248	7180
112	-246	7120
112	-244	7127
112	-242	6884
112	-240	7307
112	-238	7120
112	-236	7105
112	-234	7318
112	-232	7356
112	-230	7014
112	-228	7365
112	-226	6926
112	-224	6575
112	-222	7095
112	-220	7304
112	-218	7478
112	-216	7076
112	-214	7323
112	-212	7340
112	-210	7349
112	-208	7488
112	-206	7184
112	-204	7359
112	-202	7102
112	-200	7234
112	-198	6916
112	-196	7142
112	-194	6808
112	-192	7340
112	-190	7401
112	-188	7271
112	-186	6894
112	-184	7048
112	-182	7156
112	-180	6652
112	-178	7253
112	-176	6783
112	-174	6805
112	-172	6972
112	-170	7054
112	-168	6996
112	-166	6720
112	-164	6787
112	-162	6979
112	-160	7119
112	-158	7301
112	-156	6936
112	-154	6600
112	-152	6556
112	-150	6594
112	-148	6623
112	-146	6924
112	-144	7037
112	-142	6673
112	-140	6589
112	-138	6489
112	-136	6652
112	-134	6746
112	-132	6959
112	-130	6707
112	-128	6999
112	-126	7050
112	-124	6816
112	-122	6623
112	-120	6838
112	-118	7312
112	-116	6562
112	-114	6616
112	-112	6582
112	-110	6871
112	-108	6960
112	-106	7056
112	-104	6591
112	-102	6997
112	-100	6840
112	-98	6879
112	-96	6331
112	-94	6398
112	-92	6567
112	-90	6527
112	-88	6373
112	-86	6418
112	-84	6841
112	-82	6993
112	-80	6705
112	-78	6585
112	-76	6410
112	-74	6532
112	-72	6786
112	-70	6667
112	-68	6813
112	-66	6198
112	-64	6519
112	-62	6428
112	-60	6327
112	-58	6568
112	-56	6056
112	-54	6466
112	-52	5968
112	-50	6238
112	-48	6445
112	-46	6523
112	-44	6180
112	-42	6581
112	-40	5964
112	-38	6143
112	-36	6395
112	-34	5914
112	-32	6282
112	-30	6348
112	-28	6276
112	-26	6549
112	-24	6600
112	-22	6024
112	-20	6782
112	-18	6457
112	-16	6376
112	-14	6668
112	-12	6396
112	-10	6830
112	-8	6664
112	-6	6245
112	-4	6624
112	-2	6358
112	0	6260
112	2	6279
112	4	5823
112	6	6415
112	8	6221
112	10	6236
112	12	6250
112	14	6619
112	16	6557
112	18	6394
112	20	6355
112	22	6284
112	24	6471
112	26	6332
112	28	6494
112	30	6345
112	32	6551
112	34	6469
112	36	6856
112	38	6579
112	40	6162
112	42	6450
112	44	6282
112	46	6567
112	48	6473
112	50	6761
112	52	6869
112	54	6728
112	56	6625
112	58	6320
112	60	6455
112	62	6280
112	64	6678
112	66	6515
112	68	6729
112	70	6848
112	72	6774
112	74	6608
112	76	6540
112	78	6589
112	80	6716
112	82	6582
112	84	6404
112	86	6579
112	88	6426
112	90	6542
112	92	6662
112	94	6391
112	96	6323
112	98	6132
116	-290	6340
116	-288	7329
116	-286	6633
116	-284	6857
116	-282	6554
116	-280	6031
116	-278	6418
116	-276	6588
116	-274	6390
116	-272	6694
116	-270	6701
116	-268	6956
116	-266	6969
116	-264	6804
116	-262	6070
116	-260	6064
116	-258	6766
116	-256	6428
116	-254	6024
116	-252	6636
116	-250	6483
116	-248	6450
116	-246	6131
116	-244	6518
116	-242	6143
116	-240	6751
116	-238	6307
116	-236	6618
116	-234	6320
116	-232	6203
116	-230	6387
116	-228	6571
116	-226	6543
116	-224	6039
116	-222	6429
116	-220	6402
116	-218	6578
116	-216	6191
116	-214	6697
116	-212	6517
116	-210	6328
116	-208	6515
116	-206	6066
116	-204	6858
116	-202	6523
116	-200	6985
116	-198	6900
116	-196	7318
116	-194	6654
116	-192	7008
116	-190	6623
116	-188	6788
116	-186	6558
116	-184	6639
116	-182	6910
116	-180	6790
116	-178	6945
116	-176	6684
116	-174	6691
116	-172	6584
116	-170	6287
116	-168	6458
116	-166	5992
116	-164	6471
116	-162	6507
116	-160	6743
116	-158	6589
116	-156	6357
116	-154	6780
116	-152	6830
116	-150	7044
116	-148	7034
116	-146	7372
116	-144	7000
116	-142	7631
116	-140	6774
116	-138	6948
116	-136	7519
116	-134	6979
116	-132	7291
116	-130	7251
116	-128	7039
116	-126	7053
116	-124	7181
116	-122	7165
116	-120	7193
116	-118	7170
116	-116	6633
116	-114	7088
116	-112	7038
116	-110	7301
116	-108	6778
116	-106	6754
116	-104	6967
116	-102	7013
116	-100	6880
116	-98	6656
116	-96	7192
116	-94	6971
116	-92	6572
116	-90	7127
116	-88	6831
116	-86	7047
116	-84	7067
116	-82	6932
116	-80	6460
116	-78	6821
116	-76	6722
116	-74	6830
116	-72	6856
116	-70	6495
116	-68	7004
116	-66	6900
116	-64	6594
116	-62	6904
116	-60	7149
116	-58	6396
116	-56	6420
116	-54	6334
116	-52	6670
116	-50	6316
116	-48	6583
116	-46	6307
116	-44	6318
116	-42	6292
116	-40	6212
116	-38	6582
116	-36	6867
116	-34	6568
116	-32	6473
116	-30	6620
116	-28	6406
116	-26	6046
116	-24	6187
116	-22	6254
116	-20	6121
116	-18	6627
116	-16	6243
116	-14	5913
116	-12	6401
116	-10	6262
116	-8	6363
116	-6	6090
116	-4	6068
116	-2	6085
116	0	6346
116	2	6109
116	4	6026
116	6	5413
116	8	5935
116	10	5457
116	12	5780
116	14	6138
116	16	6251
116	18	5969
116	20	6231
116	22	6187
116	24	6591
116	26	6209
116	28	6364
116	30	6477
116	32	6629
116	34	6555
116	36	6416
116	38	6771
116	40	6739
116	42	6645
116	44	6469
116	46	6545
116	48	6612
116	50	6683
116	52	6719
116	54	6445
116	56	6751
116	58	6697
116	60	6679
116	62	6394
116	64	6800
116	66	6559
116	68	6267
116	70	6454
116	72	5806
116	74	6517
116	76	6639
116	78	6492
116	80	6127
116	82	6199
116	84	6647
116	86	6269
116	88	6231
116	90	6605
116	92	6397
116	94	6265
116	96	6041
116	98	6475
120	-290	6729
120	-288	6788
120	-286	6323
120	-284	6937
120	-282	6717
120	-280	6412
120	-278	6650
120	-276	6390
120	-274	6871
120	-272	6590
120	-270	6589
120	-268	7143
120	-266	6819
120	-264	7262
120	-262	6832
120	-260	6663
120	-258	6943
120	-256	7191
120	-254	7204
120	-252	7186
120	-250	7182
120	-248	7446
120	-246	7661
120	-244	6927
120	-242	7109
120	-240	7580
120	-238	7381
120	-236	8194
120	-234	8110
120	-232	7569
120	-230	7764
120	-228	7513
120	-226	7814
120	-224	8030
120	-222	7637
120	-220	8339
120	-218	7884
120	-216	7629
120	-214	7749
120	-212	7561
120	-210	7851
120	-208	8064
120	-206	8040
120	-204	7614
120	-202	7769
120	-200	8013
120	-198	7923
120	-196	8150
120	-194	8342
120	-192	7840
120	-190	8322
120	-188	7707
120	-186	7624
120	-184	7826
120	-182	8200
120	-180	8233
120	-178	7962
120	-176	8213
120	-174	7693
120	-172	8208
120	-170	8720
120	-168	8117
120	-166	8592
120	-164	8013
120	-162	7957
120	-160	8162
120	-158	8518
120	-156	8083
120	-154	7671
120	-152	7950
120	-150	7883
120	-148	7950
120	-146	8171
120	-144	8120
120	-142	7356
120	-140	7778
120	-138	7609
120	-136	7676
120	-134	7928
120	-132	7830
120	-130	7295
120	-128	7234
120	-126	7884
120	-124	7449
120	-122	7763
120	-120	7710
120	-118	7392
120	-116	7286
120	-114	7528
120	-112	7520
120	-110	7411
120	-108	7446
120	-106	7050
120	-104	7209
120	-102	7194
120	-100	7479
120	-98	7193
120	-96	7326
120	-94	7706
120	-92	7337
120	-90	7604
120	-88	7083
120	-86	7371
120	-84	7236
120	-82	6936
120	-80	7266
120	-78	6694
120	-76	7395
120	-74	7116
120	-72	7131
120	-70	7233
120	-68	7128
120	-66	7408
120	-64	6779
120	-62	6812
120	-60	7132
120	-58	7065
120	-56	7221
120	-54	6948
120	-52	6438
120	-50	7118
120	-48	6910
120	-46	7593
120	-44	7025
120	-42	6527
120	-40	6954
120	-38	7113
120	-36	6936
120	-34	7001
120	-32	7390
120	-30	6891
120	-28	7564
120	-26	7397
120	-24	7141
120	-22	7219
120	-20	7501
120	-18	7198
120	-16	6665
120	-14	7481
120	-12	7341
120	-10	6903
120	-8	7542
120	-6	6848
120	-4	6547
120	-2	7199
120	0	7097
120	2	7083
120	4	6927
120	6	6866
120	8	7260
120	10	6871
120	12	6980
120	14	7033
120	16	6946
120	18	7100
120	20	6931
120	22	7119
120	24	7350
120	26	7339
120	28	6855
120	30	7581
120	32	7006
120	34	6476
120	36	6587
120	38	7061
120	40	6877
120	42	6923
120	44	6693
120	46	6990
120	48	6897
120	50	7231
120	52	7445
120	54	7276
120	56	7772
120	58	7276
120	60	7544
120	62	7009
120	64	6972
120	66	7249
120	68	7149
120	70	7327
120	72	6955
120	74	7197
120	76	7300
120	78	7719
120	80	6979
120	82	7470
120	84	7234
120	86	7284
120	88	7502
120	90	7047
120	92	7080
120	94	6667
120	96	7281
120	98	7347
