64	-290	12637
64	-288	12918
64	-286	13036
64	-284	12480
64	-282	12489
64	-280	12453
64	-278	12324
64	-276	13871
64	-274	13133
64	-272	13134
64	-270	13052
64	-268	12543
64	-266	12590
64	-264	11851
64	-262	11931
64	-260	12429
64	-258	12229
64	-256	12502
64	-254	12284
64	-252	11766
64	-250	11923
64	-248	11108
64	-246	11198
64	-244	10640
64	-242	11064
64	-240	10655
64	-238	10594
64	-236	10443
64	-234	10725
64	-232	10007
64	-230	10514
64	-228	10038
64	-226	10131
64	-224	10791
64	-222	10777
64	-220	10960
64	-218	10380
64	-216	10813
64	-214	10678
64	-212	10962
64	-210	11067
64	-208	11465
64	-206	11419
64	-204	11506
64	-202	11587
64	-200	11825
64	-198	11323
64	-196	11233
64	-194	11810
64	-192	12080
64	-190	12018
64	-188	11745
64	-186	12207
64	-184	12188
64	-182	12016
64	-180	12352
64	-178	12164
64	-176	12503
64	-174	12084
64	-172	12162
64	-170	12746
64	-168	13009
64	-166	13055
64	-164	12760
64	-162	12905
64	-160	13012
64	-158	12823
64	-156	12757
64	-154	12662
64	-152	12431
64	-150	12304
64	-148	12279
64	-146	12615
64	-144	12525
64	-142	12411
64	-140	12431
64	-138	12140
64	-136	12226
64	-134	11884
64	-132	12414
64	-130	12527
64	-128	12138
64	-126	12107
64	-124	12009
64	-122	11774
64	-120	11886
64	-118	11837
64	-116	11723
64	-114	11730
64	-112	11741
64	-110	11605
64	-108	12080
64	-106	11920
64	-104	12104
64	-102	12049
64	-100	11836
64	-98	11957
64	-96	11728
64	-94	11638
64	-92	11980
64	-90	11890
64	-88	11942
64	-86	11779
64	-84	11862
64	-82	12166
64	-80	11958
64	-78	12271
64	-76	12047
64	-74	12105
64	-72	12184
64	-70	11972
64	-68	12125
64	-66	12225
64	-64	12321
64	-62	12163
64	-60	12191
64	-58	12036
64	-56	12401
64	-54	12419
64	-52	12381
64	-50	12317
64	-48	12082
64	-46	12390
64	-44	12087
64	-42	11901
64	-40	12149
64	-38	12244
64	-36	12227
64	-34	12365
64	-32	12330
64	-30	12365
64	-28	12010
64	-26	12265
64	-24	12059
64	-22	11773
64	-20	11624
64	-18	11748
64	-16	11691
64	-14	11781
64	-12	11643
64	-10	11703
64	-8	11644
64	-6	11835
64	-4	11741
64	-2	11949
64	0	11939
64	2	12025
64	4	11931
64	6	12100
64	8	11957
64	10	12061
64	12	11757
64	14	11972
64	16	11930
64	18	11870
64	20	11766
64	22	12107
64	24	11864
64	26	12075
64	28	11881
64	30	12009
64	32	11877
64	34	11969
64	36	12180
64	38	11997
64	40	11926
64	42	11945
64	44	12212
64	46	12301
64	48	12238
64	50	12209
64	52	12300
64	54	12305
64	56	12109
64	58	12028
64	60	12405
64	62	12068
64	64	11969
64	66	11811
64	68	11971
64	70	12053
64	72	11933
64	74	12122
64	76	11979
64	78	12068
64	80	12210
64	82	12098
64	84	12058
64	86	12401
64	88	12420
64	90	12060
64	92	12172
64	94	12301
64	96	12272
64	98	12370
68	-290	13830
68	-288	14485
68	-286	13624
68	-284	12997
68	-282	12234
68	-280	11358
68	-278	11521
68	-276	11109
68	-274	11616
68	-272	12061
68	-270	11123
68	-268	11189
68	-266	11938
68	-264	11204
68	-262	11606
68	-260	12343
68	-258	11711
68	-256	12132
68	-254	11465
68	-252	11345
68	-250	10791
68	-248	10291
68	-246	10117
68	-244	10755
68	-242	11016
68	-240	10902
68	-238	11116
68	-236	10781
68	-234	10973
68	-232	10988
68	-230	11088
68	-228	11553
68	-226	11383
68	-224	10463
68	-222	11095
68	-220	11769
68	-218	11402
68	-216	10973
68	-214	11305
68	-212	11944
68	-210	12158
68	-208	12030
68	-206	12267
68	-204	12056
68	-202	12394
68	-200	12252
68	-198	12463
68	-196	12512
68	-194	12304
68	-192	12248
68	-190	12167
68	-188	11949
68	-186	12116
68	-184	12286
68	-182	12196
68	-180	12171
68	-178	11684
68	-176	11914
68	-174	11659
68	-172	11699
68	-170	11782
68	-168	12017
68	-166	11995
68	-164	11576
68	-162	11992
68	-160	12368
68	-158	12378
68	-156	12701
68	-154	12420
68	-152	12486
68	-150	12516
68	-148	12239
68	-146	12166
68	-144	12450
68	-142	12469
68	-140	12643
68	-138	12388
68	-136	12519
68	-134	12633
68	-132	12337
68	-130	12202
68	-128	12243
68	-126	12242
68	-124	12404
68	-122	12321
68	-120	12286
68	-118	12220
68	-116	12476
68	-114	12165
68	-112	12242
68	-110	12070
68	-108	11920
68	-106	12067
68	-104	12331
68	-102	12101
68	-100	12284
68	-98	12669
68	-96	12426
68	-94	12434
68	-92	12408
68	-90	12206
68	-88	12434
68	-86	12216
68	-84	12549
68	-82	12108
68	-80	12482
68	-78	12379
68	-76	12504
68	-74	12429
68	-72	12654
68	-70	12223
68	-68	12212
68	-66	12413
68	-64	12384
68	-62	12367
68	-60	12224
68	-58	12461
68	-56	12326
68	-54	12365
68	-52	12374
68	-50	12258
68	-48	12313
68	-46	12281
68	-44	12103
68	-42	12183
68	-40	12304
68	-38	12271
68	-36	12222
68	-34	12273
68	-32	12554
68	-30	12517
68	-28	12049
68	-26	12187
68	-24	12070
68	-22	11790
68	-20	11876
68	-18	11924
68	-16	12253
68	-14	11999
68	-12	11946
68	-10	11894
68	-8	11770
68	-6	12123
68	-4	12125
68	-2	11863
68	0	11986
68	2	12028
68	4	11995
68	6	12150
68	8	11937
68	10	12121
68	12	12225
68	14	12090
68	16	12382
68	18	12131
68	20	12223
68	22	12452
68	24	12200
68	26	12408
68	28	12203
68	30	12214
68	32	12223
68	34	12085
68	36	12014
68	38	12298
68	40	12093
68	42	12381
68	44	12348
68	46	12457
68	48	12134
68	50	12116
68	52	12056
68	54	12074
68	56	12078
68	58	12082
68	60	12100
68	62	12476
68	64	12151
68	66	12134
68	68	12347
68	70	12185
68	72	12377
68	74	12365
68	76	12339
68	78	12127
68	80	12168
68	82	12237
68	84	12284
68	86	12019
68	88	12050
68	90	11917
68	92	11836
68	94	12236
68	96	12765
68	98	12173
72	-290	13043
72	-288	12836
72	-286	13210
72	-284	13682
72	-282	13557
72	-280	12309
72	-278	12285
72	-276	11096
72	-274	11147
72	-272	11450
72	-270	11410
72	-268	11426
72	-266	11149
72	-264	10969
72	-262	11075
72	-260	11637
72	-258	10758
72	-256	11396
72	-254	11676
72	-252	10855
72	-250	11443
72	-248	11674
72	-246	11595
72	-244	11358
72	-242	11086
72	-240	10572
72	-238	11014
72	-236	10901
72	-234	10579
72	-232	11141
72	-230	11305
72	-228	11240
72	-226	11676
72	-224	11646
72	-222	10982
72	-220	11000
72	-218	11021
72	-216	11141
72	-214	11028
72	-212	11258
72	-210	11381
72	-208	11510
72	-206	11369
72	-204	11309
72	-202	11539
72	-200	11496
72	-198	11797
72	-196	11619
72	-194	11387
72	-192	11188
72	-190	11469
72	-188	11459
72	-186	11714
72	-184	11557
72	-182	12158
72	-180	12006
72	-178	12813
72	-176	12852
72	-174	12161
72	-172	11772
72	-170	11998
72	-168	11819
72	-166	11633
72	-164	12043
72	-162	12583
72	-160	12109
72	-158	11976
72	-156	11992
72	-154	12009
72	-152	11600
72	-150	11819
72	-148	12073
72	-146	12236
72	-144	12156
72	-142	11949
72	-140	12028
72	-138	12346
72	-136	12209
72	-134	12378
72	-132	12300
72	-130	12237
72	-128	12326
72	-126	12449
72	-124	12560
72	-122	12238
72	-120	11970
72	-118	12161
72	-116	12379
72	-114	12318
72	-112	12379
72	-110	11842
72	-108	11957
72	-106	11698
72	-104	11699
72	-102	11895
72	-100	11933
72	-98	11926
72	-96	12257
72	-94	12159
72	-92	12268
72	-90	12234
72	-88	11998
72	-86	12264
72	-84	12154
72	-82	12242
72	-80	12218
72	-78	12409
72	-76	12245
72	-74	12381
72	-72	12086
72	-70	12163
72	-68	12149
72	-66	12358
72	-64	12789
72	-62	12561
72	-60	12420
72	-58	12186
72	-56	12250
72	-54	12168
72	-52	12302
72	-50	12118
72	-48	12571
72	-46	12850
72	-44	12076
72	-42	12509
72	-40	12853
72	-38	12917
72	-36	12894
72	-34	12545
72	-32	12462
72	-30	12286
72	-28	12240
72	-26	12259
72	-24	12050
72	-22	12380
72	-20	12232
72	-18	12125
72	-16	12000
72	-14	12007
72	-12	11933
72	-10	12256
72	-8	12297
72	-6	12185
72	-4	12303
72	-2	12319
72	0	12428
72	2	12097
72	4	11904
72	6	12179
72	8	12189
72	10	12263
72	12	12253
72	14	12199
72	16	12187
72	18	12055
72	20	12285
72	22	12147
72	24	12431
72	26	12191
72	28	12129
72	30	11968
72	32	12354
72	34	12337
72	36	12403
72	38	12437
72	40	12451
72	42	11983
72	44	12035
72	46	12192
72	48	12027
72	50	12044
72	52	12125
72	54	12302
72	56	12329
72	58	11997
72	60	12097
72	62	12043
72	64	11917
72	66	12188
72	68	12103
72	70	12263
72	72	11955
72	74	12250
72	76	12109
72	78	11967
72	80	11985
72	82	12065
72	84	12099
72	86	11949
72	88	11936
72	90	12325
72	92	12245
72	94	11885
72	96	12011
72	98	12007
76	-290	11892
76	-288	10510
76	-286	10972
76	-284	11879
76	-282	11647
76	-280	12082
76	-278	11812
76	-276	10820
76	-274	10919
76	-272	11446
76	-270	11796
76	-268	10788
76	-266	10747
76	-264	10558
76	-262	10646
76	-260	10621
76	-258	10463
76	-256	10927
76	-254	11270
76	-252	11372
76	-250	10799
76	-248	10801
76	-246	11038
76	-244	10861
76	-242	10872
76	-240	11213
76	-238	11304
76	-236	10656
76	-234	10604
76	-232	11343
76	-230	11978
76	-228	11685
76	-226	11295
76	-224	11040
76	-222	11087
76	-220	11489
76	-218	11347
76	-216	11726
76	-214	11494
76	-212	12072
76	-210	12043
76	-208	12086
76	-206	12069
76	-204	12652
76	-202	11791
76	-200	11559
76	-198	12262
76	-196	11731
76	-194	11785
76	-192	11770
76	-190	11862
76	-188	11964
76	-186	12273
76	-184	11533
76	-182	11923
76	-180	11443
76	-178	11725
76	-176	11983
76	-174	12010
76	-172	12112
76	-170	12190
76	-168	12073
76	-166	12056
76	-164	12193
76	-162	12215
76	-160	12144
76	-158	12482
76	-156	12605
76	-154	12142
76	-152	12092
76	-150	11819
76	-148	11687
76	-146	11904
76	-144	11927
76	-142	11746
76	-140	11574
76	-138	12094
76	-136	12368
76	-134	12047
76	-132	12165
76	-130	11987
76	-128	11550
76	-126	11637
76	-124	12158
76	-122	11931
76	-120	12230
76	-118	12075
76	-116	12080
76	-114	12080
76	-112	11981
76	-110	11800
76	-108	11666
76	-106	12066
76	-104	12168
76	-102	12245
76	-100	12313
76	-98	12173
76	-96	12477
76	-94	12245
76	-92	12346
76	-90	12234
76	-88	12221
76	-86	11935
76	-84	11976
76	-82	11893
76	-80	12186
76	-78	12187
76	-76	12406
76	-74	12515
76	-72	12429
76	-70	12261
76	-68	12219
76	-66	12161
76	-64	12589
76	-62	12374
76	-60	12698
76	-58	12626
76	-56	12349
76	-54	12487
76	-52	12414
76	-50	12532
76	-48	12494
76	-46	12584
76	-44	12543
76	-42	12884
76	-40	12558
76	-38	12791
76	-36	12986
76	-34	12755
76	-32	12469
76	-30	12650
76	-28	12399
76	-26	12372
76	-24	12515
76	-22	12599
76	-20	12544
76	-18	12242
76	-16	12135
76	-14	12085
76	-12	12544
76	-10	12295
76	-8	12295
76	-6	12260
76	-4	12327
76	-2	12270
76	0	12304
76	2	12243
76	4	12166
76	6	12578
76	8	12384
76	10	12475
76	12	12645
76	14	12157
76	16	12247
76	18	11981
76	20	12304
76	22	12180
76	24	11852
76	26	11994
76	28	12175
76	30	12187
76	32	12285
76	34	12110
76	36	12081
76	38	12084
76	40	12072
76	42	11956
76	44	12175
76	46	11959
76	48	12219
76	50	11818
76	52	11922
76	54	11708
76	56	11723
76	58	11944
76	60	11645
76	62	12103
76	64	11872
76	66	11810
76	68	11652
76	70	11893
76	72	11726
76	74	12016
76	76	11791
76	78	11793
76	80	11803
76	82	11959
76	84	12098
76	86	11772
76	88	11775
76	90	11999
76	92	11981
76	94	12134
76	96	12252
76	98	11949
80	-290	12468
80	-288	12047
80	-286	12300
80	-284	12154
80	-282	11429
80	-280	11416
80	-278	11737
80	-276	11942
80	-274	12107
80	-272	12143
80	-270	12163
80	-268	12192
80	-266	11508
80	-264	10938
80	-262	10925
80	-260	10927
80	-258	10692
80	-256	10941
80	-254	10534
80	-252	10915
80	-250	10965
80	-248	11224
80	-246	10865
80	-244	10384
80	-242	10637
80	-240	10794
80	-238	10957
80	-236	11096
80	-234	11357
80	-232	11559
80	-230	11509
80	-228	11396
80	-226	11443
80	-224	11824
80	-222	11805
80	-220	11675
80	-218	11722
80	-216	11360
80	-214	11721
80	-212	12040
80	-210	12032
80	-208	11577
80	-206	10894
80	-204	10984
80	-202	10973
80	-200	11328
80	-198	11712
80	-196	12143
80	-194	11779
80	-192	11263
80	-190	11624
80	-188	11525
80	-186	11770
80	-184	11842
80	-182	11976
80	-180	12024
80	-178	12093
80	-176	12194
80	-174	12594
80	-172	12606
80	-170	12482
80	-168	12802
80	-166	12628
80	-164	12088
80	-162	12232
80	-160	12213
80	-158	11810
80	-156	11633
80	-154	11911
80	-152	11785
80	-150	11814
80	-148	11833
80	-146	12265
80	-144	11622
80	-142	12371
80	-140	12401
80	-138	11938
80	-136	11873
80	-134	12133
80	-132	11891
80	-130	12053
80	-128	12231
80	-126	12014
80	-124	12115
80	-122	12119
80	-120	12320
80	-118	11927
80	-116	12345
80	-114	12345
80	-112	12583
80	-110	12788
80	-108	12496
80	-106	12789
80	-104	12573
80	-102	12409
80	-100	12552
80	-98	12414
80	-96	12332
80	-94	12645
80	-92	12495
80	-90	12448
80	-88	12665
80	-86	12643
80	-84	12627
80	-82	12764
80	-80	12621
80	-78	12361
80	-76	12360
80	-74	12522
80	-72	12400
80	-70	12609
80	-68	12682
80	-66	12855
80	-64	12070
80	-62	12702
80	-60	12249
80	-58	12119
80	-56	12472
80	-54	12189
80	-52	12407
80	-50	12319
80	-48	12176
80	-46	12556
80	-44	12209
80	-42	12481
80	-40	12470
80	-38	12169
80	-36	12431
80	-34	12110
80	-32	12038
80	-30	12388
80	-28	12679
80	-26	12484
80	-24	12608
80	-22	12521
80	-20	12589
80	-18	12395
80	-16	12600
80	-14	12475
80	-12	12515
80	-10	12475
80	-8	12522
80	-6	12590
80	-4	12428
80	-2	12021
80	0	12439
80	2	12256
80	4	12117
80	6	12300
80	8	12302
80	10	12150
80	12	12286
80	14	11887
80	16	12091
80	18	12238
80	20	11992
80	22	12019
80	24	12267
80	26	11846
80	28	12040
80	30	12102
80	32	12255
80	34	11888
80	36	11734
80	38	12111
80	40	11724
80	42	11890
80	44	11913
80	46	11772
80	48	11441
80	50	11948
80	52	12056
80	54	12072
80	56	12056
80	58	12148
80	60	11763
80	62	11994
80	64	12013
80	66	11888
80	68	11843
80	70	11482
80	72	11734
80	74	11808
80	76	11809
80	78	11787
80	80	11899
80	82	11766
80	84	11856
80	86	11686
80	88	11797
80	90	12092
80	92	11968
80	94	12246
80	96	12075
80	98	12390
84	-290	10986
84	-288	10959
84	-286	10931
84	-284	10510
84	-282	10730
84	-280	10752
84	-278	11404
84	-276	12441
84	-274	12303
84	-272	12208
84	-270	11380
84	-268	11213
84	-266	11372
84	-264	10864
84	-262	10373
84	-260	10883
84	-258	11076
84	-256	11368
84	-254	11736
84	-252	11334
84	-250	11278
84	-248	11301
84	-246	11042
84	-244	11590
84	-242	11294
84	-240	12029
84	-238	11587
84	-236	11767
84	-234	11412
84	-232	10927
84	-230	11150
84	-228	11276
84	-226	10722
84	-224	11397
84	-222	11211
84	-220	11674
84	-218	11662
84	-216	11303
84	-214	11291
84	-212	11636
84	-210	11715
84	-208	11442
84	-206	12497
84	-204	12296
84	-202	12195
84	-200	12336
84	-198	11841
84	-196	12149
84	-194	11744
84	-192	11286
84	-190	11864
84	-188	12118
84	-186	11150
84	-184	11944
84	-182	12006
84	-180	12166
84	-178	12068
84	-176	12400
84	-174	12145
84	-172	11944
84	-170	11906
84	-168	12031
84	-166	12568
84	-164	11993
84	-162	11857
84	-160	12127
84	-158	12198
84	-156	11828
84	-154	12211
84	-152	11769
84	-150	12068
84	-148	12396
84	-146	12138
84	-144	12002
84	-142	12162
84	-140	12133
84	-138	12083
84	-136	11715
84	-134	11428
84	-132	12285
84	-130	12064
84	-128	11892
84	-126	11882
84	-124	11709
84	-122	12097
84	-120	11862
84	-118	12201
84	-116	12235
84	-114	12328
84	-112	12339
84	-110	12027
84	-108	12192
84	-106	12386
84	-104	12613
84	-102	12615
84	-100	12316
84	-98	12704
84	-96	12413
84	-94	12708
84	-92	12687
84	-90	12469
84	-88	12289
84	-86	12632
84	-84	12666
84	-82	12430
84	-80	12386
84	-78	12304
84	-76	12152
84	-74	12413
84	-72	12634
84	-70	12669
84	-68	12330
84	-66	12365
84	-64	12284
84	-62	12570
84	-60	12367
84	-58	12663
84	-56	12520
84	-54	12353
84	-52	12369
84	-50	12837
84	-48	12669
84	-46	12491
84	-44	12429
84	-42	12059
84	-40	12114
84	-38	12533
84	-36	12580
84	-34	12876
84	-32	12386
84	-30	12728
84	-28	12383
84	-26	12505
84	-24	12719
84	-22	12373
84	-20	12454
84	-18	12563
84	-16	12472
84	-14	12496
84	-12	12206
84	-10	12399
84	-8	11825
84	-6	12542
84	-4	12483
84	-2	12278
84	0	11938
84	2	12078
84	4	12068
84	6	11859
84	8	11661
84	10	11818
84	12	11525
84	14	11559
84	16	11550
84	18	11458
84	20	11877
84	22	11606
84	24	12006
84	26	11708
84	28	11409
84	30	11663
84	32	11809
84	34	11654
84	36	11618
84	38	11630
84	40	11707
84	42	11529
84	44	11588
84	46	11532
84	48	11865
84	50	11458
84	52	11344
84	54	11663
84	56	11637
84	58	11494
84	60	11596
84	62	11369
84	64	11400
84	66	11509
84	68	11649
84	70	11667
84	72	11963
84	74	11915
84	76	11620
84	78	12057
84	80	11731
84	82	11734
84	84	11811
84	86	11855
84	88	11874
84	90	11410
84	92	11988
84	94	11766
84	96	11438
84	98	11272
88	-290	10282
88	-288	9310
88	-286	9821
88	-284	10567
88	-282	10755
88	-280	10581
88	-278	10237
88	-276	10567
88	-274	11063
88	-272	11595
88	-270	11804
88	-268	11605
88	-266	11434
88	-264	11359
88	-262	11505
88	-260	11744
88	-258	12097
88	-256	11946
88	-254	11924
88	-252	11772
88	-250	12307
88	-248	12037
88	-246	11756
88	-244	11632
88	-242	11504
88	-240	12163
88	-238	11413
88	-236	11634
88	-234	11624
88	-232	11626
88	-230	11457
88	-228	11562
88	-226	11317
88	-224	11307
88	-222	11559
88	-220	11543
88	-218	11949
88	-216	11577
88	-214	12730
88	-212	12685
88	-210	12523
88	-208	12312
88	-206	12283
88	-204	11910
88	-202	12366
88	-200	12288
88	-198	12475
88	-196	12125
88	-194	12064
88	-192	11886
88	-190	12137
88	-188	12246
88	-186	11989
88	-184	12073
88	-182	12318
88	-180	13073
88	-178	12991
88	-176	12520
88	-174	12062
88	-172	12148
88	-170	12247
88	-168	12664
88	-166	12483
88	-164	12334
88	-162	12186
88	-160	11918
88	-158	11156
88	-156	11931
88	-154	11924
88	-152	11767
88	-150	12033
88	-148	11858
88	-146	12462
88	-144	12406
88	-142	12097
88	-140	12378
88	-138	11839
88	-136	12413
88	-134	12361
88	-132	12027
88	-130	12503
88	-128	12325
88	-126	12342
88	-124	12413
88	-122	12480
88	-120	12396
88	-118	12199
88	-116	12740
88	-114	12095
88	-112	11614
88	-110	11787
88	-108	12101
88	-106	12110
88	-104	12103
88	-102	12130
88	-100	12603
88	-98	12197
88	-96	12659
88	-94	12409
88	-92	12734
88	-90	12460
88	-88	12200
88	-86	12442
88	-84	12262
88	-82	12393
88	-80	12259
88	-78	12007
88	-76	11739
88	-74	12015
88	-72	11658
88	-70	11765
88	-68	11911
88	-66	11874
88	-64	11930
88	-62	12041
88	-60	11975
88	-58	12574
88	-56	11894
88	-54	12010
88	-52	12436
88	-50	12160
88	-48	12037
88	-46	12267
88	-44	12054
88	-42	11717
88	-40	11788
88	-38	12045
88	-36	11794
88	-34	12105
88	-32	12103
88	-30	12019
88	-28	12026
88	-26	11847
88	-24	11794
88	-22	12306
88	-20	12121
88	-18	12443
88	-16	12062
88	-14	11852
88	-12	12117
88	-10	11725
88	-8	11952
88	-6	12018
88	-4	11903
88	-2	11719
88	0	12039
88	2	11874
88	4	12179
88	6	12163
88	8	12314
88	10	12046
88	12	12235
88	14	12207
88	16	11705
88	18	11769
88	20	12055
88	22	12135
88	24	12117
88	26	12415
88	28	11887
88	30	11721
88	32	12195
88	34	12193
88	36	11945
88	38	11769
88	40	11678
88	42	12185
88	44	11855
88	46	11697
88	48	11564
88	50	11558
88	52	11679
88	54	11619
88	56	11927
88	58	11807
88	60	11557
88	62	11887
88	64	11719
88	66	11625
88	68	12015
88	70	12044
88	72	11787
88	74	12083
88	76	12256
88	78	12310
88	80	12040
88	82	12039
88	84	12244
88	86	11894
88	88	11810
88	90	11559
88	92	12164
88	94	11983
88	96	12012
88	98	12502
92	-290	9428
92	-288	9745
92	-286	9613
92	-284	9954
92	-282	10043
92	-280	10735
92	-278	10861
92	-276	11141
92	-274	11394
92	-272	11567
92	-270	11949
92	-268	11474
92	-266	10971
92	-264	11056
92	-262	11087
92	-260	11081
92	-258	10899
92	-256	11207
92	-254	11364
92	-252	11508
92	-250	11947
92	-248	11543
92	-246	11953
92	-244	12094
92	-242	11894
92	-240	12928
92	-238	12834
92	-236	12278
92	-234	12331
92	-232	11682
92	-230	11652
92	-228	12497
92	-226	12334
92	-224	12284
92	-222	12456
92	-220	12265
92	-218	12735
92	-216	12826
92	-214	12455
92	-212	12763
92	-210	11783
92	-208	11848
92	-206	12405
92	-204	11729
92	-202	12403
92	-200	12449
92	-198	12258
92	-196	12347
92	-194	12177
92	-192	12721
92	-190	12336
92	-188	12086
92	-186	12522
92	-184	12064
92	-182	12139
92	-180	12287
92	-178	11857
92	-176	12633
92	-174	12745
92	-172	12287
92	-170	11987
92	-168	12769
92	-166	12551
92	-164	12563
92	-162	12472
92	-160	12134
92	-158	12395
92	-156	11979
92	-154	11983
92	-152	11963
92	-150	12053
92	-148	12578
92	-146	12553
92	-144	12278
92	-142	12660
92	-140	12201
92	-138	12162
92	-136	12157
92	-134	12261
92	-132	11961
92	-130	11386
92	-128	11453
92	-126	11804
92	-124	11754
92	-122	12022
92	-120	12043
92	-118	11517
92	-116	11825
92	-114	12097
92	-112	11961
92	-110	11857
92	-108	11909
92	-106	11540
92	-104	11992
92	-102	11738
92	-100	12130
92	-98	12079
92	-96	12387
92	-94	12182
92	-92	12471
92	-90	11894
92	-88	11778
92	-86	12145
92	-84	12393
92	-82	12168
92	-80	12412
92	-78	12190
92	-76	12229
92	-74	12155
92	-72	12249
92	-70	12309
92	-68	11708
92	-66	12277
92	-64	12285
92	-62	12288
92	-60	12329
92	-58	12180
92	-56	12267
92	-54	12381
92	-52	12657
92	-50	12252
92	-48	12240
92	-46	12406
92	-44	12525
92	-42	12750
92	-40	12381
92	-38	12378
92	-36	12437
92	-34	12086
92	-32	12426
92	-30	12404
92	-28	12233
92	-26	12196
92	-24	12631
92	-22	12499
92	-20	12573
92	-18	12118
92	-16	12223
92	-14	12361
92	-12	11914
92	-10	11974
92	-8	11838
92	-6	12289
92	-4	12396
92	-2	11865
92	0	12003
92	2	12200
92	4	12104
92	6	12334
92	8	12321
92	10	12240
92	12	12171
92	14	11949
92	16	11734
92	18	11777
92	20	11856
92	22	11816
92	24	12044
92	26	12021
92	28	11934
92	30	11587
92	32	11762
92	34	11844
92	36	11977
92	38	11809
92	40	11335
92	42	11732
92	44	11956
92	46	11917
92	48	11386
92	50	11714
92	52	11614
92	54	12078
92	56	11702
92	58	11601
92	60	11774
92	62	11531
92	64	11497
92	66	11340
92	68	11621
92	70	11621
92	72	11300
92	74	11484
92	76	11737
92	78	11383
92	80	11141
92	82	11309
92	84	11406
92	86	11613
92	88	11624
92	90	11193
92	92	11219
92	94	11266
92	96	11624
92	98	12017
96	-290	10089
96	-288	10190
96	-286	9766
96	-284	10421
96	-282	10500
96	-280	10720
96	-278	10901
96	-276	11055
96	-274	11078
96	-272	10636
96	-270	11414
96	-268	11557
96	-266	11514
96	-264	11902
96	-262	11744
96	-260	11350
96	-258	12157
96	-256	12420
96	-254	12510
96	-252	12720
96	-250	12979
96	-248	12620
96	-246	13214
96	-244	12858
96	-242	12564
96	-240	12775
96	-238	13138
96	-236	12138
96	-234	12171
96	-232	12040
96	-230	11451
96	-228	12200
96	-226	11725
96	-224	11608
96	-222	11855
96	-220	11936
96	-218	11654
96	-216	12222
96	-214	11920
96	-212	11352
96	-210	12154
96	-208	11932
96	-206	12021
96	-204	11580
96	-202	11591
96	-200	11618
96	-198	11552
96	-196	11938
96	-194	11450
96	-192	11481
96	-190	11409
96	-188	12102
96	-186	11773
96	-184	12440
96	-182	13012
96	-180	12574
96	-178	12550
96	-176	12743
96	-174	12754
96	-172	12533
96	-170	12395
96	-168	12261
96	-166	12080
96	-164	11561
96	-162	11635
96	-160	11630
96	-158	11897
96	-156	11388
96	-154	11445
96	-152	12136
96	-150	11624
96	-148	12206
96	-146	12042
96	-144	11993
96	-142	11821
96	-140	11746
96	-138	11578
96	-136	12184
96	-134	12757
96	-132	12153
96	-130	12073
96	-128	11657
96	-126	11560
96	-124	11894
96	-122	12211
96	-120	12232
96	-118	11504
96	-116	12101
96	-114	12340
96	-112	12578
96	-110	12035
96	-108	11786
96	-106	11986
96	-104	12133
96	-102	11928
96	-100	11544
96	-98	11898
96	-96	11613
96	-94	11692
96	-92	11866
96	-90	11745
96	-88	11589
96	-86	11963
96	-84	12254
96	-82	11790
96	-80	11808
96	-78	11866
96	-76	11685
96	-74	11606
96	-72	11275
96	-70	12012
96	-68	11781
96	-66	11713
96	-64	11941
96	-62	12084
96	-60	11590
96	-58	12068
96	-56	11361
96	-54	11781
96	-52	11569
96	-50	11642
96	-48	12036
96	-46	12114
96	-44	11950
96	-42	12252
96	-40	12110
96	-38	11787
96	-36	11978
96	-34	11876
96	-32	11842
96	-30	12110
96	-28	11742
96	-26	11664
96	-24	12057
96	-22	11650
96	-20	11397
96	-18	11366
96	-16	11093
96	-14	11602
96	-12	11138
96	-10	11355
96	-8	10896
96	-6	11700
96	-4	11248
96	-2	11124
96	0	11223
96	2	11964
96	4	11208
96	6	11059
96	8	11019
96	10	10955
96	12	10857
96	14	11436
96	16	11299
96	18	10940
96	20	11397
96	22	11135
96	24	11301
96	26	11183
96	28	11140
96	30	11107
96	32	11499
96	34	11018
96	36	11383
96	38	11754
96	40	11127
96	42	11358
96	44	10980
96	46	11306
96	48	10916
96	50	11216
96	52	11136
96	54	11166
96	56	10923
96	58	10678
96	60	10552
96	62	10957
96	64	10693
96	66	10867
96	68	10963
96	70	10972
96	72	10637
96	74	10673
96	76	11046
96	78	10680
96	80	11116
96	82	10599
96	84	11168
96	86	10898
96	88	11164
96	90	10950
96	92	11002
96	94	11478
96	96	11664
96	98	11182
100	-290	9783
100	-288	10343
100	-286	10587
100	-284	11546
100	-282	11217
100	-280	11658
100	-278	11803
100	-276	11371
100	-274	11788
100	-272	11795
100	-270	11852
100	-268	12054
100	-266	11649
100	-264	12004
100	-262	12206
100	-260	11631
100	-258	12259
100	-256	11779
100	-254	12363
100	-252	12547
100	-250	12432
100	-248	12423
100	-246	12453
100	-244	12617
100	-242	12295
100	-240	12663
100	-238	11403
100	-236	11754
100	-234	11346
100	-232	11764
100	-230	11241
100	-228	11305
100	-226	11580
100	-224	11352
100	-222	11302
100	-220	11681
100	-218	11818
100	-216	11892
100	-214	11803
100	-212	10949
100	-210	10925
100	-208	11221
100	-206	11353
100	-204	11133
100	-202	11545
100	-200	11805
100	-198	11433
100	-196	11658
100	-194	11739
100	-192	11287
100	-190	12012
100	-188	12517
100	-186	11476
100	-184	11935
100	-182	11654
100	-180	11459
100	-178	11287
100	-176	11317
100	-174	11273
100	-172	11094
100	-170	11567
100	-168	11232
100	-166	11391
100	-164	12022
100	-162	11841
100	-160	11540
100	-158	11065
100	-156	11123
100	-154	11312
100	-152	11419
100	-150	11063
100	-148	11295
100	-146	11467
100	-144	11985
100	-142	12052
100	-140	11633
100	-138	10736
100	-136	11572
100	-134	10982
100	-132	11512
100	-130	11672
100	-128	11438
100	-126	12286
100	-124	11635
100	-122	11402
100	-120	11347
100	-118	11688
100	-116	11333
100	-114	11583
100	-112	11243
100	-110	10883
100	-108	11536
100	-106	11774
100	-104	11221
100	-102	11773
100	-100	11791
100	-98	11496
100	-96	11390
100	-94	11915
100	-92	12441
100	-90	12640
100	-88	11845
100	-86	12088
100	-84	11758
100	-82	11813
100	-80	11675
100	-78	11687
100	-76	11561
100	-74	11752
100	-72	12034
100	-70	12094
100	-68	12225
100	-66	11931
100	-64	12314
100	-62	12042
100	-60	12320
100	-58	12648
100	-56	12195
100	-54	11928
100	-52	11774
100	-50	12142
100	-48	12092
100	-46	12245
100	-44	11930
100	-42	11785
100	-40	12068
100	-38	10978
100	-36	11584
100	-34	11730
100	-32	11742
100	-30	11086
100	-28	11578
100	-26	11843
100	-24	11700
100	-22	11718
100	-20	11605
100	-18	11951
100	-16	12061
100	-14	11523
100	-12	11849
100	-10	11792
100	-8	12044
100	-6	11884
100	-4	12175
100	-2	12062
100	0	11537
100	2	11830
100	4	11858
100	6	11968
100	8	11703
100	10	11802
100	12	11831
100	14	12109
100	16	11685
100	18	11884
100	20	12396
100	22	11967
100	24	11477
100	26	11250
100	28	11109
100	30	11787
100	32	11549
100	34	11947
100	36	11991
100	38	11849
100	40	12107
100	42	11708
100	44	12048
100	46	11855
100	48	11692
100	50	11571
100	52	11585
100	54	11675
100	56	11873
100	58	11706
100	60	11949
100	62	11644
100	64	11989
100	66	12066
100	68	11714
100	70	11941
100	72	11419
100	74	11628
100	76	11451
100	78	11153
100	80	11288
100	82	11299
100	84	11132
100	86	11087
100	88	11356
100	90	11689
100	92	11097
100	94	11091
100	96	10993
100	98	11208
104	-290	12874
104	-288	12431
104	-286	12825
104	-284	12905
104	-282	12340
104	-280	12436
104	-278	12081
104	-276	11573
104	-274	11378
104	-272	11294
104	-270	10797
104	-268	11142
104	-266	11315
104	-264	11843
104	-262	11632
104	-260	11916
104	-258	11788
104	-256	11493
104	-254	12766
104	-252	12477
104	-250	12824
104	-248	12473
104	-246	11616
104	-244	11693
104	-242	11844
104	-240	11752
104	-238	11835
104	-236	11981
104	-234	12868
104	-232	12585
104	-230	12338
104	-228	11583
104	-226	11378
104	-224	11680
104	-222	11744
104	-220	11159
104	-218	11014
104	-216	11304
104	-214	10704
104	-212	11406
104	-210	11296
104	-208	10965
104	-206	11471
104	-204	11084
104	-202	11140
104	-200	11532
104	-198	11587
104	-196	11837
104	-194	12049
104	-192	12077
104	-190	11196
104	-188	11290
104	-186	11213
104	-184	11465
104	-182	11827
104	-180	11293
104	-178	11236
104	-176	11187
104	-174	11261
104	-172	11646
104	-170	12013
104	-168	11115
104	-166	11301
104	-164	11101
104	-162	11820
104	-160	12047
104	-158	12113
104	-156	12873
104	-154	11885
104	-152	12283
104	-150	11982
104	-148	12124
104	-146	12688
104	-144	12035
104	-142	12564
104	-140	12503
104	-138	12250
104	-136	12283
104	-134	12665
104	-132	12773
104	-130	13094
104	-128	12671
104	-126	12782
104	-124	11894
104	-122	12007
104	-120	11925
104	-118	12590
104	-116	12272
104	-114	12280
104	-112	12412
104	-110	12625
104	-108	11881
104	-106	12268
104	-104	12351
104	-102	12697
104	-100	12010
104	-98	12582
104	-96	12630
104	-94	11700
104	-92	11876
104	-90	11483
104	-88	11918
104	-86	12118
104	-84	11953
104	-82	12176
104	-80	12206
104	-78	11668
104	-76	11733
104	-74	12379
104	-72	11210
104	-70	12056
104	-68	11935
104	-66	11282
104	-64	11499
104	-62	12029
104	-60	12150
104	-58	11326
104	-56	11623
104	-54	11364
104	-52	12214
104	-50	11111
104	-48	11203
104	-46	11629
104	-44	11701
104	-42	11080
104	-40	11651
104	-38	11487
104	-36	11308
104	-34	10854
104	-32	10500
104	-30	11002
104	-28	10756
104	-26	11517
104	-24	11498
104	-22	11057
104	-20	11126
104	-18	10625
104	-16	11325
104	-14	11263
104	-12	11237
104	-10	11086
104	-8	11199
104	-6	11219
104	-4	10493
104	-2	11334
104	0	11399
104	2	11084
104	4	10775
104	6	11529
104	8	11561
104	10	11179
104	12	11458
104	14	11421
104	16	11362
104	18	11736
104	20	11376
104	22	11373
104	24	10933
104	26	10952
104	28	11422
104	30	10757
104	32	10694
104	34	11093
104	36	10679
104	38	11377
104	40	10898
104	42	11524
104	44	10913
104	46	10881
104	48	11732
104	50	10889
104	52	10688
104	54	11257
104	56	10947
104	58	11255
104	60	11603
104	62	11754
104	64	10966
104	66	11549
104	68	11261
104	70	11023
104	72	11359
104	74	11741
104	76	11439
104	78	11640
104	80	10925
104	82	11157
104	84	11559
104	86	11395
104	88	11586
104	90	11890
104	92	11587
104	94	11343
104	96	11718
104	98	12058
108	-290	12908
108	-288	12354
108	-286	12374
108	-284	12503
108	-282	12365
108	-280	12085
108	-278	12106
108	-276	11775
108	-274	11429
108	-272	11046
108	-270	11810
108	-268	11666
108	-266	12243
108	-264	11113
108	-262	11583
108	-260	11216
108	-258	11177
108	-256	11665
108	-254	12193
108	-252	11567
108	-250	11498
108	-248	11479
108	-246	11507
108	-244	11680
108	-242	11852
108	-240	11629
108	-238	12305
108	-236	12514
108	-234	12419
108	-232	12399
108	-230	12320
108	-228	12191
108	-226	12165
108	-224	12338
108	-222	12764
108	-220	12457
108	-218	12542
108	-216	12751
108	-214	12350
108	-212	12746
108	-210	12535
108	-208	11895
108	-206	11782
108	-204	12051
108	-202	11926
108	-200	12671
108	-198	12578
108	-196	12827
108	-194	12196
108	-192	12396
108	-190	11793
108	-188	11896
108	-186	12355
108	-184	11875
108	-182	12196
108	-180	12400
108	-178	12122
108	-176	11552
108	-174	12045
108	-172	12095
108	-170	12027
108	-168	12147
108	-166	12087
108	-164	11876
108	-162	12143
108	-160	11378
108	-158	12041
108	-156	12073
108	-154	11675
108	-152	11760
108	-150	12069
108	-148	12023
108	-146	11842
108	-144	11806
108	-142	11703
108	-140	11948
108	-138	11659
108	-136	12301
108	-134	12085
108	-132	11620
108	-130	11683
108	-128	11443
108	-126	11156
108	-124	11571
108	-122	11905
108	-120	11936
108	-118	11819
108	-116	11091
108	-114	11373
108	-112	11277
108	-110	10892
108	-108	11570
108	-106	11563
108	-104	10591
108	-102	10880
108	-100	10674
108	-98	10767
108	-96	10844
108	-94	11181
108	-92	10726
108	-90	11460
108	-88	11592
108	-86	11325
108	-84	11477
108	-82	11534
108	-80	10957
108	-78	11671
108	-76	11550
108	-74	11250
108	-72	12119
108	-70	11508
108	-68	11528
108	-66	11805
108	-64	11376
108	-62	11588
108	-60	10875
108	-58	11531
108	-56	11676
108	-54	11151
108	-52	11053
108	-50	11257
108	-48	11155
108	-46	10657
108	-44	11182
108	-42	11577
108	-40	11506
108	-38	11243
108	-36	11804
108	-34	11099
108	-32	11036
108	-30	11557
108	-28	11415
108	-26	11306
108	-24	11433
108	-22	11553
108	-20	12095
108	-18	11413
108	-16	11732
108	-14	11087
108	-12	12554
108	-10	11084
108	-8	10816
108	-6	11401
108	-4	11348
108	-2	11401
108	0	11708
108	2	10983
108	4	10550
108	6	11009
108	8	10712
108	10	11244
108	12	11121
108	14	11312
108	16	10770
108	18	11193
108	20	11756
108	22	11574
108	24	11693
108	26	12183
108	28	11516
108	30	11768
108	32	11571
108	34	11359
108	36	11665
108	38	11164
108	40	11155
108	42	11129
108	44	11446
108	46	10909
108	48	10814
108	50	10566
108	52	10541
108	54	10461
108	56	11168
108	58	10420
108	60	10321
108	62	10730
108	64	10477
108	66	10930
108	68	11415
108	70	11193
108	72	11070
108	74	11279
108	76	10540
108	78	10326
108	80	10607
108	82	10695
108	84	10614
108	86	10588
108	88	10913
108	90	10620
108	92	10328
108	94	10474
108	96	10289
108	98	10765
112	-290	12315
112	-288	12205
112	-286	12133
112	-284	11289
112	-282	11376
112	-280	11372
112	-278	11764
112	-276	10534
112	-274	11109
112	-272	12031
112	-270	12357
112	-268	11757
112	-266	12044
112	-264	13172
112	-262	12748
112	-260	11975
112	-258	12809
112	-256	12791
112	-254	12919
112	-252	12705
112	-250	12418
112	-248	12081
112	-246	12844
112	-244	10992
112	-242	11829
112	-240	12168
112	-238	12593
112	-236	13088
112	-234	12697
112	-232	13597
112	-230	14203
112	-228	12593
112	-226	12546
112	-224	13474
112	-222	13257
112	-220	13625
112	-218	12076
112	-216	12721
112	-214	12177
112	-212	12749
112	-210	12236
112	-208	12394
112	-206	12440
112	-204	12724
112	-202	11809
112	-200	11970
112	-198	13002
112	-196	12188
112	-194	12588
112	-192	11964
112	-190	12956
112	-188	12094
112	-186	12347
112	-184	11627
112	-182	12675
112	-180	13216
112	-178	12594
112	-176	13109
112	-174	12627
112	-172	12771
112	-170	11968
112	-168	12981
112	-166	12885
112	-164	12992
112	-162	12953
112	-160	13212
112	-158	12498
112	-156	12964
112	-154	12989
112	-152	12753
112	-150	12838
112	-148	12707
112	-146	12797
112	-144	12313
112	-142	11793
112	-140	12668
112	-138	12046
112	-136	12973
112	-134	12069
112	-132	12519
112	-130	11755
112	-128	12410
112	-126	12054
112	-124	12575
112	-122	13050
112	-120	12093
112	-118	11762
112	-116	12222
112	-114	11912
112	-112	11130
112	-110	12027
112	-108	11849
112	-106	11681
112	-104	11873
112	-102	11620
112	-100	11959
112	-98	11839
112	-96	12610
112	-94	12320
112	-92	11948
112	-90	12396
112	-88	13062
112	-86	12223
112	-84	11475
112	-82	11453
112	-80	12148
112	-78	12254
112	-76	12225
112	-74	11739
112	-72	12351
112	-70	11636
112	-68	12103
112	-66	11828
112	-64	12053
112	-62	12325
112	-60	12323
112	-58	11933
112	-56	11991
112	-54	12170
112	-52	11922
112	-50	12116
112	-48	12030
112	-46	12688
112	-44	12489
112	-42	12761
112	-40	11903
112	-38	11969
112	-36	11592
112	-34	12610
112	-32	12238
112	-30	12313
112	-28	12031
112	-26	11939
112	-24	12119
112	-22	12192
112	-20	11774
112	-18	12046
112	-16	12150
112	-14	11808
112	-12	11889
112	-10	11584
112	-8	11859
112	-6	11974
112	-4	11691
112	-2	12020
112	0	11739
112	2	11426
112	4	11428
112	6	11467
112	8	12123
112	10	10981
112	12	11906
112	14	10826
112	16	11681
112	18	11917
112	20	10333
112	22	11587
112	24	12267
112	26	12302
112	28	11923
112	30	11820
112	32	12248
112	34	11702
112	36	11928
112	38	12522
112	40	12119
112	42	12869
112	44	12046
112	46	12413
112	48	12128
112	50	12026
112	52	12167
112	54	12241
112	56	12357
112	58	11744
112	60	12014
112	62	12168
112	64	12100
112	66	11385
112	68	11701
112	70	11462
112	72	11389
112	74	11496
112	76	11334
112	78	11138
112	80	11210
112	82	10664
112	84	11114
112	86	11298
112	88	10995
112	90	10737
112	92	11193
112	94	11322
112	96	10907
112	98	11322
116	-290	11729
116	-288	11009
116	-286	12218
116	-284	11241
116	-282	12087
116	-280	13015
116	-278	12242
116	-276	13310
116	-274	13247
116	-272	12986
116	-270	13229
116	-268	11548
116	-266	12601
116	-264	12671
116	-262	12744
116	-260	13556
116	-258	13280
116	-256	13040
116	-254	13328
116	-252	14091
116	-250	13532
116	-248	13863
116	-246	14013
116	-244	14032
116	-242	14887
116	-240	15201
116	-238	14650
116	-236	13860
116	-234	14453
116	-232	14112
116	-230	14019
116	-228	13616
116	-226	14095
116	-224	14169
116	-222	12925
116	-220	13754
116	-218	14071
116	-216	14135
116	-214	14098
116	-212	14239
116	-210	13586
116	-208	13647
116	-206	13614
116	-204	13561
116	-202	13101
116	-200	13554
116	-198	13075
116	-196	14103
116	-194	13876
116	-192	13880
116	-190	13615
116	-188	14323
116	-186	13593
116	-184	14418
116	-182	14023
116	-180	13951
116	-178	13777
116	-176	13680
116	-174	13896
116	-172	12929
116	-170	13833
116	-168	13674
116	-166	13383
116	-164	13860
116	-162	13676
116	-160	12985
116	-158	13290
116	-156	13334
116	-154	13226
116	-152	12446
116	-150	14007
116	-148	13733
116	-146	13408
116	-144	14451
116	-142	13021
116	-140	14379
116	-138	13776
116	-136	13904
116	-134	14109
116	-132	14229
116	-130	14533
116	-128	14608
116	-126	14704
116	-124	15469
116	-122	14551
116	-120	13903
116	-118	15383
116	-116	14481
116	-114	14523
116	-112	14732
116	-110	14208
116	-108	15108
116	-106	14807
116	-104	14113
116	-102	14252
116	-100	13919
116	-98	14834
116	-96	13982
116	-94	14055
116	-92	14085
116	-90	14507
116	-88	14665
116	-86	14588
116	-84	14296
116	-82	14940
116	-80	15536
116	-78	14454
116	-76	14019
116	-74	14894
116	-72	14685
116	-70	14423
116	-68	15030
116	-66	15034
116	-64	14272
116	-62	14504
116	-60	14171
116	-58	14844
116	-56	14970
116	-54	14155
116	-52	15175
116	-50	14683
116	-48	14464
116	-46	15176
116	-44	14828
116	-42	14842
116	-40	14879
116	-38	14215
116	-36	14574
116	-34	14115
116	-32	14290
116	-30	14596
116	-28	15393
116	-26	15080
116	-24	14506
116	-22	14542
116	-20	14485
116	-18	14384
116	-16	14840
116	-14	14744
116	-12	14329
116	-10	14987
116	-8	13786
116	-6	13970
116	-4	14052
116	-2	13874
116	0	14526
116	2	14286
116	4	14462
116	6	15719
116	8	14589
116	10	14317
116	12	14592
116	14	15096
116	16	15131
116	18	14494
116	20	14588
116	22	14465
116	24	14466
116	26	14363
116	28	13634
116	30	14369
116	32	14351
116	34	14001
116	36	14141
116	38	14184
116	40	14387
116	42	14435
116	44	14451
116	46	14005
116	48	13361
116	50	14021
116	52	14429
116	54	14585
116	56	14085
116	58	14485
116	60	14089
116	62	14043
116	64	14315
116	66	14915
116	68	13858
116	70	14624
116	72	13918
116	74	14582
116	76	14188
116	78	13619
116	80	14626
116	82	14689
116	84	13482
116	86	14231
116	88	14526
116	90	14147
116	92	14466
116	94	14166
116	96	13487
116	98	13354
120	-290	14839
120	-288	13802
120	-286	14841
120	-284	13984
120	-282	13111
120	-280	14720
120	-278	14729
120	-276	14347
120	-274	14979
120	-272	14029
120	-270	14647
120	-268	14360
120	-266	13656
120	-264	14342
120	-262	14585
120	-260	15095
120	-258	13975
120	-256	14946
120	-254	14553
120	-252	15417
120	-250	14118
120	-248	13485
120	-246	14419
120	-244	13227
120	-242	14694
120	-240	14256
120	-238	14088
120	-236	13558
120	-234	13689
120	-232	13375
120	-230	14743
120	-228	14139
120	-226	12321
120	-224	12667
120	-222	12099
120	-220	12497
120	-218	12846
120	-216	13055
120	-214	12529
120	-212	12772
120	-210	12340
120	-208	12335
120	-206	12493
120	-204	12452
120	-202	12531
120	-200	11930
120	-198	12437
120	-196	12302
120	-194	12185
120	-192	12183
120	-190	12689
120	-188	13365
120	-186	13609
120	-184	13094
120	-182	13486
120	-180	13662
120	-178	13005
120	-176	13406
120	-174	12417
120	-172	12461
120	-170	12692
120	-168	12700
120	-166	12954
120	-164	13014
120	-162	12771
120	-160	12447
120	-158	12395
120	-156	12319
120	-154	13238
120	-152	13235
120	-150	12756
120	-148	12686
120	-146	13660
120	-144	13686
120	-142	13161
120	-140	13286
120	-138	13193
120	-136	12782
120	-134	13359
120	-132	12947
120	-130	13471
120	-128	13633
120	-126	12897
120	-124	12745
120	-122	13585
120	-120	12524
120	-118	13363
120	-116	13583
120	-114	14012
120	-112	13646
120	-110	13552
120	-108	13635
120	-106	13692
120	-104	13297
120	-102	14426
120	-100	13594
120	-98	14423
120	-96	13844
120	-94	14178
120	-92	13992
120	-90	14226
120	-88	13795
120	-86	14272
120	-84	13290
120	-82	15072
120	-80	14692
120	-78	14361
120	-76	14293
120	-74	13560
120	-72	12863
120	-70	13302
120	-68	14445
120	-66	14723
120	-64	13675
120	-62	13536
120	-60	13675
120	-58	14269
120	-56	14145
120	-54	13746
120	-52	12875
120	-50	13942
120	-48	12700
120	-46	13570
120	-44	14068
120	-42	13395
120	-40	13295
120	-38	13915
120	-36	13440
120	-34	13145
120	-32	13738
120	-30	12816
120	-28	13384
120	-26	12977
120	-24	12593
120	-22	13323
120	-20	12128
120	-18	13553
120	-16	13852
120	-14	13981
120	-12	13159
120	-10	13671
120	-8	13220
120	-6	13965
120	-4	13882
120	-2	13232
120	0	13324
120	2	12938
120	4	14219
120	6	13699
120	8	13602
120	10	13832
120	12	13560
120	14	13909
120	16	14327
120	18	13227
120	20	13737
120	22	14638
120	24	12957
120	26	12960
120	28	13600
120	30	12854
120	32	13117
120	34	13034
120	36	13153
120	38	13539
120	40	12710
120	42	13490
120	44	12848
120	46	13495
120	48	12434
120	50	12840
120	52	13157
120	54	13222
120	56	12256
120	58	12558
120	60	12129
120	62	12954
120	64	12451
120	66	13426
120	68	12838
120	70	13130
120	72	12540
120	74	13173
120	76	13301
120	78	11595
120	80	12724
120	82	14315
120	84	12977
120	86	14834
120	88	12304
120	90	13753
120	92	13264
120	94	13547
120	96	13125
120	98	13426
