64	-290	4178
64	-288	4029
64	-286	4092
64	-284	4148
64	-282	3967
64	-280	3993
64	-278	3955
64	-276	3941
64	-274	4101
64	-272	3983
64	-270	4323
64	-268	4210
64	-266	4055
64	-264	3955
64	-262	3816
64	-260	3766
64	-258	3709
64	-256	3613
64	-254	3412
64	-252	3377
64	-250	3561
64	-248	3609
64	-246	3426
64	-244	3480
64	-242	3269
64	-240	3281
64	-238	3186
64	-236	3124
64	-234	3540
64	-232	3335
64	-230	3347
64	-228	3428
64	-226	3708
64	-224	3379
64	-222	3292
64	-220	3072
64	-218	3240
64	-216	3188
64	-214	3270
64	-212	3251
64	-210	3455
64	-208	3620
64	-206	3674
64	-204	3622
64	-202	3606
64	-200	3756
64	-198	3780
64	-196	3848
64	-194	3850
64	-192	3816
64	-190	3710
64	-188	3855
64	-186	3719
64	-184	3841
64	-182	3795
64	-180	3669
64	-178	3714
64	-176	3804
64	-174	3709
64	-172	3847
64	-170	3829
64	-168	3882
64	-166	3843
64	-164	3869
64	-162	3826
64	-160	3802
64	-158	3680
64	-156	3706
64	-154	3757
64	-152	3684
64	-150	3788
64	-148	3726
64	-146	3582
64	-144	3602
64	-142	3554
64	-140	3541
64	-138	3565
64	-136	3539
64	-134	3577
64	-132	3647
64	-130	3677
64	-128	3624
64	-126	3531
64	-124	3600
64	-122	3549
64	-120	3402
64	-118	3491
64	-116	3473
64	-114	3468
64	-112	3566
64	-110	3502
64	-108	3512
64	-106	3549
64	-104	3419
64	-102	3440
64	-100	3542
64	-98	3546
64	-96	3603
64	-94	3628
64	-92	3585
64	-90	3672
64	-88	3709
64	-86	3656
64	-84	3718
64	-82	3646
64	-80	3721
64	-78	3755
64	-76	3698
64	-74	3664
64	-72	3623
64	-70	3688
64	-68	3583
64	-66	3644
64	-64	3607
64	-62	3568
64	-60	3571
64	-58	3602
64	-56	3702
64	-54	3610
64	-52	3660
64	-50	3707
64	-48	3726
64	-46	3685
64	-44	3651
64	-42	3678
64	-40	3718
64	-38	3609
64	-36	3627
64	-34	3666
64	-32	3605
64	-30	3640
64	-28	3743
64	-26	3648
64	-24	3620
64	-22	3716
64	-20	3666
64	-18	3585
64	-16	3572
64	-14	3708
64	-12	3607
64	-10	3606
64	-8	3666
64	-6	3611
64	-4	3750
64	-2	3684
64	0	3635
64	2	3667
64	4	3696
64	6	3750
64	8	3645
64	10	3692
64	12	3694
64	14	3671
64	16	3652
64	18	3683
64	20	3641
64	22	3703
64	24	3682
64	26	3701
64	28	3695
64	30	3694
64	32	3649
64	34	3659
64	36	3705
64	38	3651
64	40	3629
64	42	3641
64	44	3683
64	46	3639
64	48	3566
64	50	3654
64	52	3634
64	54	3748
64	56	3714
64	58	3702
64	60	3697
64	62	3628
64	64	3708
64	66	3658
64	68	3732
64	70	3747
64	72	3703
64	74	3714
64	76	3687
64	78	3690
64	80	3734
64	82	3761
64	84	3721
64	86	3762
64	88	3662
64	90	3719
64	92	3696
64	94	3758
64	96	3768
64	98	3715
68	-290	4001
68	-288	4226
68	-286	4118
68	-284	4239
68	-282	4180
68	-280	4237
68	-278	4247
68	-276	4205
68	-274	4466
68	-272	4127
68	-270	4023
68	-268	4076
68	-266	3753
68	-264	3894
68	-262	3884
68	-260	3776
68	-258	3865
68	-256	3662
68	-254	3498
68	-252	3709
68	-250	3606
68	-248	3435
68	-246	3401
68	-244	3324
68	-242	3323
68	-240	3284
68	-238	3261
68	-236	3459
68	-234	3258
68	-232	3223
68	-230	3139
68	-228	3241
68	-226	3433
68	-224	3628
68	-222	3570
68	-220	3631
68	-218	3737
68	-216	3646
68	-214	3594
68	-212	3647
68	-210	3774
68	-208	3904
68	-206	3815
68	-204	3985
68	-202	4018
68	-200	4014
68	-198	4001
68	-196	3972
68	-194	3895
68	-192	3916
68	-190	3790
68	-188	3783
68	-186	3831
68	-184	3772
68	-182	3827
68	-180	3790
68	-178	3704
68	-176	3683
68	-174	3669
68	-172	3789
68	-170	3664
68	-168	3855
68	-166	3835
68	-164	3790
68	-162	3857
68	-160	3919
68	-158	3772
68	-156	3740
68	-154	3757
68	-152	3705
68	-150	3869
68	-148	3774
68	-146	3686
68	-144	3689
68	-142	3642
68	-140	3689
68	-138	3588
68	-136	3684
68	-134	3667
68	-132	3637
68	-130	3637
68	-128	3640
68	-126	3572
68	-124	3536
68	-122	3588
68	-120	3541
68	-118	3587
68	-116	3526
68	-114	3567
68	-112	3488
68	-110	3498
68	-108	3591
68	-106	3487
68	-104	3355
68	-102	3460
68	-100	3563
68	-98	3557
68	-96	3623
68	-94	3628
68	-92	3536
68	-90	3568
68	-88	3533
68	-86	3532
68	-84	3528
68	-82	3500
68	-80	3666
68	-78	3631
68	-76	3576
68	-74	3695
68	-72	3699
68	-70	3574
68	-68	3631
68	-66	3548
68	-64	3587
68	-62	3663
68	-60	3696
68	-58	3672
68	-56	3670
68	-54	3671
68	-52	3606
68	-50	3635
68	-48	3681
68	-46	3644
68	-44	3712
68	-42	3705
68	-40	3646
68	-38	3732
68	-36	3737
68	-34	3741
68	-32	3716
68	-30	3670
68	-28	3756
68	-26	3697
68	-24	3750
68	-22	3755
68	-20	3777
68	-18	3686
68	-16	3687
68	-14	3711
68	-12	3696
68	-10	3641
68	-8	3653
68	-6	3835
68	-4	3729
68	-2	3669
68	0	3746
68	2	3699
68	4	3647
68	6	3812
68	8	3712
68	10	3670
68	12	3675
68	14	3714
68	16	3728
68	18	3736
68	20	3740
68	22	3783
68	24	3728
68	26	3683
68	28	3678
68	30	3707
68	32	3673
68	34	3742
68	36	3710
68	38	3763
68	40	3732
68	42	3798
68	44	3748
68	46	3831
68	48	3714
68	50	3779
68	52	3734
68	54	3759
68	56	3819
68	58	3762
68	60	3795
68	62	3732
68	64	3773
68	66	3744
68	68	3736
68	70	3701
68	72	3685
68	74	3745
68	76	3646
68	78	3734
68	80	3743
68	82	3621
68	84	3626
68	86	3700
68	88	3667
68	90	3656
68	92	3649
68	94	3653
68	96	3625
68	98	3611
72	-290	4679
72	-288	4904
72	-286	4779
72	-284	4580
72	-282	4279
72	-280	4353
72	-278	4138
72	-276	4199
72	-274	4317
72	-272	4052
72	-270	4203
72	-268	4290
72	-266	4293
72	-264	4321
72	-262	3880
72	-260	3996
72	-258	4037
72	-256	3918
72	-254	3919
72	-252	3794
72	-250	3662
72	-248	3792
72	-246	3792
72	-244	3623
72	-242	3772
72	-240	3898
72	-238	3642
72	-236	3551
72	-234	3723
72	-232	3602
72	-230	3693
72	-228	3632
72	-226	3672
72	-224	3546
72	-222	3581
72	-220	3718
72	-218	3820
72	-216	3728
72	-214	3643
72	-212	3705
72	-210	3625
72	-208	3673
72	-206	3892
72	-204	3879
72	-202	3744
72	-200	3774
72	-198	3830
72	-196	3683
72	-194	3724
72	-192	3719
72	-190	3661
72	-188	3761
72	-186	3753
72	-184	3601
72	-182	3502
72	-180	3637
72	-178	3598
72	-176	3614
72	-174	3693
72	-172	3787
72	-170	3728
72	-168	3739
72	-166	3680
72	-164	3630
72	-162	3538
72	-160	3588
72	-158	3700
72	-156	3792
72	-154	3743
72	-152	3864
72	-150	3782
72	-148	3751
72	-146	3668
72	-144	3764
72	-142	3897
72	-140	3860
72	-138	3823
72	-136	3731
72	-134	3711
72	-132	3703
72	-130	3705
72	-128	3636
72	-126	3702
72	-124	3574
72	-122	3529
72	-120	3554
72	-118	3582
72	-116	3600
72	-114	3550
72	-112	3556
72	-110	3610
72	-108	3645
72	-106	3595
72	-104	3574
72	-102	3496
72	-100	3642
72	-98	3639
72	-96	3545
72	-94	3631
72	-92	3729
72	-90	3710
72	-88	3804
72	-86	3736
72	-84	3738
72	-82	3742
72	-80	3712
72	-78	3755
72	-76	3711
72	-74	3693
72	-72	3701
72	-70	3644
72	-68	3711
72	-66	3756
72	-64	3811
72	-62	3697
72	-60	3643
72	-58	3698
72	-56	3700
72	-54	3775
72	-52	3803
72	-50	3747
72	-48	3705
72	-46	3731
72	-44	3757
72	-42	3749
72	-40	3776
72	-38	3689
72	-36	3639
72	-34	3697
72	-32	3657
72	-30	3630
72	-28	3710
72	-26	3562
72	-24	3633
72	-22	3608
72	-20	3672
72	-18	3653
72	-16	3705
72	-14	3727
72	-12	3652
72	-10	3595
72	-8	3583
72	-6	3675
72	-4	3658
72	-2	3715
72	0	3659
72	2	3597
72	4	3683
72	6	3786
72	8	3633
72	10	3642
72	12	3621
72	14	3633
72	16	3646
72	18	3580
72	20	3579
72	22	3645
72	24	3677
72	26	3676
72	28	3698
72	30	3678
72	32	3689
72	34	3662
72	36	3698
72	38	3611
72	40	3761
72	42	3753
72	44	3729
72	46	3700
72	48	3756
72	50	3760
72	52	3728
72	54	3718
72	56	3724
72	58	3750
72	60	3701
72	62	3659
72	64	3678
72	66	3717
72	68	3711
72	70	3602
72	72	3673
72	74	3638
72	76	3720
72	78	3638
72	80	3651
72	82	3721
72	84	3683
72	86	3698
72	88	3694
72	90	3707
72	92	3686
72	94	3666
72	96	3703
72	98	3740
76	-290	4460
76	-288	4386
76	-286	4578
76	-284	4467
76	-282	4411
76	-280	4181
76	-278	3927
76	-276	3824
76	-274	4295
76	-272	4124
76	-270	4284
76	-268	3964
76	-266	4086
76	-264	4058
76	-262	3819
76	-260	3740
76	-258	3704
76	-256	3941
76	-254	3848
76	-252	4010
76	-250	3908
76	-248	3985
76	-246	3765
76	-244	3722
76	-242	3621
76	-240	3533
76	-238	3385
76	-236	3635
76	-234	3626
76	-232	3559
76	-230	3410
76	-228	3639
76	-226	3644
76	-224	3714
76	-222	3883
76	-220	3734
76	-218	3842
76	-216	3943
76	-214	3938
76	-212	3998
76	-210	3859
76	-208	3758
76	-206	3841
76	-204	3882
76	-202	3798
76	-200	3884
76	-198	4037
76	-196	4033
76	-194	3888
76	-192	3866
76	-190	4043
76	-188	4014
76	-186	3767
76	-184	3817
76	-182	3910
76	-180	3739
76	-178	3668
76	-176	3594
76	-174	3566
76	-172	3594
76	-170	3690
76	-168	3758
76	-166	3943
76	-164	3835
76	-162	3811
76	-160	3732
76	-158	3735
76	-156	3788
76	-154	3755
76	-152	3715
76	-150	3769
76	-148	3713
76	-146	3772
76	-144	3741
76	-142	3785
76	-140	3795
76	-138	3671
76	-136	3696
76	-134	3780
76	-132	3828
76	-130	3814
76	-128	3810
76	-126	3812
76	-124	3735
76	-122	3781
76	-120	3742
76	-118	3668
76	-116	3637
76	-114	3619
76	-112	3633
76	-110	3684
76	-108	3687
76	-106	3654
76	-104	3739
76	-102	3656
76	-100	3770
76	-98	3687
76	-96	3762
76	-94	3733
76	-92	3699
76	-90	3719
76	-88	3769
76	-86	3758
76	-84	3719
76	-82	3842
76	-80	3839
76	-78	3804
76	-76	3836
76	-74	3768
76	-72	3714
76	-70	3804
76	-68	3723
76	-66	3759
76	-64	3602
76	-62	3634
76	-60	3710
76	-58	3751
76	-56	3676
76	-54	3639
76	-52	3690
76	-50	3737
76	-48	3755
76	-46	3666
76	-44	3678
76	-42	3716
76	-40	3744
76	-38	3756
76	-36	3754
76	-34	3732
76	-32	3824
76	-30	3766
76	-28	3757
76	-26	3770
76	-24	3734
76	-22	3826
76	-20	3689
76	-18	3754
76	-16	3753
76	-14	3744
76	-12	3744
76	-10	3785
76	-8	3805
76	-6	3674
76	-4	3687
76	-2	3747
76	0	3722
76	2	3694
76	4	3722
76	6	3742
76	8	3605
76	10	3682
76	12	3739
76	14	3698
76	16	3720
76	18	3725
76	20	3727
76	22	3831
76	24	3678
76	26	3694
76	28	3771
76	30	3711
76	32	3733
76	34	3675
76	36	3701
76	38	3668
76	40	3658
76	42	3773
76	44	3806
76	46	3682
76	48	3722
76	50	3724
76	52	3675
76	54	3567
76	56	3696
76	58	3667
76	60	3745
76	62	3724
76	64	3633
76	66	3689
76	68	3791
76	70	3687
76	72	3728
76	74	3618
76	76	3824
76	78	3682
76	80	3722
76	82	3858
76	84	3760
76	86	3651
76	88	3745
76	90	3670
76	92	3710
76	94	3734
76	96	3788
76	98	3765
80	-290	4487
80	-288	4379
80	-286	4288
80	-284	4102
80	-282	4148
80	-280	4014
80	-278	3859
80	-276	4100
80	-274	3838
80	-272	3942
80	-270	3894
80	-268	4116
80	-266	3986
80	-264	3990
80	-262	3949
80	-260	4097
80	-258	3975
80	-256	3576
80	-254	3828
80	-252	3877
80	-250	3821
80	-248	3539
80	-246	3477
80	-244	3440
80	-242	3598
80	-240	3749
80	-238	3880
80	-236	3848
80	-234	3676
80	-232	3730
80	-230	3982
80	-228	4236
80	-226	4134
80	-224	4087
80	-222	4178
80	-220	3998
80	-218	3894
80	-216	3916
80	-214	3787
80	-212	3954
80	-210	3947
80	-208	4008
80	-206	3951
80	-204	3950
80	-202	3975
80	-200	4050
80	-198	3994
80	-196	4021
80	-194	3998
80	-192	3774
80	-190	3662
80	-188	3711
80	-186	3659
80	-184	3746
80	-182	3650
80	-180	3678
80	-178	3684
80	-176	3733
80	-174	3775
80	-172	3838
80	-170	3698
80	-168	3708
80	-166	3653
80	-164	3837
80	-162	3786
80	-160	3815
80	-158	3802
80	-156	3926
80	-154	3790
80	-152	3742
80	-150	3665
80	-148	3704
80	-146	3766
80	-144	3833
80	-142	3862
80	-140	3855
80	-138	3692
80	-136	3737
80	-134	3693
80	-132	3766
80	-130	3681
80	-128	3610
80	-126	3592
80	-124	3641
80	-122	3649
80	-120	3634
80	-118	3673
80	-116	3629
80	-114	3633
80	-112	3611
80	-110	3602
80	-108	3512
80	-106	3507
80	-104	3607
80	-102	3651
80	-100	3629
80	-98	3718
80	-96	3608
80	-94	3703
80	-92	3695
80	-90	3799
80	-88	3696
80	-86	3657
80	-84	3754
80	-82	3678
80	-80	3814
80	-78	3758
80	-76	3840
80	-74	3830
80	-72	3755
80	-70	3744
80	-68	3661
80	-66	3699
80	-64	3737
80	-62	3791
80	-60	3625
80	-58	3675
80	-56	3733
80	-54	3730
80	-52	3701
80	-50	3734
80	-48	3747
80	-46	3664
80	-44	3749
80	-42	3703
80	-40	3659
80	-38	3672
80	-36	3821
80	-34	3763
80	-32	3838
80	-30	3723
80	-28	3711
80	-26	3734
80	-24	3742
80	-22	3761
80	-20	3733
80	-18	3743
80	-16	3689
80	-14	3714
80	-12	3697
80	-10	3769
80	-8	3709
80	-6	3742
80	-4	3754
80	-2	3782
80	0	3706
80	2	3725
80	4	3722
80	6	3731
80	8	3743
80	10	3789
80	12	3779
80	14	3786
80	16	3852
80	18	3702
80	20	3673
80	22	3817
80	24	3797
80	26	3823
80	28	3666
80	30	3558
80	32	3734
80	34	3800
80	36	3654
80	38	3680
80	40	3629
80	42	3694
80	44	3588
80	46	3570
80	48	3683
80	50	3581
80	52	3675
80	54	3698
80	56	3807
80	58	3717
80	60	3761
80	62	3753
80	64	3728
80	66	3663
80	68	3728
80	70	3751
80	72	3727
80	74	3728
80	76	3735
80	78	3706
80	80	3737
80	82	3779
80	84	3843
80	86	3708
80	88	3779
80	90	3763
80	92	3720
80	94	3625
80	96	3684
80	98	3656
84	-290	3776
84	-288	4086
84	-286	3923
84	-284	4000
84	-282	3689
84	-280	3693
84	-278	3788
84	-276	3821
84	-274	3697
84	-272	3695
84	-270	3774
84	-268	3666
84	-266	3732
84	-264	3659
84	-262	3641
84	-260	3796
84	-258	3863
84	-256	3750
84	-254	3780
84	-252	3891
84	-250	3955
84	-248	3733
84	-246	3750
84	-244	3813
84	-242	3862
84	-240	3888
84	-238	3948
84	-236	3765
84	-234	3920
84	-232	3960
84	-230	3807
84	-228	3893
84	-226	3797
84	-224	3876
84	-222	3862
84	-220	3775
84	-218	3997
84	-216	3906
84	-214	3934
84	-212	3944
84	-210	3885
84	-208	3863
84	-206	3946
84	-204	3924
84	-202	3839
84	-200	3925
84	-198	3873
84	-196	3938
84	-194	3876
84	-192	3776
84	-190	3791
84	-188	3790
84	-186	3761
84	-184	3735
84	-182	3837
84	-180	3931
84	-178	3875
84	-176	3873
84	-174	3845
84	-172	3865
84	-170	3890
84	-168	3764
84	-166	3606
84	-164	3792
84	-162	3766
84	-160	3800
84	-158	3868
84	-156	3987
84	-154	3914
84	-152	3919
84	-150	3833
84	-148	3838
84	-146	3892
84	-144	3869
84	-142	4009
84	-140	3971
84	-138	3801
84	-136	3833
84	-134	3853
84	-132	3671
84	-130	3746
84	-128	3740
84	-126	3674
84	-124	3706
84	-122	3646
84	-120	3642
84	-118	3600
84	-116	3677
84	-114	3643
84	-112	3624
84	-110	3667
84	-108	3558
84	-106	3627
84	-104	3657
84	-102	3760
84	-100	3786
84	-98	3733
84	-96	3686
84	-94	3626
84	-92	3758
84	-90	3806
84	-88	3820
84	-86	3752
84	-84	3756
84	-82	3718
84	-80	3637
84	-78	3784
84	-76	3774
84	-74	3742
84	-72	3702
84	-70	3756
84	-68	3693
84	-66	3682
84	-64	3564
84	-62	3635
84	-60	3751
84	-58	3647
84	-56	3732
84	-54	3758
84	-52	3734
84	-50	3794
84	-48	3689
84	-46	3634
84	-44	3766
84	-42	3667
84	-40	3688
84	-38	3701
84	-36	3734
84	-34	3689
84	-32	3684
84	-30	3758
84	-28	3664
84	-26	3731
84	-24	3761
84	-22	3794
84	-20	3768
84	-18	3815
84	-16	3895
84	-14	3865
84	-12	3785
84	-10	3778
84	-8	3843
84	-6	3748
84	-4	3950
84	-2	3829
84	0	3896
84	2	3707
84	4	3877
84	6	3885
84	8	3844
84	10	3823
84	12	3796
84	14	3720
84	16	3808
84	18	3745
84	20	3731
84	22	3592
84	24	3814
84	26	3745
84	28	3698
84	30	3555
84	32	3768
84	34	3755
84	36	3659
84	38	3680
84	40	3679
84	42	3672
84	44	3796
84	46	3695
84	48	3729
84	50	3648
84	52	3707
84	54	3683
84	56	3634
84	58	3819
84	60	3688
84	62	3705
84	64	3798
84	66	3768
84	68	3737
84	70	3830
84	72	3636
84	74	3784
84	76	3728
84	78	3690
84	80	3704
84	82	3874
84	84	3779
84	86	3646
84	88	3680
84	90	3662
84	92	3678
84	94	3700
84	96	3695
84	98	3729
88	-290	3649
88	-288	3614
88	-286	3772
88	-284	3926
88	-282	3718
88	-280	3614
88	-278	3675
88	-276	3730
88	-274	3610
88	-272	3725
88	-270	3860
88	-268	3792
88	-266	3741
88	-264	3671
88	-262	3634
88	-260	3596
88	-258	3600
88	-256	3792
88	-254	3517
88	-252	3737
88	-250	3724
88	-248	3801
88	-246	3757
88	-244	4127
88	-242	4109
88	-240	4005
88	-238	4118
88	-236	4165
88	-234	3965
88	-232	4137
88	-230	4022
88	-228	3944
88	-226	3900
88	-224	3972
88	-222	3933
88	-220	3918
88	-218	3801
88	-216	4007
88	-214	3954
88	-212	4016
88	-210	4087
88	-208	3973
88	-206	3853
88	-204	4117
88	-202	3931
88	-200	3954
88	-198	3940
88	-196	3993
88	-194	4037
88	-192	4038
88	-190	3952
88	-188	3970
88	-186	3888
88	-184	3870
88	-182	3795
88	-180	3879
88	-178	3923
88	-176	4003
88	-174	4044
88	-172	3930
88	-170	3952
88	-168	4018
88	-166	4019
88	-164	4069
88	-162	3979
88	-160	3906
88	-158	3905
88	-156	3835
88	-154	3833
88	-152	3782
88	-150	3739
88	-148	3912
88	-146	3714
88	-144	3787
88	-142	3860
88	-140	3782
88	-138	3560
88	-136	3659
88	-134	3733
88	-132	3770
88	-130	3809
88	-128	3740
88	-126	3744
88	-124	3885
88	-122	3800
88	-120	3756
88	-118	3635
88	-116	3700
88	-114	3772
88	-112	3660
88	-110	3637
88	-108	3593
88	-106	3749
88	-104	3675
88	-102	3673
88	-100	3633
88	-98	3609
88	-96	3675
88	-94	3623
88	-92	3666
88	-90	3784
88	-88	3632
88	-86	3795
88	-84	3759
88	-82	3643
88	-80	3569
88	-78	3721
88	-76	3768
88	-74	3794
88	-72	3728
88	-70	3664
88	-68	3761
88	-66	3762
88	-64	3763
88	-62	3730
88	-60	3750
88	-58	3757
88	-56	3750
88	-54	3710
88	-52	3718
88	-50	3705
88	-48	3755
88	-46	3661
88	-44	3733
88	-42	3592
88	-40	3653
88	-38	3789
88	-36	3604
88	-34	3587
88	-32	3556
88	-30	3623
88	-28	3707
88	-26	3781
88	-24	3696
88	-22	3543
88	-20	3725
88	-18	3648
88	-16	3706
88	-14	3664
88	-12	3765
88	-10	3705
88	-8	3764
88	-6	3687
88	-4	3753
88	-2	3738
88	0	3652
88	2	3742
88	4	3816
88	6	3901
88	8	3799
88	10	3760
88	12	3740
88	14	3762
88	16	3760
88	18	3809
88	20	3697
88	22	3575
88	24	3664
88	26	3675
88	28	3723
88	30	3627
88	32	3710
88	34	3675
88	36	3591
88	38	3572
88	40	3666
88	42	3692
88	44	3603
88	46	3560
88	48	3630
88	50	3737
88	52	3622
88	54	3632
88	56	3719
88	58	3729
88	60	3664
88	62	3691
88	64	3666
88	66	3635
88	68	3680
88	70	3688
88	72	3759
88	74	3677
88	76	3770
88	78	3741
88	80	3778
88	82	3689
88	84	3915
88	86	3885
88	88	3805
88	90	3817
88	92	3850
88	94	3911
88	96	3956
88	98	3859
92	-290	3333
92	-288	3524
92	-286	3528
92	-284	3413
92	-282	3404
92	-280	3375
92	-278	3385
92	-276	3593
92	-274	3670
92	-272	3896
92	-270	3843
92	-268	3737
92	-266	3709
92	-264	3622
92	-262	3629
92	-260	3588
92	-258	3804
92	-256	3723
92	-254	3719
92	-252	3661
92	-250	3717
92	-248	3963
92	-246	3984
92	-244	3906
92	-242	3926
92	-240	4006
92	-238	4060
92	-236	4113
92	-234	4097
92	-232	4038
92	-230	4067
92	-228	4058
92	-226	4044
92	-224	3923
92	-222	3912
92	-220	4070
92	-218	3908
92	-216	3969
92	-214	3796
92	-212	3958
92	-210	4051
92	-208	4074
92	-206	3931
92	-204	4020
92	-202	4044
92	-200	4014
92	-198	4031
92	-196	4022
92	-194	4103
92	-192	3940
92	-190	3892
92	-188	3926
92	-186	3740
92	-184	3746
92	-182	3789
92	-180	3630
92	-178	3708
92	-176	3626
92	-174	3668
92	-172	3580
92	-170	3566
92	-168	3523
92	-166	3626
92	-164	3557
92	-162	3519
92	-160	3440
92	-158	3577
92	-156	3757
92	-154	3459
92	-152	3605
92	-150	3545
92	-148	3539
92	-146	3403
92	-144	3453
92	-142	3495
92	-140	3491
92	-138	3513
92	-136	3563
92	-134	3309
92	-132	3415
92	-130	3484
92	-128	3394
92	-126	3558
92	-124	3520
92	-122	3605
92	-120	3633
92	-118	3590
92	-116	3543
92	-114	3701
92	-112	3674
92	-110	3660
92	-108	3643
92	-106	3635
92	-104	3672
92	-102	3674
92	-100	3630
92	-98	3651
92	-96	3707
92	-94	3703
92	-92	3696
92	-90	3783
92	-88	3736
92	-86	3689
92	-84	3650
92	-82	3607
92	-80	3702
92	-78	3563
92	-76	3688
92	-74	3507
92	-72	3542
92	-70	3430
92	-68	3549
92	-66	3521
92	-64	3675
92	-62	3544
92	-60	3618
92	-58	3610
92	-56	3529
92	-54	3637
92	-52	3595
92	-50	3645
92	-48	3668
92	-46	3635
92	-44	3562
92	-42	3667
92	-40	3643
92	-38	3718
92	-36	3620
92	-34	3631
92	-32	3666
92	-30	3678
92	-28	3751
92	-26	3719
92	-24	3685
92	-22	3588
92	-20	3717
92	-18	3696
92	-16	3662
92	-14	3595
92	-12	3645
92	-10	3614
92	-8	3635
92	-6	3680
92	-4	3786
92	-2	3757
92	0	3672
92	2	3755
92	4	3637
92	6	3668
92	8	3579
92	10	3737
92	12	3725
92	14	3697
92	16	3723
92	18	3651
92	20	3675
92	22	3638
92	24	3828
92	26	3718
92	28	3696
92	30	3763
92	32	3715
92	34	3670
92	36	3689
92	38	3695
92	40	3694
92	42	3641
92	44	3735
92	46	3658
92	48	3593
92	50	3648
92	52	3651
92	54	3677
92	56	3602
92	58	3687
92	60	3720
92	62	3761
92	64	3726
92	66	3762
92	68	3722
92	70	3746
92	72	3672
92	74	3642
92	76	3761
92	78	3695
92	80	3797
92	82	3794
92	84	3860
92	86	3777
92	88	3813
92	90	3847
92	92	3888
92	94	3838
92	96	3707
92	98	3706
96	-290	3609
96	-288	3752
96	-286	3998
96	-284	3809
96	-282	3919
96	-280	4021
96	-278	3843
96	-276	3853
96	-274	3977
96	-272	3955
96	-270	4077
96	-268	4058
96	-266	3734
96	-264	3946
96	-262	4005
96	-260	3791
96	-258	3887
96	-256	4023
96	-254	3937
96	-252	3842
96	-250	3932
96	-248	3891
96	-246	3899
96	-244	3903
96	-242	3850
96	-240	3967
96	-238	3840
96	-236	3863
96	-234	3805
96	-232	3723
96	-230	3797
96	-228	3866
96	-226	3851
96	-224	3849
96	-222	3959
96	-220	4112
96	-218	3875
96	-216	3881
96	-214	3777
96	-212	3661
96	-210	3789
96	-208	3940
96	-206	3735
96	-204	3675
96	-202	3640
96	-200	3737
96	-198	3749
96	-196	3707
96	-194	3828
96	-192	3894
96	-190	3673
96	-188	3570
96	-186	3635
96	-184	3493
96	-182	3559
96	-180	3554
96	-178	3639
96	-176	3570
96	-174	3659
96	-172	3623
96	-170	3578
96	-168	3635
96	-166	3629
96	-164	3778
96	-162	3720
96	-160	3859
96	-158	3916
96	-156	3813
96	-154	3814
96	-152	3852
96	-150	3779
96	-148	3782
96	-146	3890
96	-144	4000
96	-142	3805
96	-140	3951
96	-138	3710
96	-136	3811
96	-134	3827
96	-132	3879
96	-130	3845
96	-128	3887
96	-126	3779
96	-124	3761
96	-122	3862
96	-120	3767
96	-118	3810
96	-116	3905
96	-114	3810
96	-112	3835
96	-110	3849
96	-108	3876
96	-106	3826
96	-104	3912
96	-102	3818
96	-100	3737
96	-98	3754
96	-96	3656
96	-94	3690
96	-92	3552
96	-90	3736
96	-88	3686
96	-86	3570
96	-84	3783
96	-82	3765
96	-80	3835
96	-78	3856
96	-76	3692
96	-74	3715
96	-72	3658
96	-70	3678
96	-68	3732
96	-66	3613
96	-64	3654
96	-62	3661
96	-60	3796
96	-58	3775
96	-56	3676
96	-54	3730
96	-52	3716
96	-50	3784
96	-48	3832
96	-46	3816
96	-44	3802
96	-42	3963
96	-40	3890
96	-38	3809
96	-36	3843
96	-34	3767
96	-32	3837
96	-30	3928
96	-28	3816
96	-26	3723
96	-24	3813
96	-22	3812
96	-20	3757
96	-18	3798
96	-16	3666
96	-14	3635
96	-12	3757
96	-10	3728
96	-8	3788
96	-6	3744
96	-4	3650
96	-2	3647
96	0	3675
96	2	3846
96	4	3960
96	6	3705
96	8	3799
96	10	3742
96	12	3641
96	14	3690
96	16	3849
96	18	3822
96	20	3924
96	22	3792
96	24	3668
96	26	3771
96	28	3802
96	30	3837
96	32	3838
96	34	3792
96	36	3799
96	38	3796
96	40	3812
96	42	3834
96	44	3833
96	46	3779
96	48	3778
96	50	3799
96	52	3828
96	54	3834
96	56	3901
96	58	3893
96	60	3861
96	62	3847
96	64	3872
96	66	3861
96	68	3762
96	70	3709
96	72	3786
96	74	3765
96	76	3954
96	78	3935
96	80	3880
96	82	3766
96	84	3783
96	86	3859
96	88	3872
96	90	3886
96	92	3886
96	94	3904
96	96	3896
96	98	3829
100	-290	4023
100	-288	4047
100	-286	4204
100	-284	3950
100	-282	3984
100	-280	4099
100	-278	4061
100	-276	4115
100	-274	4082
100	-272	4003
100	-270	3810
100	-268	3872
100	-266	3930
100	-264	4174
100	-262	3992
100	-260	4085
100	-258	3916
100	-256	3876
100	-254	3885
100	-252	3803
100	-250	3864
100	-248	4052
100	-246	4028
100	-244	3861
100	-242	4130
100	-240	3942
100	-238	3862
100	-236	3945
100	-234	3804
100	-232	3880
100	-230	3794
100	-228	3750
100	-226	3710
100	-224	3760
100	-222	3726
100	-220	3982
100	-218	3775
100	-216	3732
100	-214	3676
100	-212	3755
100	-210	3435
100	-208	3660
100	-206	3600
100	-204	3734
100	-202	3839
100	-200	3860
100	-198	3947
100	-196	3952
100	-194	3727
100	-192	3762
100	-190	3668
100	-188	3811
100	-186	3877
100	-184	3669
100	-182	3635
100	-180	3769
100	-178	3740
100	-176	3598
100	-174	3613
100	-172	3615
100	-170	3778
100	-168	3738
100	-166	3761
100	-164	3574
100	-162	3709
100	-160	3710
100	-158	3736
100	-156	3689
100	-154	3644
100	-152	3610
100	-150	3682
100	-148	3598
100	-146	3662
100	-144	3764
100	-142	3730
100	-140	3692
100	-138	3547
100	-136	3643
100	-134	3767
100	-132	3668
100	-130	3748
100	-128	3872
100	-126	3680
100	-124	3785
100	-122	3759
100	-120	3624
100	-118	3657
100	-116	3589
100	-114	3665
100	-112	3667
100	-110	3735
100	-108	3554
100	-106	3368
100	-104	3534
100	-102	3519
100	-100	3578
100	-98	3616
100	-96	3655
100	-94	3588
100	-92	3719
100	-90	3630
100	-88	3692
100	-86	3805
100	-84	3787
100	-82	3773
100	-80	3669
100	-78	3794
100	-76	3809
100	-74	3756
100	-72	3611
100	-70	3649
100	-68	3814
100	-66	3618
100	-64	3936
100	-62	3628
100	-60	3747
100	-58	3851
100	-56	3842
100	-54	3856
100	-52	3879
100	-50	3807
100	-48	3862
100	-46	3854
100	-44	4000
100	-42	3978
100	-40	3925
100	-38	3798
100	-36	3796
100	-34	3901
100	-32	3715
100	-30	3736
100	-28	3831
100	-26	4011
100	-24	3948
100	-22	3950
100	-20	4020
100	-18	3902
100	-16	3954
100	-14	3919
100	-12	3888
100	-10	3877
100	-8	3755
100	-6	4116
100	-4	3842
100	-2	3870
100	0	3846
100	2	3688
100	4	3684
100	6	3760
100	8	3934
100	10	3863
100	12	3775
100	14	3794
100	16	3743
100	18	3947
100	20	3804
100	22	3815
100	24	3900
100	26	3855
100	28	3885
100	30	3745
100	32	3672
100	34	3971
100	36	3727
100	38	3729
100	40	3895
100	42	3615
100	44	3681
100	46	3823
100	48	3672
100	50	3651
100	52	3707
100	54	3482
100	56	3670
100	58	3544
100	60	3622
100	62	3715
100	64	3726
100	66	3717
100	68	3714
100	70	3841
100	72	3748
100	74	3724
100	76	3684
100	78	3742
100	80	3640
100	82	3711
100	84	3670
100	86	3725
100	88	3784
100	90	3612
100	92	3587
100	94	3769
100	96	3650
100	98	3701
104	-290	3945
104	-288	3632
104	-286	4049
104	-284	4006
104	-282	4138
104	-280	4162
104	-278	4011
104	-276	4027
104	-274	3939
104	-272	3996
104	-270	4030
104	-268	4176
104	-266	4082
104	-264	4052
104	-262	4057
104	-260	3941
104	-258	3995
104	-256	3795
104	-254	3853
104	-252	3846
104	-250	4030
104	-248	4047
104	-246	4118
104	-244	4027
104	-242	3995
104	-240	3899
104	-238	4043
104	-236	3973
104	-234	3909
104	-232	3794
104	-230	3660
104	-228	3554
104	-226	3929
104	-224	4078
104	-222	3892
104	-220	4136
104	-218	4052
104	-216	4133
104	-214	4192
104	-212	4287
104	-210	4132
104	-208	4156
104	-206	4091
104	-204	3959
104	-202	4227
104	-200	4262
104	-198	4033
104	-196	3999
104	-194	3844
104	-192	3793
104	-190	4062
104	-188	3835
104	-186	3889
104	-184	3822
104	-182	3599
104	-180	3961
104	-178	3930
104	-176	3771
104	-174	3883
104	-172	3866
104	-170	3746
104	-168	3682
104	-166	3622
104	-164	3706
104	-162	3721
104	-160	3774
104	-158	3729
104	-156	3858
104	-154	3901
104	-152	3851
104	-150	3822
104	-148	4026
104	-146	3878
104	-144	3855
104	-142	4144
104	-140	4196
104	-138	3900
104	-136	4104
104	-134	4087
104	-132	4043
104	-130	4223
104	-128	4135
104	-126	4171
104	-124	4059
104	-122	4133
104	-120	4023
104	-118	4072
104	-116	4033
104	-114	4129
104	-112	4080
104	-110	4200
104	-108	4070
104	-106	4042
104	-104	4250
104	-102	4126
104	-100	4030
104	-98	3857
104	-96	3925
104	-94	3944
104	-92	3751
104	-90	3724
104	-88	3870
104	-86	3845
104	-84	3905
104	-82	3947
104	-80	3812
104	-78	3838
104	-76	3851
104	-74	3880
104	-72	3929
104	-70	3816
104	-68	3962
104	-66	3817
104	-64	3825
104	-62	3677
104	-60	3840
104	-58	3805
104	-56	3807
104	-54	3788
104	-52	3859
104	-50	3947
104	-48	3888
104	-46	3732
104	-44	3651
104	-42	3894
104	-40	3949
104	-38	3778
104	-36	3945
104	-34	3787
104	-32	3920
104	-30	3920
104	-28	3823
104	-26	3968
104	-24	3897
104	-22	3973
104	-20	3740
104	-18	3725
104	-16	3789
104	-14	3916
104	-12	3843
104	-10	3927
104	-8	3892
104	-6	3786
104	-4	3842
104	-2	3765
104	0	3960
104	2	3798
104	4	3881
104	6	3827
104	8	3680
104	10	3900
104	12	3855
104	14	3942
104	16	3862
104	18	3797
104	20	4016
104	22	3839
104	24	3948
104	26	3833
104	28	3725
104	30	3794
104	32	3869
104	34	3827
104	36	3789
104	38	3739
104	40	3940
104	42	3733
104	44	3898
104	46	3785
104	48	3815
104	50	3701
104	52	3926
104	54	3841
104	56	3712
104	58	3790
104	60	3848
104	62	3786
104	64	3709
104	66	3705
104	68	3607
104	70	3760
104	72	3848
104	74	3927
104	76	3710
104	78	3664
104	80	3718
104	82	3883
104	84	3691
104	86	3847
104	88	3572
104	90	3804
104	92	3859
104	94	3650
104	96	3772
104	98	3870
108	-290	4102
108	-288	3986
108	-286	3974
108	-284	3852
108	-282	4051
108	-280	3985
108	-278	4038
108	-276	4110
108	-274	4166
108	-272	4265
108	-270	4153
108	-268	4076
108	-266	4223
108	-264	4288
108	-262	4145
108	-260	4160
108	-258	4083
108	-256	4343
108	-254	4004
108	-252	3952
108	-250	3934
108	-248	4097
108	-246	4117
108	-244	4183
108	-242	4010
108	-240	4113
108	-238	4065
108	-236	4033
108	-234	4045
108	-232	3971
108	-230	4144
108	-228	4156
108	-226	4252
108	-224	4084
108	-222	4111
108	-220	3997
108	-218	3810
108	-216	3938
108	-214	4095
108	-212	4118
108	-210	3986
108	-208	4025
108	-206	4216
108	-204	4229
108	-202	4063
108	-200	4192
108	-198	4289
108	-196	4197
108	-194	4239
108	-192	4185
108	-190	4054
108	-188	4150
108	-186	4035
108	-184	4000
108	-182	4112
108	-180	4086
108	-178	4056
108	-176	4172
108	-174	4291
108	-172	4338
108	-170	4132
108	-168	4199
108	-166	4280
108	-164	4304
108	-162	4272
108	-160	4248
108	-158	4253
108	-156	4233
108	-154	4342
108	-152	3939
108	-150	4074
108	-148	4072
108	-146	4010
108	-144	3938
108	-142	4114
108	-140	3988
108	-138	4080
108	-136	4071
108	-134	3976
108	-132	4047
108	-130	3876
108	-128	3993
108	-126	3832
108	-124	4028
108	-122	3948
108	-120	3998
108	-118	4080
108	-116	4097
108	-114	3870
108	-112	3977
108	-110	4042
108	-108	3911
108	-106	3879
108	-104	3896
108	-102	4013
108	-100	3909
108	-98	3755
108	-96	3918
108	-94	3945
108	-92	4055
108	-90	4045
108	-88	3866
108	-86	4068
108	-84	3990
108	-82	4160
108	-80	3954
108	-78	4056
108	-76	3933
108	-74	4064
108	-72	4142
108	-70	4009
108	-68	4060
108	-66	4055
108	-64	4281
108	-62	4173
108	-60	4100
108	-58	3913
108	-56	3988
108	-54	4040
108	-52	4029
108	-50	4035
108	-48	4122
108	-46	4079
108	-44	4044
108	-42	4255
108	-40	4058
108	-38	4189
108	-36	4205
108	-34	4017
108	-32	4101
108	-30	4209
108	-28	4079
108	-26	3978
108	-24	4115
108	-22	4194
108	-20	4138
108	-18	4219
108	-16	4243
108	-14	4047
108	-12	4075
108	-10	4042
108	-8	4161
108	-6	4167
108	-4	4075
108	-2	4020
108	0	4155
108	2	4004
108	4	4143
108	6	4336
108	8	4332
108	10	4281
108	12	4152
108	14	4318
108	16	4031
108	18	4300
108	20	4262
108	22	4098
108	24	4078
108	26	3946
108	28	4174
108	30	4110
108	32	4154
108	34	4028
108	36	3806
108	38	4034
108	40	4039
108	42	4083
108	44	4088
108	46	4008
108	48	3963
108	50	4067
108	52	3876
108	54	4114
108	56	4102
108	58	4266
108	60	4032
108	62	4219
108	64	4011
108	66	4289
108	68	4112
108	70	4060
108	72	4211
108	74	4113
108	76	4067
108	78	4156
108	80	4075
108	82	4167
108	84	4104
108	86	4250
108	88	4191
108	90	4214
108	92	4063
108	94	3882
108	96	4143
108	98	4035
112	-290	4142
112	-288	4363
112	-286	4285
112	-284	4425
112	-282	4338
112	-280	4176
112	-278	4073
112	-276	4059
112	-274	4045
112	-272	3913
112	-270	4096
112	-268	4048
112	-266	4162
112	-264	4128
112	-262	4152
112	-260	3910
112	-258	3874
112	-256	3860
112	-254	3942
112	-252	4070
112	-250	4006
112	-248	3938
112	-246	3952
112	-244	3998
112	-242	3951
112	-240	4100
112	-238	3895
112	-236	4131
112	-234	4128
112	-232	4039
112	-230	4106
112	-228	4096
112	-226	4035
112	-224	4030
112	-222	4149
112	-220	4158
112	-218	4412
112	-216	4396
112	-214	4267
112	-212	4430
112	-210	4368
112	-208	4418
112	-206	4244
112	-204	4453
112	-202	4174
112	-200	4309
112	-198	4577
112	-196	4310
112	-194	4197
112	-192	4001
112	-190	3737
112	-188	4160
112	-186	4123
112	-184	4142
112	-182	4347
112	-180	4182
112	-178	4229
112	-176	4269
112	-174	3924
112	-172	4109
112	-170	4085
112	-168	4264
112	-166	3849
112	-164	3942
112	-162	3936
112	-160	4101
112	-158	4068
112	-156	4144
112	-154	4169
112	-152	4225
112	-150	4059
112	-148	4010
112	-146	4032
112	-144	4039
112	-142	4202
112	-140	3958
112	-138	4064
112	-136	4118
112	-134	4044
112	-132	3908
112	-130	4089
112	-128	3932
112	-126	4066
112	-124	3955
112	-122	3713
112	-120	3921
112	-118	3964
112	-116	4035
112	-114	3904
112	-112	3888
112	-110	3766
112	-108	3796
112	-106	3943
112	-104	3882
112	-102	3961
112	-100	3811
112	-98	3697
112	-96	3740
112	-94	3762
112	-92	3882
112	-90	3720
112	-88	3715
112	-86	3760
112	-84	3756
112	-82	3850
112	-80	3729
112	-78	3788
112	-76	3896
112	-74	3624
112	-72	3527
112	-70	3769
112	-68	3896
112	-66	3584
112	-64	3627
112	-62	3655
112	-60	3471
112	-58	3585
112	-56	3594
112	-54	3537
112	-52	3512
112	-50	3539
112	-48	3615
112	-46	3536
112	-44	3442
112	-42	3337
112	-40	3476
112	-38	3724
112	-36	3625
112	-34	3787
112	-32	3777
112	-30	3573
112	-28	3700
112	-26	3674
112	-24	3711
112	-22	3568
112	-20	3526
112	-18	3744
112	-16	3690
112	-14	3598
112	-12	3373
112	-10	3338
112	-8	3479
112	-6	3610
112	-4	3525
112	-2	3570
112	0	3556
112	2	3613
112	4	3719
112	6	3538
112	8	3597
112	10	3726
112	12	3692
112	14	3510
112	16	3429
112	18	3578
112	20	3588
112	22	3247
112	24	3340
112	26	3298
112	28	3392
112	30	3271
112	32	3285
112	34	3505
112	36	3382
112	38	3545
112	40	3392
112	42	3452
112	44	3491
112	46	3586
112	48	3449
112	50	3439
112	52	3506
112	54	3539
112	56	3380
112	58	3590
112	60	3399
112	62	3367
112	64	3426
112	66	3455
112	68	3594
112	70	3557
112	72	3566
112	74	3562
112	76	3375
112	78	3487
112	80	3515
112	82	3348
112	84	3630
112	86	3502
112	88	3520
112	90	3369
112	92	3469
112	94	3374
112	96	3285
112	98	3242
116	-290	4716
116	-288	4876
116	-286	4820
116	-284	4926
116	-282	4965
116	-280	4747
116	-278	4476
116	-276	4384
116	-274	4197
116	-272	4588
116	-270	4541
116	-268	4732
116	-266	4445
116	-264	4400
116	-262	4713
116	-260	4571
116	-258	4266
116	-256	4348
116	-254	4171
116	-252	4482
116	-250	4057
116	-248	4243
116	-246	4056
116	-244	4252
116	-242	4336
116	-240	4268
116	-238	4410
116	-236	4437
116	-234	4305
116	-232	4246
116	-230	4319
116	-228	4551
116	-226	4455
116	-224	4383
116	-222	4447
116	-220	4464
116	-218	4293
116	-216	4263
116	-214	4427
116	-212	4269
116	-210	4440
116	-208	4545
116	-206	4349
116	-204	4271
116	-202	4261
116	-200	4495
116	-198	4399
116	-196	4368
116	-194	4312
116	-192	4366
116	-190	4166
116	-188	4076
116	-186	4304
116	-184	4489
116	-182	4232
116	-180	4181
116	-178	4220
116	-176	4068
116	-174	4294
116	-172	4229
116	-170	4399
116	-168	4246
116	-166	4335
116	-164	4192
116	-162	4071
116	-160	4223
116	-158	3903
116	-156	3887
116	-154	4094
116	-152	4106
116	-150	4177
116	-148	4047
116	-146	4137
116	-144	4038
116	-142	4017
116	-140	4184
116	-138	3853
116	-136	4029
116	-134	3915
116	-132	3965
116	-130	3949
116	-128	4091
116	-126	3926
116	-124	4374
116	-122	4212
116	-120	4084
116	-118	4282
116	-116	4037
116	-114	3999
116	-112	4178
116	-110	4340
116	-108	4189
116	-106	4064
116	-104	4105
116	-102	4272
116	-100	3966
116	-98	4144
116	-96	4029
116	-94	4276
116	-92	4119
116	-90	4155
116	-88	4029
116	-86	4133
116	-84	4331
116	-82	4167
116	-80	4138
116	-78	4162
116	-76	4309
116	-74	4103
116	-72	4210
116	-70	4093
116	-68	4129
116	-66	4128
116	-64	4029
116	-62	4383
116	-60	4045
116	-58	4109
116	-56	4071
116	-54	3933
116	-52	3934
116	-50	4256
116	-48	4078
116	-46	4044
116	-44	3894
116	-42	3761
116	-40	3840
116	-38	4023
116	-36	4071
116	-34	4080
116	-32	4192
116	-30	4136
116	-28	4046
116	-26	3890
116	-24	4200
116	-22	4113
116	-20	4154
116	-18	4202
116	-16	4219
116	-14	4049
116	-12	4052
116	-10	4096
116	-8	4032
116	-6	4045
116	-4	4206
116	-2	4116
116	0	4159
116	2	4147
116	4	4243
116	6	4299
116	8	4406
116	10	4182
116	12	4179
116	14	4154
116	16	4243
116	18	3997
116	20	4064
116	22	4316
116	24	4071
116	26	4310
116	28	4245
116	30	4251
116	32	4435
116	34	4247
116	36	4093
116	38	4386
116	40	4280
116	42	4374
116	44	4342
116	46	4351
116	48	4284
116	50	4248
116	52	4199
116	54	4633
116	56	4279
116	58	4351
116	60	4377
116	62	4467
116	64	4407
116	66	4297
116	68	4490
116	70	4390
116	72	4311
116	74	4347
116	76	4329
116	78	4489
116	80	4219
116	82	4422
116	84	4350
116	86	4478
116	88	4456
116	90	4504
116	92	4489
116	94	4433
116	96	4581
116	98	4497
120	-290	3798
120	-288	3486
120	-286	3941
120	-284	3525
120	-282	3584
120	-280	3517
120	-278	3629
120	-276	3797
120	-274	3879
120	-272	3875
120	-270	3889
120	-268	3936
120	-266	4180
120	-264	3997
120	-262	4104
120	-260	4142
120	-258	4277
120	-256	4513
120	-254	4153
120	-252	3899
120	-250	3784
120	-248	3697
120	-246	3928
120	-244	4033
120	-242	3792
120	-240	3929
120	-238	4140
120	-236	3841
120	-234	3991
120	-232	3958
120	-230	4300
120	-228	3808
120	-226	3812
120	-224	4079
120	-222	4083
120	-220	3449
120	-218	3690
120	-216	4063
120	-214	4112
120	-212	4105
120	-210	4198
120	-208	4082
120	-206	3984
120	-204	3998
120	-202	4109
120	-200	3857
120	-198	3972
120	-196	4037
120	-194	3949
120	-192	3853
120	-190	3921
120	-188	3637
120	-186	3713
120	-184	3751
120	-182	3727
120	-180	3616
120	-178	3761
120	-176	4038
120	-174	4000
120	-172	3977
120	-170	3847
120	-168	3930
120	-166	3922
120	-164	3882
120	-162	3748
120	-160	3825
120	-158	3855
120	-156	3858
120	-154	4061
120	-152	3847
120	-150	4091
120	-148	3813
120	-146	3975
120	-144	3898
120	-142	4183
120	-140	4144
120	-138	4016
120	-136	4274
120	-134	4060
120	-132	3969
120	-130	4021
120	-128	3987
120	-126	4005
120	-124	3902
120	-122	4128
120	-120	4046
120	-118	4112
120	-116	3977
120	-114	3975
120	-112	4256
120	-110	4233
120	-108	4281
120	-106	4292
120	-104	3983
120	-102	3977
120	-100	3911
120	-98	4149
120	-96	4059
120	-94	4245
120	-92	4235
120	-90	4012
120	-88	4314
120	-86	4146
120	-84	3982
120	-82	4208
120	-80	4079
120	-78	4071
120	-76	4461
120	-74	4031
120	-72	4277
120	-70	4228
120	-68	4401
120	-66	4192
120	-64	4091
120	-62	4207
120	-60	4033
120	-58	4124
120	-56	4064
120	-54	4400
120	-52	3976
120	-50	4483
120	-48	4229
120	-46	4061
120	-44	4111
120	-42	3989
120	-40	4036
120	-38	4132
120	-36	3918
120	-34	3861
120	-32	4174
120	-30	3783
120	-28	3923
120	-26	3816
120	-24	4048
120	-22	4002
120	-20	4405
120	-18	4232
120	-16	4120
120	-14	4016
120	-12	4265
120	-10	4252
120	-8	4125
120	-6	4333
120	-4	4281
120	-2	4213
120	0	4550
120	2	4568
120	4	4484
120	6	4417
120	8	4441
120	10	4206
120	12	4147
120	14	4498
120	16	4553
120	18	4441
120	20	4364
120	22	4437
120	24	4508
120	26	4291
120	28	4221
120	30	4721
120	32	4441
120	34	4521
120	36	4731
120	38	4440
120	40	4617
120	42	4634
120	44	4758
120	46	4654
120	48	4885
120	50	4684
120	52	4782
120	54	4643
120	56	4512
120	58	4788
120	60	4862
120	62	4704
120	64	4796
120	66	4864
120	68	4654
120	70	4938
120	72	4580
120	74	4765
120	76	4792
120	78	4732
120	80	4790
120	82	4787
120	84	4881
120	86	4675
120	88	4489
120	90	4671
120	92	4604
120	94	4602
120	96	4581
120	98	4615
