64	-290	2550
64	-288	2505
64	-286	2522
64	-284	2550
64	-282	2521
64	-280	2485
64	-278	2482
64	-276	2327
64	-274	2347
64	-272	2355
64	-270	2400
64	-268	2402
64	-266	2408
64	-264	2330
64	-262	2338
64	-260	2279
64	-258	2366
64	-256	2369
64	-254	2381
64	-252	2330
64	-250	2280
64	-248	2350
64	-246	2334
64	-244	2287
64	-242	2272
64	-240	2233
64	-238	2135
64	-236	2167
64	-234	2163
64	-232	2156
64	-230	2147
64	-228	2154
64	-226	2164
64	-224	2198
64	-222	2142
64	-220	2172
64	-218	2188
64	-216	2196
64	-214	2206
64	-212	2201
64	-210	2234
64	-208	2158
64	-206	2170
64	-204	2123
64	-202	2148
64	-200	2160
64	-198	2179
64	-196	2177
64	-194	2196
64	-192	2185
64	-190	2201
64	-188	2199
64	-186	2209
64	-184	2197
64	-182	2199
64	-180	2185
64	-178	2192
64	-176	2218
64	-174	2205
64	-172	2214
64	-170	2253
64	-168	2245
64	-166	2212
64	-164	2225
64	-162	2201
64	-160	2182
64	-158	2179
64	-156	2188
64	-154	2182
64	-152	2191
64	-150	2207
64	-148	2202
64	-146	2198
64	-144	2209
64	-142	2208
64	-140	2239
64	-138	2228
64	-136	2188
64	-134	2167
64	-132	2191
64	-130	2209
64	-128	2214
64	-126	2201
64	-124	2195
64	-122	2170
64	-120	2189
64	-118	2195
64	-116	2169
64	-114	2197
64	-112	2201
64	-110	2201
64	-108	2180
64	-106	2200
64	-104	2215
64	-102	2205
64	-100	2189
64	-98	2210
64	-96	2201
64	-94	2227
64	-92	2220
64	-90	2197
64	-88	2224
64	-86	2203
64	-84	2192
64	-82	2189
64	-80	2197
64	-78	2192
64	-76	2194
64	-74	2194
64	-72	2194
64	-70	2199
64	-68	2199
64	-66	2178
64	-64	2190
64	-62	2202
64	-60	2178
64	-58	2165
64	-56	2186
64	-54	2178
64	-52	2166
64	-50	2180
64	-48	2174
64	-46	2184
64	-44	2190
64	-42	2182
64	-40	2184
64	-38	2172
64	-36	2184
64	-34	2179
64	-32	2199
64	-30	2185
64	-28	2209
64	-26	2203
64	-24	2190
64	-22	2185
64	-20	2188
64	-18	2203
64	-16	2194
64	-14	2193
64	-12	2197
64	-10	2202
64	-8	2189
64	-6	2196
64	-4	2208
64	-2	2198
64	0	2183
64	2	2188
64	4	2194
64	6	2195
64	8	2174
64	10	2187
64	12	2182
64	14	2193
64	16	2189
64	18	2159
64	20	2156
64	22	2152
64	24	2177
64	26	2172
64	28	2171
64	30	2172
64	32	2172
64	34	2161
64	36	2178
64	38	2169
64	40	2195
64	42	2182
64	44	2213
64	46	2193
64	48	2193
64	50	2200
64	52	2205
64	54	2209
64	56	2199
64	58	2193
64	60	2201
64	62	2194
64	64	2198
64	66	2180
64	68	2187
64	70	2186
64	72	2183
64	74	2190
64	76	2182
64	78	2192
64	80	2209
64	82	2207
64	84	2200
64	86	2222
64	88	2216
64	90	2223
64	92	2221
64	94	2226
64	96	2194
64	98	2191
68	-290	2672
68	-288	2663
68	-286	2619
68	-284	2566
68	-282	2580
68	-280	2555
68	-278	2603
68	-276	2517
68	-274	2466
68	-272	2460
68	-270	2461
68	-268	2453
68	-266	2422
68	-264	2451
68	-262	2441
68	-260	2417
68	-258	2363
68	-256	2323
68	-254	2288
68	-252	2277
68	-250	2276
68	-248	2290
68	-246	2219
68	-244	2248
68	-242	2255
68	-240	2186
68	-238	2165
68	-236	2188
68	-234	2147
68	-232	2220
68	-230	2190
68	-228	2244
68	-226	2218
68	-224	2242
68	-222	2250
68	-220	2212
68	-218	2209
68	-216	2210
68	-214	2200
68	-212	2197
68	-210	2136
68	-208	2189
68	-206	2135
68	-204	2129
68	-202	2181
68	-200	2159
68	-198	2119
68	-196	2170
68	-194	2169
68	-192	2166
68	-190	2210
68	-188	2178
68	-186	2141
68	-184	2127
68	-182	2136
68	-180	2157
68	-178	2145
68	-176	2170
68	-174	2189
68	-172	2200
68	-170	2189
68	-168	2191
68	-166	2181
68	-164	2142
68	-162	2159
68	-160	2146
68	-158	2173
68	-156	2173
68	-154	2181
68	-152	2160
68	-150	2186
68	-148	2200
68	-146	2177
68	-144	2198
68	-142	2216
68	-140	2229
68	-138	2218
68	-136	2212
68	-134	2218
68	-132	2201
68	-130	2239
68	-128	2243
68	-126	2253
68	-124	2225
68	-122	2233
68	-120	2213
68	-118	2214
68	-116	2207
68	-114	2222
68	-112	2187
68	-110	2195
68	-108	2204
68	-106	2196
68	-104	2192
68	-102	2207
68	-100	2208
68	-98	2208
68	-96	2197
68	-94	2211
68	-92	2189
68	-90	2182
68	-88	2202
68	-86	2192
68	-84	2184
68	-82	2197
68	-80	2177
68	-78	2180
68	-76	2211
68	-74	2222
68	-72	2207
68	-70	2203
68	-68	2210
68	-66	2176
68	-64	2216
68	-62	2186
68	-60	2175
68	-58	2178
68	-56	2202
68	-54	2171
68	-52	2184
68	-50	2186
68	-48	2193
68	-46	2170
68	-44	2213
68	-42	2188
68	-40	2196
68	-38	2201
68	-36	2179
68	-34	2179
68	-32	2195
68	-30	2197
68	-28	2192
68	-26	2210
68	-24	2190
68	-22	2195
68	-20	2224
68	-18	2214
68	-16	2209
68	-14	2205
68	-12	2194
68	-10	2219
68	-8	2216
68	-6	2189
68	-4	2196
68	-2	2205
68	0	2204
68	2	2213
68	4	2179
68	6	2166
68	8	2168
68	10	2185
68	12	2202
68	14	2202
68	16	2198
68	18	2199
68	20	2182
68	22	2158
68	24	2157
68	26	2155
68	28	2168
68	30	2158
68	32	2177
68	34	2175
68	36	2170
68	38	2197
68	40	2177
68	42	2184
68	44	2181
68	46	2201
68	48	2185
68	50	2202
68	52	2211
68	54	2190
68	56	2187
68	58	2172
68	60	2176
68	62	2203
68	64	2187
68	66	2188
68	68	2190
68	70	2188
68	72	2181
68	74	2192
68	76	2171
68	78	2187
68	80	2175
68	82	2168
68	84	2209
68	86	2188
68	88	2181
68	90	2172
68	92	2203
68	94	2223
68	96	2180
68	98	2201
72	-290	2769
72	-288	2613
72	-286	2498
72	-284	2511
72	-282	2528
72	-280	2489
72	-278	2497
72	-276	2485
72	-274	2483
72	-272	2504
72	-270	2506
72	-268	2461
72	-266	2430
72	-264	2437
72	-262	2404
72	-260	2435
72	-258	2450
72	-256	2364
72	-254	2380
72	-252	2387
72	-250	2414
72	-248	2386
72	-246	2269
72	-244	2296
72	-242	2241
72	-240	2215
72	-238	2174
72	-236	2130
72	-234	2149
72	-232	2169
72	-230	2192
72	-228	2163
72	-226	2207
72	-224	2254
72	-222	2211
72	-220	2215
72	-218	2218
72	-216	2249
72	-214	2230
72	-212	2222
72	-210	2205
72	-208	2213
72	-206	2220
72	-204	2244
72	-202	2220
72	-200	2194
72	-198	2160
72	-196	2189
72	-194	2172
72	-192	2182
72	-190	2242
72	-188	2176
72	-186	2216
72	-184	2177
72	-182	2196
72	-180	2186
72	-178	2194
72	-176	2205
72	-174	2185
72	-172	2211
72	-170	2215
72	-168	2204
72	-166	2209
72	-164	2194
72	-162	2194
72	-160	2214
72	-158	2197
72	-156	2187
72	-154	2176
72	-152	2173
72	-150	2157
72	-148	2185
72	-146	2189
72	-144	2204
72	-142	2188
72	-140	2178
72	-138	2163
72	-136	2171
72	-134	2185
72	-132	2215
72	-130	2199
72	-128	2205
72	-126	2201
72	-124	2202
72	-122	2181
72	-120	2162
72	-118	2176
72	-116	2169
72	-114	2159
72	-112	2163
72	-110	2174
72	-108	2189
72	-106	2186
72	-104	2177
72	-102	2182
72	-100	2172
72	-98	2196
72	-96	2200
72	-94	2190
72	-92	2191
72	-90	2168
72	-88	2191
72	-86	2197
72	-84	2224
72	-82	2195
72	-80	2186
72	-78	2197
72	-76	2176
72	-74	2201
72	-72	2195
72	-70	2199
72	-68	2199
72	-66	2183
72	-64	2164
72	-62	2181
72	-60	2155
72	-58	2175
72	-56	2173
72	-54	2198
72	-52	2213
72	-50	2167
72	-48	2195
72	-46	2180
72	-44	2194
72	-42	2191
72	-40	2186
72	-38	2188
72	-36	2210
72	-34	2196
72	-32	2211
72	-30	2216
72	-28	2191
72	-26	2185
72	-24	2199
72	-22	2188
72	-20	2172
72	-18	2182
72	-16	2164
72	-14	2169
72	-12	2179
72	-10	2195
72	-8	2181
72	-6	2185
72	-4	2186
72	-2	2175
72	0	2175
72	2	2185
72	4	2185
72	6	2167
72	8	2167
72	10	2162
72	12	2193
72	14	2202
72	16	2163
72	18	2166
72	20	2166
72	22	2180
72	24	2179
72	26	2156
72	28	2149
72	30	2147
72	32	2154
72	34	2175
72	36	2164
72	38	2183
72	40	2182
72	42	2166
72	44	2189
72	46	2175
72	48	2160
72	50	2178
72	52	2190
72	54	2164
72	56	2179
72	58	2165
72	60	2184
72	62	2172
72	64	2192
72	66	2186
72	68	2189
72	70	2191
72	72	2199
72	74	2200
72	76	2201
72	78	2197
72	80	2233
72	82	2229
72	84	2216
72	86	2210
72	88	2193
72	90	2216
72	92	2207
72	94	2205
72	96	2185
72	98	2161
76	-290	2644
76	-288	2622
76	-286	2561
76	-284	2535
76	-282	2479
76	-280	2535
76	-278	2470
76	-276	2411
76	-274	2513
76	-272	2462
76	-270	2437
76	-268	2475
76	-266	2522
76	-264	2464
76	-262	2478
76	-260	2485
76	-258	2473
76	-256	2312
76	-254	2286
76	-252	2262
76	-250	2310
76	-248	2237
76	-246	2300
76	-244	2230
76	-242	2264
76	-240	2248
76	-238	2224
76	-236	2251
76	-234	2237
76	-232	2234
76	-230	2209
76	-228	2231
76	-226	2219
76	-224	2260
76	-222	2261
76	-220	2258
76	-218	2280
76	-216	2221
76	-214	2246
76	-212	2178
76	-210	2183
76	-208	2190
76	-206	2178
76	-204	2189
76	-202	2229
76	-200	2182
76	-198	2208
76	-196	2222
76	-194	2206
76	-192	2217
76	-190	2230
76	-188	2202
76	-186	2184
76	-184	2200
76	-182	2204
76	-180	2169
76	-178	2188
76	-176	2236
76	-174	2221
76	-172	2251
76	-170	2236
76	-168	2218
76	-166	2240
76	-164	2206
76	-162	2239
76	-160	2235
76	-158	2245
76	-156	2250
76	-154	2225
76	-152	2229
76	-150	2260
76	-148	2223
76	-146	2217
76	-144	2173
76	-142	2179
76	-140	2152
76	-138	2165
76	-136	2175
76	-134	2171
76	-132	2189
76	-130	2220
76	-128	2223
76	-126	2223
76	-124	2220
76	-122	2225
76	-120	2217
76	-118	2193
76	-116	2221
76	-114	2198
76	-112	2185
76	-110	2193
76	-108	2205
76	-106	2229
76	-104	2210
76	-102	2215
76	-100	2198
76	-98	2222
76	-96	2203
76	-94	2196
76	-92	2200
76	-90	2182
76	-88	2184
76	-86	2183
76	-84	2174
76	-82	2190
76	-80	2198
76	-78	2198
76	-76	2213
76	-74	2205
76	-72	2222
76	-70	2210
76	-68	2205
76	-66	2198
76	-64	2220
76	-62	2186
76	-60	2220
76	-58	2202
76	-56	2212
76	-54	2216
76	-52	2224
76	-50	2213
76	-48	2227
76	-46	2190
76	-44	2205
76	-42	2201
76	-40	2175
76	-38	2179
76	-36	2197
76	-34	2172
76	-32	2169
76	-30	2179
76	-28	2155
76	-26	2157
76	-24	2162
76	-22	2153
76	-20	2163
76	-18	2165
76	-16	2183
76	-14	2169
76	-12	2175
76	-10	2165
76	-8	2158
76	-6	2156
76	-4	2184
76	-2	2181
76	0	2170
76	2	2172
76	4	2161
76	6	2168
76	8	2160
76	10	2186
76	12	2163
76	14	2163
76	16	2177
76	18	2180
76	20	2184
76	22	2202
76	24	2194
76	26	2165
76	28	2202
76	30	2190
76	32	2183
76	34	2194
76	36	2179
76	38	2198
76	40	2188
76	42	2192
76	44	2182
76	46	2178
76	48	2187
76	50	2212
76	52	2192
76	54	2176
76	56	2162
76	58	2179
76	60	2162
76	62	2187
76	64	2162
76	66	2149
76	68	2154
76	70	2187
76	72	2187
76	74	2170
76	76	2164
76	78	2182
76	80	2173
76	82	2182
76	84	2183
76	86	2173
76	88	2163
76	90	2181
76	92	2182
76	94	2165
76	96	2169
76	98	2183
80	-290	2636
80	-288	2650
80	-286	2538
80	-284	2466
80	-282	2450
80	-280	2477
80	-278	2498
80	-276	2500
80	-274	2462
80	-272	2430
80	-270	2482
80	-268	2513
80	-266	2543
80	-264	2598
80	-262	2329
80	-260	2357
80	-258	2330
80	-256	2330
80	-254	2355
80	-252	2288
80	-250	2284
80	-248	2321
80	-246	2365
80	-244	2304
80	-242	2280
80	-240	2289
80	-238	2257
80	-236	2250
80	-234	2222
80	-232	2213
80	-230	2200
80	-228	2181
80	-226	2198
80	-224	2186
80	-222	2212
80	-220	2252
80	-218	2238
80	-216	2282
80	-214	2283
80	-212	2284
80	-210	2320
80	-208	2290
80	-206	2322
80	-204	2233
80	-202	2276
80	-200	2228
80	-198	2202
80	-196	2183
80	-194	2222
80	-192	2198
80	-190	2209
80	-188	2215
80	-186	2214
80	-184	2199
80	-182	2249
80	-180	2259
80	-178	2269
80	-176	2282
80	-174	2254
80	-172	2233
80	-170	2228
80	-168	2237
80	-166	2186
80	-164	2128
80	-162	2155
80	-160	2157
80	-158	2147
80	-156	2144
80	-154	2158
80	-152	2162
80	-150	2171
80	-148	2169
80	-146	2180
80	-144	2171
80	-142	2128
80	-140	2168
80	-138	2139
80	-136	2165
80	-134	2150
80	-132	2164
80	-130	2214
80	-128	2216
80	-126	2214
80	-124	2214
80	-122	2207
80	-120	2196
80	-118	2192
80	-116	2173
80	-114	2204
80	-112	2196
80	-110	2197
80	-108	2188
80	-106	2200
80	-104	2181
80	-102	2195
80	-100	2192
80	-98	2181
80	-96	2243
80	-94	2219
80	-92	2200
80	-90	2183
80	-88	2155
80	-86	2173
80	-84	2174
80	-82	2176
80	-80	2193
80	-78	2172
80	-76	2183
80	-74	2194
80	-72	2184
80	-70	2176
80	-68	2195
80	-66	2201
80	-64	2192
80	-62	2195
80	-60	2192
80	-58	2202
80	-56	2215
80	-54	2202
80	-52	2191
80	-50	2204
80	-48	2204
80	-46	2189
80	-44	2184
80	-42	2201
80	-40	2171
80	-38	2196
80	-36	2195
80	-34	2156
80	-32	2133
80	-30	2148
80	-28	2196
80	-26	2151
80	-24	2189
80	-22	2155
80	-20	2181
80	-18	2141
80	-16	2157
80	-14	2169
80	-12	2150
80	-10	2173
80	-8	2163
80	-6	2159
80	-4	2144
80	-2	2162
80	0	2194
80	2	2173
80	4	2172
80	6	2173
80	8	2166
80	10	2160
80	12	2167
80	14	2157
80	16	2142
80	18	2154
80	20	2171
80	22	2159
80	24	2165
80	26	2136
80	28	2166
80	30	2161
80	32	2164
80	34	2145
80	36	2176
80	38	2157
80	40	2164
80	42	2158
80	44	2162
80	46	2143
80	48	2164
80	50	2173
80	52	2181
80	54	2157
80	56	2174
80	58	2160
80	60	2165
80	62	2191
80	64	2179
80	66	2144
80	68	2166
80	70	2194
80	72	2161
80	74	2204
80	76	2197
80	78	2203
80	80	2211
80	82	2184
80	84	2215
80	86	2188
80	88	2172
80	90	2177
80	92	2193
80	94	2156
80	96	2171
80	98	2181
84	-290	2574
84	-288	2602
84	-286	2637
84	-284	2562
84	-282	2617
84	-280	2585
84	-278	2536
84	-276	2498
84	-274	2489
84	-272	2475
84	-270	2394
84	-268	2350
84	-266	2424
84	-264	2451
84	-262	2349
84	-260	2412
84	-258	2382
84	-256	2341
84	-254	2331
84	-252	2334
84	-250	2305
84	-248	2320
84	-246	2339
84	-244	2296
84	-242	2339
84	-240	2348
84	-238	2316
84	-236	2327
84	-234	2197
84	-232	2192
84	-230	2230
84	-228	2246
84	-226	2252
84	-224	2271
84	-222	2255
84	-220	2234
84	-218	2237
84	-216	2284
84	-214	2218
84	-212	2216
84	-210	2216
84	-208	2213
84	-206	2232
84	-204	2244
84	-202	2249
84	-200	2252
84	-198	2256
84	-196	2213
84	-194	2173
84	-192	2165
84	-190	2195
84	-188	2246
84	-186	2264
84	-184	2200
84	-182	2264
84	-180	2250
84	-178	2276
84	-176	2244
84	-174	2249
84	-172	2231
84	-170	2218
84	-168	2186
84	-166	2204
84	-164	2190
84	-162	2183
84	-160	2209
84	-158	2180
84	-156	2179
84	-154	2122
84	-152	2178
84	-150	2158
84	-148	2169
84	-146	2171
84	-144	2173
84	-142	2179
84	-140	2175
84	-138	2158
84	-136	2159
84	-134	2152
84	-132	2168
84	-130	2167
84	-128	2159
84	-126	2187
84	-124	2166
84	-122	2175
84	-120	2187
84	-118	2188
84	-116	2220
84	-114	2208
84	-112	2226
84	-110	2215
84	-108	2202
84	-106	2222
84	-104	2206
84	-102	2215
84	-100	2183
84	-98	2217
84	-96	2178
84	-94	2175
84	-92	2214
84	-90	2197
84	-88	2185
84	-86	2191
84	-84	2189
84	-82	2171
84	-80	2164
84	-78	2182
84	-76	2153
84	-74	2196
84	-72	2179
84	-70	2179
84	-68	2179
84	-66	2159
84	-64	2164
84	-62	2202
84	-60	2212
84	-58	2193
84	-56	2170
84	-54	2161
84	-52	2180
84	-50	2183
84	-48	2196
84	-46	2159
84	-44	2171
84	-42	2157
84	-40	2130
84	-38	2154
84	-36	2183
84	-34	2158
84	-32	2163
84	-30	2165
84	-28	2136
84	-26	2134
84	-24	2133
84	-22	2128
84	-20	2162
84	-18	2152
84	-16	2153
84	-14	2141
84	-12	2167
84	-10	2189
84	-8	2162
84	-6	2141
84	-4	2136
84	-2	2153
84	0	2157
84	2	2160
84	4	2173
84	6	2147
84	8	2142
84	10	2157
84	12	2140
84	14	2165
84	16	2157
84	18	2181
84	20	2156
84	22	2171
84	24	2140
84	26	2160
84	28	2173
84	30	2179
84	32	2156
84	34	2156
84	36	2154
84	38	2157
84	40	2140
84	42	2131
84	44	2180
84	46	2145
84	48	2145
84	50	2148
84	52	2154
84	54	2181
84	56	2163
84	58	2154
84	60	2150
84	62	2183
84	64	2172
84	66	2170
84	68	2161
84	70	2156
84	72	2155
84	74	2165
84	76	2125
84	78	2139
84	80	2125
84	82	2130
84	84	2128
84	86	2138
84	88	2139
84	90	2141
84	92	2137
84	94	2140
84	96	2140
84	98	2149
88	-290	2908
88	-288	2852
88	-286	2602
88	-284	2562
88	-282	2547
88	-280	2554
88	-278	2523
88	-276	2524
88	-274	2414
88	-272	2406
88	-270	2422
88	-268	2412
88	-266	2340
88	-264	2365
88	-262	2286
88	-260	2284
88	-258	2271
88	-256	2286
88	-254	2277
88	-252	2241
88	-250	2282
88	-248	2256
88	-246	2262
88	-244	2202
88	-242	2269
88	-240	2251
88	-238	2296
88	-236	2260
88	-234	2333
88	-232	2300
88	-230	2304
88	-228	2283
88	-226	2257
88	-224	2263
88	-222	2328
88	-220	2327
88	-218	2308
88	-216	2279
88	-214	2326
88	-212	2281
88	-210	2250
88	-208	2273
88	-206	2253
88	-204	2258
88	-202	2226
88	-200	2265
88	-198	2228
88	-196	2265
88	-194	2243
88	-192	2254
88	-190	2248
88	-188	2256
88	-186	2260
88	-184	2279
88	-182	2286
88	-180	2281
88	-178	2279
88	-176	2276
88	-174	2286
88	-172	2207
88	-170	2253
88	-168	2229
88	-166	2219
88	-164	2239
88	-162	2225
88	-160	2216
88	-158	2261
88	-156	2226
88	-154	2217
88	-152	2223
88	-150	2207
88	-148	2199
88	-146	2214
88	-144	2221
88	-142	2246
88	-140	2240
88	-138	2237
88	-136	2237
88	-134	2249
88	-132	2236
88	-130	2234
88	-128	2224
88	-126	2233
88	-124	2226
88	-122	2193
88	-120	2257
88	-118	2237
88	-116	2263
88	-114	2192
88	-112	2227
88	-110	2177
88	-108	2230
88	-106	2214
88	-104	2258
88	-102	2220
88	-100	2193
88	-98	2211
88	-96	2201
88	-94	2213
88	-92	2166
88	-90	2225
88	-88	2172
88	-86	2157
88	-84	2210
88	-82	2201
88	-80	2236
88	-78	2207
88	-76	2216
88	-74	2226
88	-72	2230
88	-70	2213
88	-68	2208
88	-66	2237
88	-64	2227
88	-62	2194
88	-60	2238
88	-58	2223
88	-56	2193
88	-54	2224
88	-52	2204
88	-50	2193
88	-48	2216
88	-46	2231
88	-44	2215
88	-42	2228
88	-40	2254
88	-38	2202
88	-36	2195
88	-34	2200
88	-32	2231
88	-30	2213
88	-28	2195
88	-26	2171
88	-24	2177
88	-22	2189
88	-20	2182
88	-18	2155
88	-16	2169
88	-14	2190
88	-12	2157
88	-10	2169
88	-8	2190
88	-6	2160
88	-4	2148
88	-2	2130
88	0	2161
88	2	2150
88	4	2145
88	6	2144
88	8	2132
88	10	2111
88	12	2132
88	14	2154
88	16	2168
88	18	2185
88	20	2160
88	22	2158
88	24	2166
88	26	2158
88	28	2151
88	30	2148
88	32	2139
88	34	2126
88	36	2144
88	38	2124
88	40	2127
88	42	2143
88	44	2141
88	46	2162
88	48	2122
88	50	2098
88	52	2144
88	54	2142
88	56	2105
88	58	2112
88	60	2127
88	62	2134
88	64	2138
88	66	2108
88	68	2153
88	70	2138
88	72	2139
88	74	2127
88	76	2116
88	78	2130
88	80	2154
88	82	2135
88	84	2127
88	86	2125
88	88	2106
88	90	2094
88	92	2123
88	94	2142
88	96	2119
88	98	2134
92	-290	2516
92	-288	2446
92	-286	2440
92	-284	2461
92	-282	2361
92	-280	2323
92	-278	2358
92	-276	2369
92	-274	2382
92	-272	2360
92	-270	2349
92	-268	2405
92	-266	2374
92	-264	2315
92	-262	2334
92	-260	2301
92	-258	2326
92	-256	2305
92	-254	2261
92	-252	2216
92	-250	2236
92	-248	2229
92	-246	2221
92	-244	2251
92	-242	2243
92	-240	2249
92	-238	2268
92	-236	2292
92	-234	2297
92	-232	2301
92	-230	2323
92	-228	2308
92	-226	2267
92	-224	2270
92	-222	2191
92	-220	2235
92	-218	2221
92	-216	2241
92	-214	2309
92	-212	2294
92	-210	2289
92	-208	2261
92	-206	2265
92	-204	2272
92	-202	2267
92	-200	2271
92	-198	2231
92	-196	2220
92	-194	2262
92	-192	2267
92	-190	2257
92	-188	2258
92	-186	2256
92	-184	2233
92	-182	2183
92	-180	2199
92	-178	2202
92	-176	2223
92	-174	2209
92	-172	2204
92	-170	2228
92	-168	2225
92	-166	2200
92	-164	2216
92	-162	2213
92	-160	2204
92	-158	2226
92	-156	2241
92	-154	2271
92	-152	2262
92	-150	2254
92	-148	2249
92	-146	2222
92	-144	2220
92	-142	2276
92	-140	2253
92	-138	2225
92	-136	2268
92	-134	2261
92	-132	2277
92	-130	2263
92	-128	2263
92	-126	2259
92	-124	2241
92	-122	2254
92	-120	2220
92	-118	2253
92	-116	2225
92	-114	2228
92	-112	2231
92	-110	2245
92	-108	2191
92	-106	2190
92	-104	2206
92	-102	2173
92	-100	2163
92	-98	2182
92	-96	2169
92	-94	2189
92	-92	2205
92	-90	2168
92	-88	2162
92	-86	2168
92	-84	2157
92	-82	2166
92	-80	2159
92	-78	2177
92	-76	2165
92	-74	2180
92	-72	2167
92	-70	2150
92	-68	2137
92	-66	2181
92	-64	2177
92	-62	2158
92	-60	2179
92	-58	2175
92	-56	2178
92	-54	2181
92	-52	2162
92	-50	2190
92	-48	2157
92	-46	2169
92	-44	2172
92	-42	2214
92	-40	2172
92	-38	2152
92	-36	2152
92	-34	2182
92	-32	2171
92	-30	2123
92	-28	2170
92	-26	2139
92	-24	2140
92	-22	2146
92	-20	2141
92	-18	2152
92	-16	2139
92	-14	2123
92	-12	2127
92	-10	2126
92	-8	2138
92	-6	2165
92	-4	2123
92	-2	2146
92	0	2152
92	2	2133
92	4	2148
92	6	2080
92	8	2124
92	10	2121
92	12	2107
92	14	2123
92	16	2115
92	18	2114
92	20	2137
92	22	2135
92	24	2115
92	26	2109
92	28	2119
92	30	2111
92	32	2088
92	34	2090
92	36	2088
92	38	2117
92	40	2140
92	42	2096
92	44	2120
92	46	2117
92	48	2096
92	50	2106
92	52	2121
92	54	2123
92	56	2133
92	58	2130
92	60	2095
92	62	2144
92	64	2163
92	66	2146
92	68	2157
92	70	2167
92	72	2127
92	74	2122
92	76	2173
92	78	2170
92	80	2138
92	82	2146
92	84	2162
92	86	2199
92	88	2165
92	90	2184
92	92	2196
92	94	2164
92	96	2195
92	98	2168
96	-290	2421
96	-288	2465
96	-286	2475
96	-284	2408
96	-282	2414
96	-280	2395
96	-278	2364
96	-276	2372
96	-274	2403
96	-272	2399
96	-270	2390
96	-268	2416
96	-266	2412
96	-264	2384
96	-262	2366
96	-260	2319
96	-258	2307
96	-256	2263
96	-254	2248
96	-252	2246
96	-250	2321
96	-248	2318
96	-246	2282
96	-244	2298
96	-242	2304
96	-240	2312
96	-238	2313
96	-236	2288
96	-234	2299
96	-232	2325
96	-230	2314
96	-228	2306
96	-226	2319
96	-224	2336
96	-222	2369
96	-220	2310
96	-218	2327
96	-216	2318
96	-214	2291
96	-212	2338
96	-210	2336
96	-208	2371
96	-206	2337
96	-204	2368
96	-202	2340
96	-200	2332
96	-198	2316
96	-196	2344
96	-194	2361
96	-192	2320
96	-190	2348
96	-188	2362
96	-186	2349
96	-184	2318
96	-182	2310
96	-180	2335
96	-178	2317
96	-176	2324
96	-174	2300
96	-172	2336
96	-170	2311
96	-168	2303
96	-166	2325
96	-164	2328
96	-162	2300
96	-160	2299
96	-158	2289
96	-156	2321
96	-154	2315
96	-152	2331
96	-150	2326
96	-148	2318
96	-146	2281
96	-144	2280
96	-142	2273
96	-140	2269
96	-138	2272
96	-136	2281
96	-134	2250
96	-132	2277
96	-130	2253
96	-128	2276
96	-126	2291
96	-124	2251
96	-122	2244
96	-120	2260
96	-118	2260
96	-116	2218
96	-114	2218
96	-112	2250
96	-110	2208
96	-108	2179
96	-106	2194
96	-104	2225
96	-102	2213
96	-100	2214
96	-98	2216
96	-96	2170
96	-94	2169
96	-92	2230
96	-90	2224
96	-88	2198
96	-86	2210
96	-84	2206
96	-82	2231
96	-80	2224
96	-78	2209
96	-76	2174
96	-74	2182
96	-72	2179
96	-70	2187
96	-68	2148
96	-66	2190
96	-64	2198
96	-62	2206
96	-60	2181
96	-58	2230
96	-56	2176
96	-54	2236
96	-52	2203
96	-50	2214
96	-48	2222
96	-46	2227
96	-44	2234
96	-42	2229
96	-40	2215
96	-38	2226
96	-36	2220
96	-34	2176
96	-32	2199
96	-30	2186
96	-28	2260
96	-26	2246
96	-24	2203
96	-22	2176
96	-20	2202
96	-18	2216
96	-16	2182
96	-14	2187
96	-12	2207
96	-10	2205
96	-8	2170
96	-6	2206
96	-4	2226
96	-2	2206
96	0	2176
96	2	2150
96	4	2191
96	6	2206
96	8	2182
96	10	2117
96	12	2180
96	14	2170
96	16	2177
96	18	2176
96	20	2156
96	22	2131
96	24	2200
96	26	2190
96	28	2179
96	30	2193
96	32	2166
96	34	2179
96	36	2224
96	38	2181
96	40	2201
96	42	2149
96	44	2163
96	46	2147
96	48	2150
96	50	2163
96	52	2178
96	54	2176
96	56	2212
96	58	2143
96	60	2181
96	62	2161
96	64	2184
96	66	2172
96	68	2127
96	70	2172
96	72	2191
96	74	2188
96	76	2195
96	78	2163
96	80	2158
96	82	2143
96	84	2196
96	86	2149
96	88	2151
96	90	2162
96	92	2169
96	94	2191
96	96	2166
96	98	2175
100	-290	2442
100	-288	2373
100	-286	2353
100	-284	2398
100	-282	2327
100	-280	2400
100	-278	2401
100	-276	2385
100	-274	2407
100	-272	2346
100	-270	2315
100	-268	2301
100	-266	2331
100	-264	2336
100	-262	2365
100	-260	2337
100	-258	2324
100	-256	2288
100	-254	2274
100	-252	2291
100	-250	2289
100	-248	2346
100	-246	2326
100	-244	2355
100	-242	2297
100	-240	2270
100	-238	2243
100	-236	2263
100	-234	2285
100	-232	2298
100	-230	2315
100	-228	2269
100	-226	2326
100	-224	2330
100	-222	2325
100	-220	2345
100	-218	2321
100	-216	2286
100	-214	2392
100	-212	2355
100	-210	2340
100	-208	2367
100	-206	2336
100	-204	2347
100	-202	2322
100	-200	2332
100	-198	2337
100	-196	2284
100	-194	2271
100	-192	2308
100	-190	2286
100	-188	2267
100	-186	2281
100	-184	2268
100	-182	2297
100	-180	2336
100	-178	2314
100	-176	2280
100	-174	2310
100	-172	2285
100	-170	2325
100	-168	2304
100	-166	2288
100	-164	2302
100	-162	2276
100	-160	2298
100	-158	2265
100	-156	2307
100	-154	2277
100	-152	2282
100	-150	2307
100	-148	2285
100	-146	2279
100	-144	2323
100	-142	2319
100	-140	2285
100	-138	2285
100	-136	2257
100	-134	2256
100	-132	2247
100	-130	2239
100	-128	2219
100	-126	2262
100	-124	2226
100	-122	2263
100	-120	2191
100	-118	2239
100	-116	2188
100	-114	2219
100	-112	2224
100	-110	2199
100	-108	2277
100	-106	2254
100	-104	2224
100	-102	2271
100	-100	2216
100	-98	2209
100	-96	2191
100	-94	2218
100	-92	2199
100	-90	2206
100	-88	2212
100	-86	2185
100	-84	2236
100	-82	2213
100	-80	2203
100	-78	2206
100	-76	2214
100	-74	2179
100	-72	2210
100	-70	2151
100	-68	2208
100	-66	2174
100	-64	2195
100	-62	2153
100	-60	2183
100	-58	2137
100	-56	2177
100	-54	2169
100	-52	2205
100	-50	2164
100	-48	2229
100	-46	2193
100	-44	2203
100	-42	2169
100	-40	2182
100	-38	2205
100	-36	2180
100	-34	2211
100	-32	2195
100	-30	2183
100	-28	2229
100	-26	2216
100	-24	2233
100	-22	2218
100	-20	2219
100	-18	2201
100	-16	2220
100	-14	2194
100	-12	2197
100	-10	2193
100	-8	2216
100	-6	2166
100	-4	2201
100	-2	2202
100	0	2179
100	2	2156
100	4	2196
100	6	2187
100	8	2233
100	10	2223
100	12	2196
100	14	2206
100	16	2185
100	18	2199
100	20	2197
100	22	2217
100	24	2212
100	26	2246
100	28	2178
100	30	2168
100	32	2171
100	34	2210
100	36	2191
100	38	2176
100	40	2234
100	42	2210
100	44	2233
100	46	2227
100	48	2219
100	50	2216
100	52	2250
100	54	2234
100	56	2260
100	58	2183
100	60	2206
100	62	2208
100	64	2174
100	66	2233
100	68	2183
100	70	2185
100	72	2204
100	74	2201
100	76	2212
100	78	2112
100	80	2200
100	82	2179
100	84	2191
100	86	2184
100	88	2208
100	90	2183
100	92	2207
100	94	2203
100	96	2202
100	98	2187
104	-290	2345
104	-288	2373
104	-286	2323
104	-284	2367
104	-282	2402
104	-280	2417
104	-278	2379
104	-276	2400
104	-274	2359
104	-272	2386
104	-270	2360
104	-268	2352
104	-266	2347
104	-264	2338
104	-262	2292
104	-260	2312
104	-258	2291
104	-256	2326
104	-254	2331
104	-252	2327
104	-250	2363
104	-248	2424
104	-246	2388
104	-244	2354
104	-242	2323
104	-240	2345
104	-238	2300
104	-236	2375
104	-234	2330
104	-232	2303
104	-230	2353
104	-228	2333
104	-226	2278
104	-224	2320
104	-222	2338
104	-220	2343
104	-218	2351
104	-216	2364
104	-214	2282
104	-212	2259
104	-210	2307
104	-208	2315
104	-206	2299
104	-204	2277
104	-202	2271
104	-200	2275
104	-198	2322
104	-196	2318
104	-194	2368
104	-192	2329
104	-190	2325
104	-188	2331
104	-186	2337
104	-184	2304
104	-182	2330
104	-180	2266
104	-178	2286
104	-176	2258
104	-174	2289
104	-172	2270
104	-170	2280
104	-168	2226
104	-166	2244
104	-164	2307
104	-162	2315
104	-160	2274
104	-158	2343
104	-156	2292
104	-154	2262
104	-152	2258
104	-150	2251
104	-148	2255
104	-146	2251
104	-144	2257
104	-142	2256
104	-140	2231
104	-138	2254
104	-136	2254
104	-134	2269
104	-132	2267
104	-130	2256
104	-128	2311
104	-126	2273
104	-124	2233
104	-122	2259
104	-120	2234
104	-118	2210
104	-116	2254
104	-114	2239
104	-112	2236
104	-110	2273
104	-108	2262
104	-106	2225
104	-104	2213
104	-102	2209
104	-100	2226
104	-98	2256
104	-96	2284
104	-94	2299
104	-92	2286
104	-90	2327
104	-88	2298
104	-86	2297
104	-84	2286
104	-82	2298
104	-80	2209
104	-78	2272
104	-76	2255
104	-74	2252
104	-72	2240
104	-70	2293
104	-68	2320
104	-66	2292
104	-64	2292
104	-62	2271
104	-60	2296
104	-58	2194
104	-56	2262
104	-54	2251
104	-52	2277
104	-50	2317
104	-48	2263
104	-46	2281
104	-44	2275
104	-42	2235
104	-40	2303
104	-38	2249
104	-36	2272
104	-34	2254
104	-32	2268
104	-30	2207
104	-28	2272
104	-26	2269
104	-24	2232
104	-22	2265
104	-20	2263
104	-18	2125
104	-16	2222
104	-14	2224
104	-12	2223
104	-10	2248
104	-8	2270
104	-6	2262
104	-4	2267
104	-2	2242
104	0	2262
104	2	2240
104	4	2254
104	6	2222
104	8	2249
104	10	2267
104	12	2246
104	14	2193
104	16	2220
104	18	2252
104	20	2247
104	22	2241
104	24	2229
104	26	2239
104	28	2263
104	30	2231
104	32	2237
104	34	2223
104	36	2230
104	38	2192
104	40	2284
104	42	2245
104	44	2211
104	46	2227
104	48	2272
104	50	2218
104	52	2235
104	54	2211
104	56	2221
104	58	2221
104	60	2206
104	62	2222
104	64	2248
104	66	2179
104	68	2209
104	70	2251
104	72	2240
104	74	2238
104	76	2232
104	78	2254
104	80	2244
104	82	2237
104	84	2220
104	86	2252
104	88	2245
104	90	2216
104	92	2170
104	94	2192
104	96	2191
104	98	2230
108	-290	2499
108	-288	2555
108	-286	2521
108	-284	2522
108	-282	2485
108	-280	2511
108	-278	2462
108	-276	2483
108	-274	2504
108	-272	2484
108	-270	2496
108	-268	2469
108	-266	2504
108	-264	2474
108	-262	2486
108	-260	2460
108	-258	2456
108	-256	2480
108	-254	2448
108	-252	2456
108	-250	2399
108	-248	2360
108	-246	2458
108	-244	2436
108	-242	2461
108	-240	2493
108	-238	2440
108	-236	2473
108	-234	2456
108	-232	2399
108	-230	2396
108	-228	2429
108	-226	2406
108	-224	2463
108	-222	2475
108	-220	2400
108	-218	2450
108	-216	2420
108	-214	2420
108	-212	2368
108	-210	2384
108	-208	2416
108	-206	2412
108	-204	2444
108	-202	2463
108	-200	2442
108	-198	2462
108	-196	2447
108	-194	2425
108	-192	2460
108	-190	2455
108	-188	2454
108	-186	2365
108	-184	2397
108	-182	2414
108	-180	2418
108	-178	2407
108	-176	2399
108	-174	2373
108	-172	2416
108	-170	2445
108	-168	2423
108	-166	2423
108	-164	2392
108	-162	2400
108	-160	2345
108	-158	2331
108	-156	2366
108	-154	2346
108	-152	2359
108	-150	2311
108	-148	2375
108	-146	2383
108	-144	2377
108	-142	2344
108	-140	2316
108	-138	2382
108	-136	2377
108	-134	2382
108	-132	2343
108	-130	2357
108	-128	2351
108	-126	2332
108	-124	2412
108	-122	2360
108	-120	2424
108	-118	2408
108	-116	2351
108	-114	2363
108	-112	2353
108	-110	2409
108	-108	2376
108	-106	2407
108	-104	2403
108	-102	2375
108	-100	2370
108	-98	2369
108	-96	2406
108	-94	2355
108	-92	2383
108	-90	2382
108	-88	2410
108	-86	2428
108	-84	2399
108	-82	2358
108	-80	2374
108	-78	2409
108	-76	2432
108	-74	2428
108	-72	2410
108	-70	2346
108	-68	2314
108	-66	2358
108	-64	2437
108	-62	2359
108	-60	2395
108	-58	2390
108	-56	2371
108	-54	2390
108	-52	2381
108	-50	2386
108	-48	2410
108	-46	2388
108	-44	2400
108	-42	2376
108	-40	2419
108	-38	2369
108	-36	2323
108	-34	2412
108	-32	2384
108	-30	2320
108	-28	2369
108	-26	2397
108	-24	2365
108	-22	2389
108	-20	2383
108	-18	2410
108	-16	2365
108	-14	2398
108	-12	2388
108	-10	2418
108	-8	2342
108	-6	2370
108	-4	2349
108	-2	2401
108	0	2373
108	2	2342
108	4	2355
108	6	2343
108	8	2302
108	10	2377
108	12	2352
108	14	2351
108	16	2351
108	18	2355
108	20	2367
108	22	2365
108	24	2389
108	26	2360
108	28	2364
108	30	2380
108	32	2339
108	34	2353
108	36	2322
108	38	2369
108	40	2339
108	42	2401
108	44	2313
108	46	2348
108	48	2346
108	50	2369
108	52	2318
108	54	2365
108	56	2310
108	58	2319
108	60	2363
108	62	2334
108	64	2276
108	66	2325
108	68	2311
108	70	2326
108	72	2337
108	74	2329
108	76	2344
108	78	2355
108	80	2284
108	82	2322
108	84	2299
108	86	2354
108	88	2346
108	90	2307
108	92	2298
108	94	2324
108	96	2332
108	98	2303
112	-290	2660
112	-288	2659
112	-286	2601
112	-284	2578
112	-282	2558
112	-280	2597
112	-278	2515
112	-276	2518
112	-274	2532
112	-272	2556
112	-270	2594
112	-268	2519
112	-266	2608
112	-264	2528
112	-262	2617
112	-260	2580
112	-258	2611
112	-256	2522
112	-254	2582
112	-252	2573
112	-250	2547
112	-248	2467
112	-246	2502
112	-244	2512
112	-242	2423
112	-240	2457
112	-238	2399
112	-236	2387
112	-234	2392
112	-232	2360
112	-230	2471
112	-228	2441
112	-226	2395
112	-224	2396
112	-222	2422
112	-220	2413
112	-218	2421
112	-216	2442
112	-214	2411
112	-212	2408
112	-210	2440
112	-208	2461
112	-206	2456
112	-204	2419
112	-202	2452
112	-200	2429
112	-198	2376
112	-196	2364
112	-194	2349
112	-192	2424
112	-190	2399
112	-188	2355
112	-186	2395
112	-184	2415
112	-182	2451
112	-180	2442
112	-178	2401
112	-176	2466
112	-174	2441
112	-172	2387
112	-170	2369
112	-168	2378
112	-166	2299
112	-164	2430
112	-162	2398
112	-160	2446
112	-158	2413
112	-156	2354
112	-154	2405
112	-152	2424
112	-150	2438
112	-148	2480
112	-146	2477
112	-144	2473
112	-142	2482
112	-140	2521
112	-138	2447
112	-136	2434
112	-134	2437
112	-132	2361
112	-130	2448
112	-128	2440
112	-126	2432
112	-124	2478
112	-122	2519
112	-120	2479
112	-118	2462
112	-116	2417
112	-114	2402
112	-112	2477
112	-110	2331
112	-108	2424
112	-106	2398
112	-104	2415
112	-102	2426
112	-100	2385
112	-98	2418
112	-96	2464
112	-94	2440
112	-92	2444
112	-90	2459
112	-88	2439
112	-86	2425
112	-84	2431
112	-82	2387
112	-80	2431
112	-78	2413
112	-76	2436
112	-74	2402
112	-72	2405
112	-70	2403
112	-68	2365
112	-66	2385
112	-64	2418
112	-62	2439
112	-60	2413
112	-58	2413
112	-56	2378
112	-54	2430
112	-52	2373
112	-50	2413
112	-48	2353
112	-46	2365
112	-44	2337
112	-42	2383
112	-40	2454
112	-38	2354
112	-36	2360
112	-34	2409
112	-32	2392
112	-30	2383
112	-28	2422
112	-26	2409
112	-24	2405
112	-22	2347
112	-20	2371
112	-18	2412
112	-16	2430
112	-14	2420
112	-12	2444
112	-10	2446
112	-8	2426
112	-6	2409
112	-4	2397
112	-2	2453
112	0	2392
112	2	2406
112	4	2433
112	6	2429
112	8	2374
112	10	2454
112	12	2339
112	14	2460
112	16	2456
112	18	2442
112	20	2481
112	22	2448
112	24	2475
112	26	2471
112	28	2457
112	30	2435
112	32	2467
112	34	2453
112	36	2413
112	38	2434
112	40	2474
112	42	2482
112	44	2451
112	46	2405
112	48	2480
112	50	2429
112	52	2395
112	54	2454
112	56	2503
112	58	2424
112	60	2502
112	62	2470
112	64	2477
112	66	2499
112	68	2470
112	70	2481
112	72	2484
112	74	2382
112	76	2473
112	78	2465
112	80	2477
112	82	2504
112	84	2526
112	86	2527
112	88	2457
112	90	2442
112	92	2443
112	94	2466
112	96	2417
112	98	2459
116	-290	2499
116	-288	2546
116	-286	2473
116	-284	2547
116	-282	2515
116	-280	2483
116	-278	2487
116	-276	2380
116	-274	2411
116	-272	2544
116	-270	2427
116	-268	2497
116	-266	2552
116	-264	2467
116	-262	2417
116	-260	2529
116	-258	2463
116	-256	2521
116	-254	2512
116	-252	2501
116	-250	2501
116	-248	2505
116	-246	2436
116	-244	2403
116	-242	2382
116	-240	2402
116	-238	2381
116	-236	2354
116	-234	2421
116	-232	2449
116	-230	2457
116	-228	2446
116	-226	2472
116	-224	2412
116	-222	2459
116	-220	2459
116	-218	2465
116	-216	2435
116	-214	2410
116	-212	2434
116	-210	2456
116	-208	2379
116	-206	2455
116	-204	2483
116	-202	2422
116	-200	2471
116	-198	2521
116	-196	2423
116	-194	2483
116	-192	2430
116	-190	2419
116	-188	2481
116	-186	2394
116	-184	2458
116	-182	2462
116	-180	2447
116	-178	2448
116	-176	2421
116	-174	2443
116	-172	2394
116	-170	2441
116	-168	2414
116	-166	2333
116	-164	2335
116	-162	2373
116	-160	2377
116	-158	2344
116	-156	2356
116	-154	2353
116	-152	2326
116	-150	2342
116	-148	2376
116	-146	2447
116	-144	2384
116	-142	2431
116	-140	2309
116	-138	2313
116	-136	2426
116	-134	2399
116	-132	2343
116	-130	2417
116	-128	2374
116	-126	2379
116	-124	2346
116	-122	2421
116	-120	2411
116	-118	2401
116	-116	2413
116	-114	2288
116	-112	2401
116	-110	2352
116	-108	2399
116	-106	2359
116	-104	2355
116	-102	2388
116	-100	2393
116	-98	2362
116	-96	2365
116	-94	2320
116	-92	2334
116	-90	2355
116	-88	2390
116	-86	2374
116	-84	2344
116	-82	2369
116	-80	2295
116	-78	2370
116	-76	2373
116	-74	2278
116	-72	2314
116	-70	2414
116	-68	2374
116	-66	2338
116	-64	2323
116	-62	2366
116	-60	2335
116	-58	2347
116	-56	2347
116	-54	2344
116	-52	2325
116	-50	2296
116	-48	2340
116	-46	2321
116	-44	2329
116	-42	2348
116	-40	2302
116	-38	2349
116	-36	2393
116	-34	2375
116	-32	2360
116	-30	2378
116	-28	2376
116	-26	2409
116	-24	2364
116	-22	2381
116	-20	2471
116	-18	2359
116	-16	2370
116	-14	2395
116	-12	2341
116	-10	2361
116	-8	2423
116	-6	2381
116	-4	2376
116	-2	2331
116	0	2280
116	2	2343
116	4	2308
116	6	2385
116	8	2398
116	10	2416
116	12	2393
116	14	2394
116	16	2367
116	18	2416
116	20	2381
116	22	2363
116	24	2351
116	26	2392
116	28	2351
116	30	2395
116	32	2453
116	34	2363
116	36	2427
116	38	2416
116	40	2440
116	42	2382
116	44	2343
116	46	2404
116	48	2434
116	50	2372
116	52	2383
116	54	2430
116	56	2366
116	58	2233
116	60	2436
116	62	2425
116	64	2347
116	66	2397
116	68	2384
116	70	2397
116	72	2392
116	74	2442
116	76	2385
116	78	2360
116	80	2366
116	82	2395
116	84	2387
116	86	2309
116	88	2406
116	90	2348
116	92	2363
116	94	2312
116	96	2416
116	98	2349
120	-290	2767
120	-288	2773
120	-286	2784
120	-284	2793
120	-282	2823
120	-280	2806
120	-278	2714
120	-276	2754
120	-274	2813
120	-272	2773
120	-270	2761
120	-268	2855
120	-266	2736
120	-264	2803
120	-262	2776
120	-260	2755
120	-258	2702
120	-256	2873
120	-254	2816
120	-252	2710
120	-250	2764
120	-248	2765
120	-246	2840
120	-244	2788
120	-242	2816
120	-240	2805
120	-238	2791
120	-236	2728
120	-234	2751
120	-232	2718
120	-230	2640
120	-228	2741
120	-226	2670
120	-224	2789
120	-222	2700
120	-220	2714
120	-218	2705
120	-216	2766
120	-214	2642
120	-212	2695
120	-210	2667
120	-208	2673
120	-206	2649
120	-204	2652
120	-202	2666
120	-200	2679
120	-198	2693
120	-196	2621
120	-194	2580
120	-192	2623
120	-190	2688
120	-188	2674
120	-186	2740
120	-184	2572
120	-182	2653
120	-180	2564
120	-178	2529
120	-176	2511
120	-174	2667
120	-172	2668
120	-170	2716
120	-168	2698
120	-166	2644
120	-164	2705
120	-162	2684
120	-160	2675
120	-158	2626
120	-156	2663
120	-154	2712
120	-152	2694
120	-150	2693
120	-148	2547
120	-146	2626
120	-144	2653
120	-142	2562
120	-140	2684
120	-138	2646
120	-136	2630
120	-134	2712
120	-132	2591
120	-130	2638
120	-128	2632
120	-126	2626
120	-124	2621
120	-122	2552
120	-120	2543
120	-118	2650
120	-116	2618
120	-114	2540
120	-112	2576
120	-110	2593
120	-108	2553
120	-106	2647
120	-104	2697
120	-102	2643
120	-100	2625
120	-98	2610
120	-96	2659
120	-94	2637
120	-92	2596
120	-90	2660
120	-88	2659
120	-86	2671
120	-84	2699
120	-82	2587
120	-80	2613
120	-78	2621
120	-76	2628
120	-74	2660
120	-72	2681
120	-70	2663
120	-68	2675
120	-66	2606
120	-64	2606
120	-62	2690
120	-60	2539
120	-58	2658
120	-56	2724
120	-54	2623
120	-52	2564
120	-50	2614
120	-48	2606
120	-46	2623
120	-44	2609
120	-42	2543
120	-40	2653
120	-38	2661
120	-36	2617
120	-34	2616
120	-32	2624
120	-30	2660
120	-28	2633
120	-26	2674
120	-24	2552
120	-22	2704
120	-20	2521
120	-18	2593
120	-16	2403
120	-14	2621
120	-12	2561
120	-10	2563
120	-8	2585
120	-6	2560
120	-4	2644
120	-2	2588
120	0	2588
120	2	2588
120	4	2631
120	6	2599
120	8	2636
120	10	2593
120	12	2580
120	14	2631
120	16	2638
120	18	2693
120	20	2664
120	22	2582
120	24	2646
120	26	2647
120	28	2590
120	30	2650
120	32	2680
120	34	2632
120	36	2658
120	38	2509
120	40	2605
120	42	2659
120	44	2672
120	46	2655
120	48	2636
120	50	2569
120	52	2660
120	54	2684
120	56	2720
120	58	2646
120	60	2699
120	62	2618
120	64	2691
120	66	2598
120	68	2647
120	70	2691
120	72	2570
120	74	2656
120	76	2612
120	78	2643
120	80	2642
120	82	2654
120	84	2607
120	86	2602
120	88	2607
120	90	2639
120	92	2708
120	94	2637
120	96	2580
120	98	2640
