64	-290	2156
64	-288	2169
64	-286	2130
64	-284	2113
64	-282	2113
64	-280	2094
64	-278	2072
64	-276	2056
64	-274	1983
64	-272	1962
64	-270	1964
64	-268	1865
64	-266	1877
64	-264	1926
64	-262	1938
64	-260	1906
64	-258	1920
64	-256	1940
64	-254	1882
64	-252	1866
64	-250	1870
64	-248	1870
64	-246	1840
64	-244	1832
64	-242	1839
64	-240	1816
64	-238	1843
64	-236	1851
64	-234	1862
64	-232	1824
64	-230	1840
64	-228	1848
64	-226	1840
64	-224	1802
64	-222	1806
64	-220	1789
64	-218	1774
64	-216	1765
64	-214	1709
64	-212	1715
64	-210	1686
64	-208	1684
64	-206	1687
64	-204	1683
64	-202	1679
64	-200	1706
64	-198	1696
64	-196	1712
64	-194	1718
64	-192	1724
64	-190	1709
64	-188	1716
64	-186	1739
64	-184	1722
64	-182	1692
64	-180	1692
64	-178	1686
64	-176	1687
64	-174	1693
64	-172	1693
64	-170	1688
64	-168	1706
64	-166	1698
64	-164	1678
64	-162	1677
64	-160	1675
64	-158	1663
64	-156	1643
64	-154	1649
64	-152	1660
64	-150	1662
64	-148	1644
64	-146	1617
64	-144	1632
64	-142	1610
64	-140	1627
64	-138	1617
64	-136	1619
64	-134	1607
64	-132	1609
64	-130	1597
64	-128	1599
64	-126	1595
64	-124	1606
64	-122	1605
64	-120	1614
64	-118	1599
64	-116	1601
64	-114	1603
64	-112	1602
64	-110	1616
64	-108	1619
64	-106	1626
64	-104	1617
64	-102	1620
64	-100	1623
64	-98	1612
64	-96	1611
64	-94	1618
64	-92	1637
64	-90	1632
64	-88	1618
64	-86	1623
64	-84	1622
64	-82	1628
64	-80	1623
64	-78	1613
64	-76	1618
64	-74	1627
64	-72	1620
64	-70	1616
64	-68	1615
64	-66	1632
64	-64	1616
64	-62	1617
64	-60	1614
64	-58	1627
64	-56	1625
64	-54	1622
64	-52	1614
64	-50	1611
64	-48	1609
64	-46	1605
64	-44	1609
64	-42	1612
64	-40	1618
64	-38	1605
64	-36	1614
64	-34	1608
64	-32	1603
64	-30	1618
64	-28	1608
64	-26	1606
64	-24	1600
64	-22	1612
64	-20	1609
64	-18	1613
64	-16	1609
64	-14	1608
64	-12	1606
64	-10	1611
64	-8	1606
64	-6	1607
64	-4	1605
64	-2	1601
64	0	1609
64	2	1611
64	4	1606
64	6	1602
64	8	1608
64	10	1619
64	12	1613
64	14	1608
64	16	1607
64	18	1620
64	20	1612
64	22	1607
64	24	1612
64	26	1612
64	28	1612
64	30	1616
64	32	1608
64	34	1607
64	36	1610
64	38	1607
64	40	1610
64	42	1602
64	44	1611
64	46	1611
64	48	1606
64	50	1609
64	52	1604
64	54	1602
64	56	1606
64	58	1608
64	60	1610
64	62	1600
64	64	1610
64	66	1598
64	68	1616
64	70	1603
64	72	1606
64	74	1605
64	76	1599
64	78	1605
64	80	1601
64	82	1605
64	84	1608
64	86	1599
64	88	1604
64	90	1594
64	92	1595
64	94	1611
64	96	1599
64	98	1592
68	-290	2139
68	-288	2104
68	-286	2099
68	-284	2057
68	-282	2052
68	-280	2066
68	-278	2032
68	-276	1959
68	-274	1944
68	-272	1930
68	-270	1926
68	-268	1942
68	-266	1926
68	-264	1962
68	-262	1984
68	-260	1933
68	-258	1928
68	-256	1983
68	-254	1952
68	-252	1884
68	-250	1897
68	-248	1902
68	-246	1892
68	-244	1881
68	-242	1874
68	-240	1829
68	-238	1837
68	-236	1811
68	-234	1815
68	-232	1804
68	-230	1808
68	-228	1812
68	-226	1801
68	-224	1814
68	-222	1792
68	-220	1764
68	-218	1757
68	-216	1767
68	-214	1734
68	-212	1711
68	-210	1712
68	-208	1691
68	-206	1691
68	-204	1678
68	-202	1682
68	-200	1694
68	-198	1701
68	-196	1716
68	-194	1721
68	-192	1706
68	-190	1717
68	-188	1717
68	-186	1696
68	-184	1705
68	-182	1699
68	-180	1702
68	-178	1689
68	-176	1702
68	-174	1703
68	-172	1708
68	-170	1693
68	-168	1690
68	-166	1675
68	-164	1695
68	-162	1677
68	-160	1668
68	-158	1627
68	-156	1613
68	-154	1610
68	-152	1613
68	-150	1627
68	-148	1625
68	-146	1626
68	-144	1632
68	-142	1633
68	-140	1623
68	-138	1619
68	-136	1622
68	-134	1608
68	-132	1597
68	-130	1620
68	-128	1602
68	-126	1608
68	-124	1593
68	-122	1608
68	-120	1595
68	-118	1594
68	-116	1599
68	-114	1597
68	-112	1602
68	-110	1598
68	-108	1619
68	-106	1608
68	-104	1615
68	-102	1607
68	-100	1615
68	-98	1608
68	-96	1616
68	-94	1621
68	-92	1614
68	-90	1615
68	-88	1610
68	-86	1635
68	-84	1640
68	-82	1620
68	-80	1632
68	-78	1623
68	-76	1609
68	-74	1616
68	-72	1625
68	-70	1614
68	-68	1609
68	-66	1610
68	-64	1622
68	-62	1617
68	-60	1613
68	-58	1623
68	-56	1616
68	-54	1617
68	-52	1610
68	-50	1603
68	-48	1620
68	-46	1623
68	-44	1618
68	-42	1605
68	-40	1615
68	-38	1606
68	-36	1606
68	-34	1605
68	-32	1606
68	-30	1612
68	-28	1602
68	-26	1614
68	-24	1602
68	-22	1610
68	-20	1601
68	-18	1595
68	-16	1599
68	-14	1602
68	-12	1599
68	-10	1608
68	-8	1617
68	-6	1606
68	-4	1598
68	-2	1608
68	0	1612
68	2	1613
68	4	1601
68	6	1608
68	8	1603
68	10	1612
68	12	1618
68	14	1607
68	16	1615
68	18	1612
68	20	1610
68	22	1628
68	24	1612
68	26	1609
68	28	1615
68	30	1593
68	32	1605
68	34	1605
68	36	1600
68	38	1606
68	40	1610
68	42	1597
68	44	1609
68	46	1605
68	48	1607
68	50	1608
68	52	1603
68	54	1598
68	56	1606
68	58	1607
68	60	1614
68	62	1617
68	64	1609
68	66	1606
68	68	1607
68	70	1609
68	72	1611
68	74	1617
68	76	1622
68	78	1613
68	80	1617
68	82	1616
68	84	1608
68	86	1618
68	88	1612
68	90	1613
68	92	1611
68	94	1605
68	96	1625
68	98	1617
72	-290	2222
72	-288	2198
72	-286	2160
72	-284	2213
72	-282	2098
72	-280	2025
72	-278	2015
72	-276	2022
72	-274	2012
72	-272	2007
72	-270	1975
72	-268	1957
72	-266	1969
72	-264	1980
72	-262	1972
72	-260	1983
72	-258	1964
72	-256	1909
72	-254	1932
72	-252	1908
72	-250	1911
72	-248	1896
72	-246	1904
72	-244	1880
72	-242	1890
72	-240	1886
72	-238	1872
72	-236	1855
72	-234	1826
72	-232	1832
72	-230	1809
72	-228	1809
72	-226	1782
72	-224	1772
72	-222	1776
72	-220	1783
72	-218	1787
72	-216	1803
72	-214	1802
72	-212	1791
72	-210	1790
72	-208	1758
72	-206	1754
72	-204	1755
72	-202	1743
72	-200	1742
72	-198	1725
72	-196	1713
72	-194	1722
72	-192	1729
72	-190	1696
72	-188	1701
72	-186	1687
72	-184	1677
72	-182	1681
72	-180	1703
72	-178	1692
72	-176	1686
72	-174	1696
72	-172	1688
72	-170	1700
72	-168	1713
72	-166	1691
72	-164	1689
72	-162	1678
72	-160	1690
72	-158	1695
72	-156	1669
72	-154	1667
72	-152	1662
72	-150	1650
72	-148	1641
72	-146	1643
72	-144	1630
72	-142	1632
72	-140	1624
72	-138	1625
72	-136	1640
72	-134	1639
72	-132	1618
72	-130	1629
72	-128	1627
72	-126	1629
72	-124	1634
72	-122	1618
72	-120	1610
72	-118	1609
72	-116	1600
72	-114	1599
72	-112	1599
72	-110	1623
72	-108	1582
72	-106	1593
72	-104	1606
72	-102	1607
72	-100	1607
72	-98	1586
72	-96	1604
72	-94	1604
72	-92	1597
72	-90	1597
72	-88	1603
72	-86	1618
72	-84	1616
72	-82	1600
72	-80	1604
72	-78	1604
72	-76	1605
72	-74	1611
72	-72	1605
72	-70	1614
72	-68	1613
72	-66	1618
72	-64	1611
72	-62	1606
72	-60	1610
72	-58	1605
72	-56	1596
72	-54	1594
72	-52	1594
72	-50	1604
72	-48	1619
72	-46	1595
72	-44	1603
72	-42	1604
72	-40	1604
72	-38	1598
72	-36	1597
72	-34	1602
72	-32	1606
72	-30	1606
72	-28	1602
72	-26	1598
72	-24	1594
72	-22	1596
72	-20	1599
72	-18	1586
72	-16	1593
72	-14	1609
72	-12	1595
72	-10	1602
72	-8	1602
72	-6	1610
72	-4	1598
72	-2	1595
72	0	1594
72	2	1601
72	4	1606
72	6	1594
72	8	1624
72	10	1615
72	12	1613
72	14	1609
72	16	1611
72	18	1614
72	20	1601
72	22	1612
72	24	1611
72	26	1613
72	28	1609
72	30	1601
72	32	1611
72	34	1611
72	36	1610
72	38	1605
72	40	1604
72	42	1607
72	44	1605
72	46	1606
72	48	1609
72	50	1603
72	52	1611
72	54	1609
72	56	1612
72	58	1605
72	60	1607
72	62	1603
72	64	1604
72	66	1607
72	68	1609
72	70	1601
72	72	1604
72	74	1614
72	76	1607
72	78	1611
72	80	1604
72	82	1608
72	84	1609
72	86	1606
72	88	1612
72	90	1599
72	92	1601
72	94	1607
72	96	1612
72	98	1606
76	-290	2157
76	-288	2156
76	-286	2142
76	-284	2188
76	-282	2129
76	-280	2124
76	-278	2121
76	-276	2118
76	-274	2116
76	-272	2132
76	-270	2049
76	-268	2036
76	-266	2031
76	-264	2003
76	-262	2043
76	-260	2005
76	-258	1927
76	-256	1946
76	-254	1890
76	-252	1910
76	-250	1932
76	-248	1912
76	-246	1866
76	-244	1875
76	-242	1883
76	-240	1844
76	-238	1815
76	-236	1835
76	-234	1825
76	-232	1826
76	-230	1825
76	-228	1809
76	-226	1807
76	-224	1804
76	-222	1758
76	-220	1769
76	-218	1723
76	-216	1710
76	-214	1720
76	-212	1716
76	-210	1720
76	-208	1741
76	-206	1748
76	-204	1752
76	-202	1731
76	-200	1728
76	-198	1700
76	-196	1732
76	-194	1726
76	-192	1723
76	-190	1721
76	-188	1722
76	-186	1722
76	-184	1702
76	-182	1690
76	-180	1672
76	-178	1663
76	-176	1668
76	-174	1672
76	-172	1670
76	-170	1671
76	-168	1678
76	-166	1694
76	-164	1671
76	-162	1663
76	-160	1672
76	-158	1674
76	-156	1665
76	-154	1665
76	-152	1661
76	-150	1659
76	-148	1654
76	-146	1642
76	-144	1637
76	-142	1620
76	-140	1637
76	-138	1629
76	-136	1631
76	-134	1619
76	-132	1626
76	-130	1642
76	-128	1627
76	-126	1623
76	-124	1614
76	-122	1628
76	-120	1623
76	-118	1623
76	-116	1624
76	-114	1622
76	-112	1625
76	-110	1615
76	-108	1620
76	-106	1615
76	-104	1608
76	-102	1605
76	-100	1610
76	-98	1608
76	-96	1608
76	-94	1610
76	-92	1620
76	-90	1630
76	-88	1615
76	-86	1611
76	-84	1606
76	-82	1608
76	-80	1610
76	-78	1608
76	-76	1611
76	-74	1609
76	-72	1614
76	-70	1611
76	-68	1617
76	-66	1608
76	-64	1617
76	-62	1605
76	-60	1602
76	-58	1616
76	-56	1607
76	-54	1606
76	-52	1616
76	-50	1604
76	-48	1609
76	-46	1612
76	-44	1608
76	-42	1606
76	-40	1608
76	-38	1603
76	-36	1597
76	-34	1610
76	-32	1614
76	-30	1603
76	-28	1612
76	-26	1615
76	-24	1613
76	-22	1602
76	-20	1610
76	-18	1591
76	-16	1603
76	-14	1592
76	-12	1601
76	-10	1591
76	-8	1604
76	-6	1599
76	-4	1601
76	-2	1603
76	0	1603
76	2	1594
76	4	1605
76	6	1607
76	8	1602
76	10	1599
76	12	1593
76	14	1593
76	16	1597
76	18	1604
76	20	1600
76	22	1607
76	24	1596
76	26	1607
76	28	1600
76	30	1597
76	32	1599
76	34	1596
76	36	1609
76	38	1616
76	40	1598
76	42	1601
76	44	1605
76	46	1618
76	48	1596
76	50	1597
76	52	1595
76	54	1598
76	56	1604
76	58	1604
76	60	1601
76	62	1610
76	64	1606
76	66	1598
76	68	1600
76	70	1611
76	72	1594
76	74	1603
76	76	1605
76	78	1591
76	80	1599
76	82	1609
76	84	1597
76	86	1597
76	88	1599
76	90	1606
76	92	1609
76	94	1608
76	96	1599
76	98	1601
80	-290	2217
80	-288	2251
80	-286	2240
80	-284	2185
80	-282	2146
80	-280	2118
80	-278	2122
80	-276	2098
80	-274	2080
80	-272	2013
80	-270	2019
80	-268	1996
80	-266	1998
80	-264	1993
80	-262	2034
80	-260	1965
80	-258	1926
80	-256	1930
80	-254	1955
80	-252	1918
80	-250	1909
80	-248	1896
80	-246	1873
80	-244	1871
80	-242	1828
80	-240	1839
80	-238	1846
80	-236	1802
80	-234	1819
80	-232	1817
80	-230	1806
80	-228	1801
80	-226	1816
80	-224	1732
80	-222	1733
80	-220	1749
80	-218	1731
80	-216	1745
80	-214	1745
80	-212	1751
80	-210	1753
80	-208	1763
80	-206	1749
80	-204	1757
80	-202	1761
80	-200	1758
80	-198	1741
80	-196	1746
80	-194	1740
80	-192	1742
80	-190	1736
80	-188	1713
80	-186	1698
80	-184	1704
80	-182	1704
80	-180	1694
80	-178	1698
80	-176	1690
80	-174	1680
80	-172	1659
80	-170	1667
80	-168	1665
80	-166	1669
80	-164	1660
80	-162	1676
80	-160	1663
80	-158	1673
80	-156	1679
80	-154	1664
80	-152	1668
80	-150	1673
80	-148	1649
80	-146	1638
80	-144	1641
80	-142	1631
80	-140	1610
80	-138	1611
80	-136	1618
80	-134	1623
80	-132	1618
80	-130	1624
80	-128	1611
80	-126	1623
80	-124	1626
80	-122	1630
80	-120	1627
80	-118	1632
80	-116	1617
80	-114	1621
80	-112	1626
80	-110	1627
80	-108	1636
80	-106	1629
80	-104	1616
80	-102	1636
80	-100	1617
80	-98	1616
80	-96	1620
80	-94	1604
80	-92	1605
80	-90	1605
80	-88	1622
80	-86	1608
80	-84	1605
80	-82	1612
80	-80	1617
80	-78	1609
80	-76	1610
80	-74	1610
80	-72	1611
80	-70	1615
80	-68	1612
80	-66	1613
80	-64	1606
80	-62	1616
80	-60	1605
80	-58	1615
80	-56	1624
80	-54	1623
80	-52	1620
80	-50	1621
80	-48	1620
80	-46	1620
80	-44	1624
80	-42	1615
80	-40	1637
80	-38	1634
80	-36	1642
80	-34	1626
80	-32	1636
80	-30	1620
80	-28	1637
80	-26	1631
80	-24	1630
80	-22	1624
80	-20	1630
80	-18	1623
80	-16	1641
80	-14	1639
80	-12	1630
80	-10	1634
80	-8	1602
80	-6	1627
80	-4	1616
80	-2	1637
80	0	1616
80	2	1624
80	4	1625
80	6	1622
80	8	1621
80	10	1622
80	12	1615
80	14	1617
80	16	1617
80	18	1620
80	20	1619
80	22	1615
80	24	1618
80	26	1609
80	28	1617
80	30	1621
80	32	1614
80	34	1618
80	36	1615
80	38	1616
80	40	1594
80	42	1620
80	44	1638
80	46	1617
80	48	1618
80	50	1613
80	52	1606
80	54	1614
80	56	1611
80	58	1613
80	60	1604
80	62	1611
80	64	1604
80	66	1599
80	68	1610
80	70	1598
80	72	1603
80	74	1602
80	76	1591
80	78	1601
80	80	1604
80	82	1621
80	84	1607
80	86	1625
80	88	1627
80	90	1626
80	92	1627
80	94	1629
80	96	1624
80	98	1627
84	-290	2141
84	-288	2141
84	-286	2094
84	-284	2124
84	-282	2084
84	-280	2079
84	-278	2034
84	-276	2043
84	-274	2007
84	-272	2003
84	-270	2012
84	-268	2001
84	-266	1951
84	-264	1942
84	-262	1947
84	-260	1874
84	-258	1897
84	-256	1911
84	-254	1891
84	-252	1860
84	-250	1871
84	-248	1874
84	-246	1864
84	-244	1872
84	-242	1847
84	-240	1870
84	-238	1829
84	-236	1802
84	-234	1805
84	-232	1824
84	-230	1799
84	-228	1793
84	-226	1798
84	-224	1790
84	-222	1750
84	-220	1750
84	-218	1729
84	-216	1735
84	-214	1754
84	-212	1743
84	-210	1742
84	-208	1726
84	-206	1707
84	-204	1695
84	-202	1717
84	-200	1720
84	-198	1724
84	-196	1715
84	-194	1725
84	-192	1741
84	-190	1719
84	-188	1717
84	-186	1737
84	-184	1743
84	-182	1745
84	-180	1715
84	-178	1701
84	-176	1688
84	-174	1694
84	-172	1652
84	-170	1653
84	-168	1679
84	-166	1681
84	-164	1681
84	-162	1651
84	-160	1659
84	-158	1698
84	-156	1664
84	-154	1667
84	-152	1647
84	-150	1651
84	-148	1657
84	-146	1643
84	-144	1671
84	-142	1693
84	-140	1685
84	-138	1657
84	-136	1660
84	-134	1666
84	-132	1636
84	-130	1637
84	-128	1634
84	-126	1629
84	-124	1615
84	-122	1626
84	-120	1614
84	-118	1618
84	-116	1623
84	-114	1621
84	-112	1613
84	-110	1620
84	-108	1628
84	-106	1611
84	-104	1633
84	-102	1622
84	-100	1609
84	-98	1624
84	-96	1620
84	-94	1619
84	-92	1615
84	-90	1607
84	-88	1616
84	-86	1621
84	-84	1632
84	-82	1637
84	-80	1638
84	-78	1633
84	-76	1627
84	-74	1623
84	-72	1624
84	-70	1640
84	-68	1624
84	-66	1611
84	-64	1641
84	-62	1614
84	-60	1617
84	-58	1632
84	-56	1624
84	-54	1617
84	-52	1625
84	-50	1622
84	-48	1639
84	-46	1630
84	-44	1629
84	-42	1632
84	-40	1625
84	-38	1624
84	-36	1636
84	-34	1631
84	-32	1629
84	-30	1645
84	-28	1642
84	-26	1631
84	-24	1625
84	-22	1622
84	-20	1630
84	-18	1638
84	-16	1629
84	-14	1621
84	-12	1622
84	-10	1653
84	-8	1625
84	-6	1631
84	-4	1631
84	-2	1620
84	0	1620
84	2	1618
84	4	1628
84	6	1615
84	8	1616
84	10	1619
84	12	1612
84	14	1616
84	16	1615
84	18	1617
84	20	1623
84	22	1611
84	24	1619
84	26	1610
84	28	1613
84	30	1624
84	32	1615
84	34	1625
84	36	1607
84	38	1632
84	40	1639
84	42	1641
84	44	1629
84	46	1625
84	48	1646
84	50	1632
84	52	1635
84	54	1627
84	56	1623
84	58	1626
84	60	1619
84	62	1626
84	64	1639
84	66	1620
84	68	1613
84	70	1601
84	72	1612
84	74	1621
84	76	1612
84	78	1601
84	80	1615
84	82	1620
84	84	1622
84	86	1618
84	88	1612
84	90	1594
84	92	1606
84	94	1612
84	96	1622
84	98	1612
88	-290	2043
88	-288	2055
88	-286	2048
88	-284	2017
88	-282	2068
88	-280	2048
88	-278	2034
88	-276	2071
88	-274	2055
88	-272	2034
88	-270	2020
88	-268	2041
88	-266	1988
88	-264	1988
88	-262	1947
88	-260	1932
88	-258	1929
88	-256	1909
88	-254	1906
88	-252	1875
88	-250	1878
88	-248	1906
88	-246	1872
88	-244	1865
88	-242	1868
88	-240	1812
88	-238	1834
88	-236	1799
88	-234	1779
88	-232	1787
88	-230	1792
88	-228	1788
88	-226	1795
88	-224	1796
88	-222	1797
88	-220	1764
88	-218	1764
88	-216	1757
88	-214	1761
88	-212	1770
88	-210	1784
88	-208	1793
88	-206	1779
88	-204	1727
88	-202	1727
88	-200	1732
88	-198	1731
88	-196	1730
88	-194	1734
88	-192	1725
88	-190	1731
88	-188	1735
88	-186	1728
88	-184	1709
88	-182	1722
88	-180	1703
88	-178	1695
88	-176	1724
88	-174	1716
88	-172	1717
88	-170	1708
88	-168	1690
88	-166	1703
88	-164	1696
88	-162	1678
88	-160	1679
88	-158	1673
88	-156	1671
88	-154	1674
88	-152	1689
88	-150	1671
88	-148	1680
88	-146	1685
88	-144	1681
88	-142	1682
88	-140	1670
88	-138	1665
88	-136	1661
88	-134	1656
88	-132	1649
88	-130	1640
88	-128	1649
88	-126	1636
88	-124	1633
88	-122	1651
88	-120	1654
88	-118	1661
88	-116	1653
88	-114	1650
88	-112	1652
88	-110	1648
88	-108	1660
88	-106	1648
88	-104	1646
88	-102	1649
88	-100	1653
88	-98	1644
88	-96	1649
88	-94	1661
88	-92	1656
88	-90	1667
88	-88	1667
88	-86	1656
88	-84	1650
88	-82	1646
88	-80	1645
88	-78	1655
88	-76	1655
88	-74	1654
88	-72	1659
88	-70	1670
88	-68	1662
88	-66	1664
88	-64	1656
88	-62	1669
88	-60	1685
88	-58	1667
88	-56	1669
88	-54	1666
88	-52	1668
88	-50	1677
88	-48	1660
88	-46	1670
88	-44	1684
88	-42	1668
88	-40	1647
88	-38	1651
88	-36	1660
88	-34	1649
88	-32	1646
88	-30	1652
88	-28	1647
88	-26	1641
88	-24	1652
88	-22	1642
88	-20	1639
88	-18	1647
88	-16	1650
88	-14	1654
88	-12	1641
88	-10	1648
88	-8	1650
88	-6	1651
88	-4	1641
88	-2	1612
88	0	1651
88	2	1623
88	4	1646
88	6	1641
88	8	1658
88	10	1636
88	12	1638
88	14	1625
88	16	1638
88	18	1639
88	20	1631
88	22	1649
88	24	1640
88	26	1630
88	28	1628
88	30	1633
88	32	1616
88	34	1629
88	36	1635
88	38	1623
88	40	1632
88	42	1612
88	44	1616
88	46	1615
88	48	1621
88	50	1620
88	52	1629
88	54	1622
88	56	1611
88	58	1644
88	60	1629
88	62	1624
88	64	1628
88	66	1616
88	68	1630
88	70	1630
88	72	1634
88	74	1638
88	76	1631
88	78	1626
88	80	1650
88	82	1639
88	84	1644
88	86	1650
88	88	1638
88	90	1641
88	92	1640
88	94	1655
88	96	1654
88	98	1642
92	-290	1996
92	-288	1987
92	-286	1967
92	-284	2037
92	-282	2031
92	-280	2019
92	-278	2060
92	-276	2025
92	-274	2039
92	-272	2034
92	-270	2008
92	-268	1979
92	-266	1998
92	-264	1903
92	-262	1891
92	-260	1861
92	-258	1876
92	-256	1890
92	-254	1893
92	-252	1795
92	-250	1801
92	-248	1804
92	-246	1827
92	-244	1820
92	-242	1826
92	-240	1835
92	-238	1849
92	-236	1845
92	-234	1823
92	-232	1821
92	-230	1828
92	-228	1844
92	-226	1832
92	-224	1818
92	-222	1813
92	-220	1821
92	-218	1789
92	-216	1790
92	-214	1776
92	-212	1777
92	-210	1753
92	-208	1721
92	-206	1732
92	-204	1739
92	-202	1740
92	-200	1741
92	-198	1722
92	-196	1714
92	-194	1722
92	-192	1719
92	-190	1731
92	-188	1709
92	-186	1698
92	-184	1710
92	-182	1708
92	-180	1714
92	-178	1692
92	-176	1686
92	-174	1674
92	-172	1698
92	-170	1678
92	-168	1691
92	-166	1701
92	-164	1674
92	-162	1679
92	-160	1697
92	-158	1697
92	-156	1690
92	-154	1680
92	-152	1684
92	-150	1671
92	-148	1682
92	-146	1659
92	-144	1672
92	-142	1675
92	-140	1676
92	-138	1667
92	-136	1664
92	-134	1659
92	-132	1665
92	-130	1650
92	-128	1642
92	-126	1642
92	-124	1636
92	-122	1636
92	-120	1640
92	-118	1653
92	-116	1644
92	-114	1637
92	-112	1648
92	-110	1630
92	-108	1654
92	-106	1645
92	-104	1646
92	-102	1636
92	-100	1638
92	-98	1652
92	-96	1652
92	-94	1652
92	-92	1652
92	-90	1666
92	-88	1646
92	-86	1661
92	-84	1653
92	-82	1666
92	-80	1670
92	-78	1659
92	-76	1662
92	-74	1687
92	-72	1674
92	-70	1650
92	-68	1651
92	-66	1666
92	-64	1650
92	-62	1656
92	-60	1663
92	-58	1650
92	-56	1645
92	-54	1653
92	-52	1653
92	-50	1649
92	-48	1658
92	-46	1647
92	-44	1665
92	-42	1659
92	-40	1655
92	-38	1680
92	-36	1674
92	-34	1668
92	-32	1653
92	-30	1668
92	-28	1668
92	-26	1666
92	-24	1673
92	-22	1663
92	-20	1652
92	-18	1646
92	-16	1648
92	-14	1649
92	-12	1632
92	-10	1627
92	-8	1629
92	-6	1658
92	-4	1652
92	-2	1644
92	0	1635
92	2	1635
92	4	1645
92	6	1632
92	8	1637
92	10	1633
92	12	1642
92	14	1646
92	16	1645
92	18	1645
92	20	1637
92	22	1648
92	24	1619
92	26	1639
92	28	1651
92	30	1614
92	32	1639
92	34	1648
92	36	1628
92	38	1638
92	40	1646
92	42	1630
92	44	1641
92	46	1648
92	48	1637
92	50	1636
92	52	1631
92	54	1643
92	56	1638
92	58	1632
92	60	1658
92	62	1642
92	64	1662
92	66	1628
92	68	1634
92	70	1631
92	72	1631
92	74	1641
92	76	1637
92	78	1632
92	80	1636
92	82	1642
92	84	1635
92	86	1651
92	88	1640
92	90	1641
92	92	1642
92	94	1640
92	96	1645
92	98	1652
96	-290	2108
96	-288	2111
96	-286	2077
96	-284	2058
96	-282	2065
96	-280	2050
96	-278	2008
96	-276	2025
96	-274	2052
96	-272	2010
96	-270	1936
96	-268	1920
96	-266	1921
96	-264	1895
96	-262	1891
96	-260	1894
96	-258	1891
96	-256	1876
96	-254	1853
96	-252	1850
96	-250	1867
96	-248	1865
96	-246	1854
96	-244	1858
96	-242	1837
96	-240	1825
96	-238	1801
96	-236	1807
96	-234	1809
96	-232	1794
96	-230	1817
96	-228	1806
96	-226	1818
96	-224	1796
96	-222	1796
96	-220	1800
96	-218	1798
96	-216	1821
96	-214	1820
96	-212	1809
96	-210	1791
96	-208	1796
96	-206	1771
96	-204	1780
96	-202	1726
96	-200	1735
96	-198	1740
96	-196	1739
96	-194	1727
96	-192	1720
96	-190	1732
96	-188	1701
96	-186	1700
96	-184	1711
96	-182	1698
96	-180	1700
96	-178	1703
96	-176	1698
96	-174	1717
96	-172	1693
96	-170	1707
96	-168	1713
96	-166	1731
96	-164	1712
96	-162	1720
96	-160	1724
96	-158	1716
96	-156	1717
96	-154	1739
96	-152	1732
96	-150	1745
96	-148	1732
96	-146	1740
96	-144	1736
96	-142	1738
96	-140	1744
96	-138	1728
96	-136	1732
96	-134	1728
96	-132	1736
96	-130	1729
96	-128	1716
96	-126	1727
96	-124	1714
96	-122	1726
96	-120	1702
96	-118	1698
96	-116	1699
96	-114	1693
96	-112	1707
96	-110	1699
96	-108	1693
96	-106	1695
96	-104	1686
96	-102	1681
96	-100	1683
96	-98	1679
96	-96	1689
96	-94	1660
96	-92	1680
96	-90	1671
96	-88	1681
96	-86	1685
96	-84	1683
96	-82	1688
96	-80	1688
96	-78	1697
96	-76	1668
96	-74	1693
96	-72	1653
96	-70	1674
96	-68	1695
96	-66	1677
96	-64	1675
96	-62	1670
96	-60	1669
96	-58	1647
96	-56	1670
96	-54	1667
96	-52	1655
96	-50	1662
96	-48	1674
96	-46	1670
96	-44	1658
96	-42	1667
96	-40	1681
96	-38	1682
96	-36	1681
96	-34	1694
96	-32	1693
96	-30	1688
96	-28	1686
96	-26	1674
96	-24	1677
96	-22	1694
96	-20	1698
96	-18	1691
96	-16	1667
96	-14	1699
96	-12	1705
96	-10	1703
96	-8	1690
96	-6	1679
96	-4	1701
96	-2	1712
96	0	1704
96	2	1683
96	4	1704
96	6	1686
96	8	1679
96	10	1697
96	12	1674
96	14	1679
96	16	1670
96	18	1645
96	20	1666
96	22	1660
96	24	1656
96	26	1677
96	28	1646
96	30	1657
96	32	1667
96	34	1648
96	36	1652
96	38	1651
96	40	1657
96	42	1652
96	44	1648
96	46	1651
96	48	1641
96	50	1645
96	52	1647
96	54	1630
96	56	1643
96	58	1659
96	60	1638
96	62	1641
96	64	1646
96	66	1655
96	68	1632
96	70	1649
96	72	1654
96	74	1640
96	76	1648
96	78	1651
96	80	1654
96	82	1643
96	84	1649
96	86	1676
96	88	1636
96	90	1649
96	92	1640
96	94	1628
96	96	1630
96	98	1648
100	-290	2089
100	-288	2038
100	-286	2071
100	-284	2072
100	-282	2027
100	-280	2024
100	-278	2020
100	-276	2033
100	-274	2045
100	-272	2029
100	-270	2003
100	-268	1984
100	-266	1941
100	-264	1933
100	-262	1940
100	-260	1953
100	-258	1965
100	-256	1929
100	-254	1928
100	-252	1927
100	-250	1926
100	-248	1926
100	-246	1906
100	-244	1891
100	-242	1892
100	-240	1868
100	-238	1848
100	-236	1847
100	-234	1841
100	-232	1835
100	-230	1826
100	-228	1825
100	-226	1809
100	-224	1794
100	-222	1800
100	-220	1777
100	-218	1779
100	-216	1782
100	-214	1788
100	-212	1793
100	-210	1743
100	-208	1781
100	-206	1799
100	-204	1771
100	-202	1772
100	-200	1787
100	-198	1772
100	-196	1777
100	-194	1774
100	-192	1786
100	-190	1764
100	-188	1754
100	-186	1774
100	-184	1725
100	-182	1741
100	-180	1750
100	-178	1737
100	-176	1754
100	-174	1730
100	-172	1749
100	-170	1727
100	-168	1761
100	-166	1740
100	-164	1747
100	-162	1739
100	-160	1739
100	-158	1734
100	-156	1738
100	-154	1748
100	-152	1746
100	-150	1699
100	-148	1728
100	-146	1695
100	-144	1714
100	-142	1725
100	-140	1723
100	-138	1705
100	-136	1736
100	-134	1739
100	-132	1735
100	-130	1753
100	-128	1744
100	-126	1761
100	-124	1728
100	-122	1752
100	-120	1753
100	-118	1725
100	-116	1734
100	-114	1740
100	-112	1735
100	-110	1727
100	-108	1735
100	-106	1732
100	-104	1736
100	-102	1741
100	-100	1717
100	-98	1729
100	-96	1737
100	-94	1719
100	-92	1740
100	-90	1713
100	-88	1709
100	-86	1696
100	-84	1703
100	-82	1690
100	-80	1665
100	-78	1703
100	-76	1677
100	-74	1680
100	-72	1701
100	-70	1694
100	-68	1712
100	-66	1703
100	-64	1709
100	-62	1687
100	-60	1701
100	-58	1692
100	-56	1699
100	-54	1710
100	-52	1707
100	-50	1715
100	-48	1668
100	-46	1693
100	-44	1674
100	-42	1672
100	-40	1651
100	-38	1665
100	-36	1673
100	-34	1695
100	-32	1672
100	-30	1676
100	-28	1682
100	-26	1698
100	-24	1700
100	-22	1700
100	-20	1696
100	-18	1690
100	-16	1693
100	-14	1718
100	-12	1714
100	-10	1704
100	-8	1721
100	-6	1738
100	-4	1728
100	-2	1717
100	0	1732
100	2	1697
100	4	1722
100	6	1727
100	8	1759
100	10	1734
100	12	1747
100	14	1729
100	16	1739
100	18	1734
100	20	1730
100	22	1729
100	24	1715
100	26	1703
100	28	1711
100	30	1689
100	32	1692
100	34	1729
100	36	1721
100	38	1737
100	40	1727
100	42	1709
100	44	1708
100	46	1736
100	48	1725
100	50	1727
100	52	1714
100	54	1730
100	56	1732
100	58	1722
100	60	1731
100	62	1719
100	64	1725
100	66	1720
100	68	1708
100	70	1699
100	72	1720
100	74	1691
100	76	1685
100	78	1715
100	80	1714
100	82	1729
100	84	1719
100	86	1717
100	88	1717
100	90	1704
100	92	1720
100	94	1661
100	96	1708
100	98	1687
104	-290	2102
104	-288	2094
104	-286	2043
104	-284	2034
104	-282	2023
104	-280	2027
104	-278	2034
104	-276	2022
104	-274	1988
104	-272	1978
104	-270	1968
104	-268	1915
104	-266	1932
104	-264	1925
104	-262	1929
104	-260	1931
104	-258	1931
104	-256	1906
104	-254	1890
104	-252	1897
104	-250	1886
104	-248	1872
104	-246	1883
104	-244	1858
104	-242	1877
104	-240	1882
104	-238	1886
104	-236	1891
104	-234	1883
104	-232	1850
104	-230	1848
104	-228	1844
104	-226	1857
104	-224	1842
104	-222	1797
104	-220	1801
104	-218	1816
104	-216	1835
104	-214	1819
104	-212	1826
104	-210	1809
104	-208	1809
104	-206	1788
104	-204	1785
104	-202	1772
104	-200	1784
104	-198	1775
104	-196	1792
104	-194	1765
104	-192	1795
104	-190	1739
104	-188	1720
104	-186	1760
104	-184	1754
104	-182	1760
104	-180	1717
104	-178	1750
104	-176	1722
104	-174	1717
104	-172	1701
104	-170	1725
104	-168	1698
104	-166	1742
104	-164	1722
104	-162	1716
104	-160	1731
104	-158	1733
104	-156	1734
104	-154	1719
104	-152	1728
104	-150	1730
104	-148	1725
104	-146	1713
104	-144	1703
104	-142	1701
104	-140	1699
104	-138	1710
104	-136	1707
104	-134	1697
104	-132	1722
104	-130	1711
104	-128	1718
104	-126	1700
104	-124	1714
104	-122	1732
104	-120	1722
104	-118	1709
104	-116	1713
104	-114	1711
104	-112	1712
104	-110	1704
104	-108	1702
104	-106	1724
104	-104	1676
104	-102	1713
104	-100	1713
104	-98	1706
104	-96	1708
104	-94	1707
104	-92	1706
104	-90	1713
104	-88	1687
104	-86	1700
104	-84	1720
104	-82	1728
104	-80	1698
104	-78	1745
104	-76	1717
104	-74	1715
104	-72	1730
104	-70	1736
104	-68	1674
104	-66	1724
104	-64	1739
104	-62	1731
104	-60	1729
104	-58	1731
104	-56	1733
104	-54	1729
104	-52	1741
104	-50	1763
104	-48	1739
104	-46	1732
104	-44	1755
104	-42	1726
104	-40	1716
104	-38	1698
104	-36	1732
104	-34	1730
104	-32	1709
104	-30	1694
104	-28	1660
104	-26	1702
104	-24	1719
104	-22	1728
104	-20	1698
104	-18	1709
104	-16	1723
104	-14	1726
104	-12	1727
104	-10	1718
104	-8	1722
104	-6	1727
104	-4	1731
104	-2	1701
104	0	1727
104	2	1704
104	4	1721
104	6	1714
104	8	1722
104	10	1717
104	12	1715
104	14	1711
104	16	1716
104	18	1745
104	20	1727
104	22	1722
104	24	1732
104	26	1726
104	28	1730
104	30	1731
104	32	1712
104	34	1692
104	36	1704
104	38	1719
104	40	1679
104	42	1714
104	44	1704
104	46	1723
104	48	1722
104	50	1725
104	52	1670
104	54	1694
104	56	1724
104	58	1714
104	60	1742
104	62	1726
104	64	1728
104	66	1760
104	68	1694
104	70	1712
104	72	1719
104	74	1710
104	76	1734
104	78	1730
104	80	1707
104	82	1732
104	84	1740
104	86	1737
104	88	1740
104	90	1743
104	92	1776
104	94	1761
104	96	1744
104	98	1763
108	-290	2139
108	-288	2134
108	-286	2038
108	-284	2017
108	-282	2040
108	-280	2038
108	-278	2058
108	-276	2009
108	-274	1979
108	-272	1992
108	-270	1969
108	-268	1982
108	-266	1940
108	-264	1936
108	-262	1944
108	-260	1932
108	-258	1929
108	-256	1926
108	-254	1894
108	-252	1903
108	-250	1864
108	-248	1907
108	-246	1926
108	-244	1909
108	-242	1899
108	-240	1912
108	-238	1888
108	-236	1880
108	-234	1890
108	-232	1854
108	-230	1856
108	-228	1856
108	-226	1868
108	-224	1846
108	-222	1812
108	-220	1853
108	-218	1840
108	-216	1822
108	-214	1848
108	-212	1816
108	-210	1794
108	-208	1785
108	-206	1803
108	-204	1813
108	-202	1784
108	-200	1774
108	-198	1748
108	-196	1769
108	-194	1760
108	-192	1782
108	-190	1752
108	-188	1724
108	-186	1776
108	-184	1796
108	-182	1790
108	-180	1787
108	-178	1764
108	-176	1788
108	-174	1805
108	-172	1790
108	-170	1798
108	-168	1772
108	-166	1768
108	-164	1757
108	-162	1776
108	-160	1785
108	-158	1768
108	-156	1755
108	-154	1777
108	-152	1791
108	-150	1808
108	-148	1795
108	-146	1786
108	-144	1794
108	-142	1821
108	-140	1834
108	-138	1818
108	-136	1805
108	-134	1775
108	-132	1821
108	-130	1802
108	-128	1800
108	-126	1775
108	-124	1774
108	-122	1740
108	-120	1744
108	-118	1757
108	-116	1769
108	-114	1729
108	-112	1757
108	-110	1735
108	-108	1750
108	-106	1743
108	-104	1738
108	-102	1753
108	-100	1749
108	-98	1752
108	-96	1759
108	-94	1754
108	-92	1697
108	-90	1771
108	-88	1737
108	-86	1744
108	-84	1749
108	-82	1756
108	-80	1712
108	-78	1771
108	-76	1755
108	-74	1730
108	-72	1710
108	-70	1761
108	-68	1745
108	-66	1752
108	-64	1737
108	-62	1737
108	-60	1756
108	-58	1740
108	-56	1760
108	-54	1746
108	-52	1712
108	-50	1753
108	-48	1702
108	-46	1739
108	-44	1746
108	-42	1751
108	-40	1759
108	-38	1751
108	-36	1730
108	-34	1715
108	-32	1729
108	-30	1764
108	-28	1756
108	-26	1759
108	-24	1719
108	-22	1764
108	-20	1762
108	-18	1743
108	-16	1740
108	-14	1744
108	-12	1739
108	-10	1725
108	-8	1727
108	-6	1709
108	-4	1732
108	-2	1740
108	0	1714
108	2	1737
108	4	1715
108	6	1707
108	8	1750
108	10	1721
108	12	1754
108	14	1720
108	16	1779
108	18	1761
108	20	1772
108	22	1754
108	24	1771
108	26	1755
108	28	1763
108	30	1749
108	32	1779
108	34	1772
108	36	1781
108	38	1776
108	40	1792
108	42	1787
108	44	1790
108	46	1692
108	48	1780
108	50	1778
108	52	1723
108	54	1779
108	56	1752
108	58	1736
108	60	1756
108	62	1750
108	64	1787
108	66	1784
108	68	1733
108	70	1782
108	72	1769
108	74	1745
108	76	1739
108	78	1796
108	80	1753
108	82	1780
108	84	1764
108	86	1765
108	88	1713
108	90	1746
108	92	1797
108	94	1795
108	96	1789
108	98	1779
112	-290	2068
112	-288	2077
112	-286	2062
112	-284	2063
112	-282	2097
112	-280	2057
112	-278	2044
112	-276	2048
112	-274	2027
112	-272	2027
112	-270	2003
112	-268	2002
112	-266	1995
112	-264	1984
112	-262	1984
112	-260	1975
112	-258	1972
112	-256	1970
112	-254	1973
112	-252	1981
112	-250	1947
112	-248	1847
112	-246	1922
112	-244	1923
112	-242	1907
112	-240	1894
112	-238	1939
112	-236	1902
112	-234	1899
112	-232	1946
112	-230	1918
112	-228	1911
112	-226	1895
112	-224	1880
112	-222	1872
112	-220	1892
112	-218	1851
112	-216	1826
112	-214	1837
112	-212	1830
112	-210	1848
112	-208	1838
112	-206	1867
112	-204	1849
112	-202	1840
112	-200	1849
112	-198	1849
112	-196	1850
112	-194	1832
112	-192	1824
112	-190	1842
112	-188	1881
112	-186	1862
112	-184	1840
112	-182	1847
112	-180	1851
112	-178	1844
112	-176	1849
112	-174	1852
112	-172	1861
112	-170	1837
112	-168	1835
112	-166	1862
112	-164	1815
112	-162	1846
112	-160	1845
112	-158	1863
112	-156	1849
112	-154	1789
112	-152	1837
112	-150	1850
112	-148	1785
112	-146	1820
112	-144	1860
112	-142	1822
112	-140	1829
112	-138	1823
112	-136	1813
112	-134	1844
112	-132	1826
112	-130	1801
112	-128	1832
112	-126	1811
112	-124	1833
112	-122	1830
112	-120	1828
112	-118	1820
112	-116	1864
112	-114	1845
112	-112	1830
112	-110	1815
112	-108	1805
112	-106	1836
112	-104	1835
112	-102	1859
112	-100	1845
112	-98	1810
112	-96	1835
112	-94	1812
112	-92	1822
112	-90	1855
112	-88	1801
112	-86	1849
112	-84	1842
112	-82	1791
112	-80	1821
112	-78	1825
112	-76	1834
112	-74	1814
112	-72	1827
112	-70	1832
112	-68	1842
112	-66	1834
112	-64	1832
112	-62	1812
112	-60	1833
112	-58	1852
112	-56	1826
112	-54	1821
112	-52	1800
112	-50	1834
112	-48	1810
112	-46	1799
112	-44	1833
112	-42	1828
112	-40	1829
112	-38	1764
112	-36	1805
112	-34	1793
112	-32	1768
112	-30	1848
112	-28	1761
112	-26	1783
112	-24	1763
112	-22	1790
112	-20	1800
112	-18	1752
112	-16	1771
112	-14	1772
112	-12	1773
112	-10	1778
112	-8	1785
112	-6	1789
112	-4	1792
112	-2	1795
112	0	1774
112	2	1790
112	4	1798
112	6	1804
112	8	1796
112	10	1770
112	12	1768
112	14	1741
112	16	1799
112	18	1782
112	20	1774
112	22	1776
112	24	1786
112	26	1762
112	28	1790
112	30	1769
112	32	1781
112	34	1749
112	36	1782
112	38	1777
112	40	1750
112	42	1768
112	44	1759
112	46	1757
112	48	1762
112	50	1754
112	52	1743
112	54	1725
112	56	1773
112	58	1752
112	60	1758
112	62	1758
112	64	1803
112	66	1781
112	68	1788
112	70	1812
112	72	1795
112	74	1757
112	76	1775
112	78	1780
112	80	1744
112	82	1799
112	84	1794
112	86	1788
112	88	1784
112	90	1785
112	92	1785
112	94	1785
112	96	1784
112	98	1798
116	-290	2250
116	-288	2259
116	-286	2235
116	-284	2233
116	-282	2247
116	-280	2240
116	-278	2261
116	-276	2244
116	-274	2238
116	-272	2219
116	-270	2205
116	-268	2203
116	-266	2164
116	-264	2149
116	-262	2181
116	-260	2161
116	-258	2091
116	-256	2157
116	-254	2178
116	-252	2157
116	-250	2173
116	-248	2167
116	-246	2221
116	-244	2113
116	-242	2183
116	-240	2146
116	-238	2163
116	-236	2143
116	-234	2155
116	-232	2206
116	-230	2191
116	-228	2184
116	-226	2183
116	-224	2130
116	-222	2162
116	-220	2152
116	-218	2152
116	-216	2171
116	-214	2199
116	-212	2181
116	-210	2215
116	-208	2245
116	-206	2158
116	-204	2199
116	-202	2222
116	-200	2186
116	-198	2235
116	-196	2195
116	-194	2198
116	-192	2172
116	-190	2167
116	-188	2173
116	-186	2083
116	-184	2141
116	-182	2159
116	-180	2180
116	-178	2178
116	-176	2144
116	-174	2152
116	-172	2176
116	-170	2124
116	-168	2129
116	-166	2149
116	-164	2147
116	-162	2042
116	-160	2120
116	-158	2095
116	-156	1965
116	-154	2031
116	-152	1992
116	-150	1997
116	-148	1990
116	-146	1948
116	-144	2035
116	-142	1994
116	-140	1981
116	-138	1935
116	-136	1874
116	-134	1954
116	-132	1915
116	-130	1967
116	-128	2062
116	-126	1956
116	-124	1967
116	-122	1975
116	-120	1958
116	-118	2024
116	-116	1978
116	-114	1985
116	-112	1926
116	-110	1991
116	-108	1998
116	-106	1983
116	-104	1985
116	-102	1962
116	-100	2003
116	-98	1985
116	-96	2005
116	-94	1943
116	-92	2001
116	-90	2019
116	-88	1991
116	-86	1922
116	-84	1987
116	-82	1981
116	-80	1996
116	-78	1998
116	-76	1998
116	-74	1983
116	-72	1977
116	-70	2002
116	-68	1951
116	-66	1988
116	-64	1984
116	-62	1982
116	-60	1948
116	-58	1916
116	-56	1977
116	-54	1996
116	-52	1952
116	-50	1962
116	-48	1966
116	-46	1979
116	-44	2024
116	-42	2058
116	-40	2035
116	-38	2029
116	-36	2042
116	-34	2042
116	-32	2001
116	-30	2062
116	-28	2036
116	-26	2042
116	-24	2055
116	-22	2084
116	-20	2046
116	-18	2039
116	-16	2029
116	-14	2004
116	-12	2083
116	-10	2016
116	-8	2090
116	-6	2097
116	-4	2073
116	-2	2072
116	0	2075
116	2	2078
116	4	1998
116	6	2048
116	8	2088
116	10	2085
116	12	2085
116	14	2045
116	16	2099
116	18	2128
116	20	2096
116	22	2111
116	24	1953
116	26	2089
116	28	2121
116	30	2074
116	32	2074
116	34	2105
116	36	2126
116	38	2097
116	40	2107
116	42	2121
116	44	2106
116	46	2043
116	48	2099
116	50	2118
116	52	2064
116	54	2075
116	56	2075
116	58	2113
116	60	2118
116	62	2127
116	64	2063
116	66	2103
116	68	2108
116	70	2059
116	72	2088
116	74	2077
116	76	2045
116	78	2084
116	80	2110
116	82	2103
116	84	2078
116	86	2114
116	88	2086
116	90	2019
116	92	2090
116	94	2124
116	96	2090
116	98	2064
120	-290	2287
120	-288	2243
120	-286	2181
120	-284	2189
120	-282	2266
120	-280	2253
120	-278	2183
120	-276	2223
120	-274	2224
120	-272	2239
120	-270	2133
120	-268	2219
120	-266	2252
120	-264	2185
120	-262	2216
120	-260	2220
120	-258	2219
120	-256	2194
120	-254	2225
120	-252	2137
120	-250	2231
120	-248	2226
120	-246	2200
120	-244	2238
120	-242	2143
120	-240	2183
120	-238	2174
120	-236	2178
120	-234	2144
120	-232	2166
120	-230	2156
120	-228	2192
120	-226	2178
120	-224	2214
120	-222	2162
120	-220	2196
120	-218	2217
120	-216	2122
120	-214	2225
120	-212	2175
120	-210	2179
120	-208	2117
120	-206	2098
120	-204	2190
120	-202	2114
120	-200	2141
120	-198	2153
120	-196	2157
120	-194	2138
120	-192	2087
120	-190	2115
120	-188	2067
120	-186	2098
120	-184	2025
120	-182	2122
120	-180	2150
120	-178	2088
120	-176	2083
120	-174	1981
120	-172	1952
120	-170	2107
120	-168	2084
120	-166	2128
120	-164	2108
120	-162	2031
120	-160	2161
120	-158	2121
120	-156	2050
120	-154	2093
120	-152	2121
120	-150	2118
120	-148	1973
120	-146	1989
120	-144	2086
120	-142	2131
120	-140	2120
120	-138	2132
120	-136	2113
120	-134	2121
120	-132	2134
120	-130	2125
120	-128	2113
120	-126	2137
120	-124	2146
120	-122	2109
120	-120	2198
120	-118	2155
120	-116	2066
120	-114	2128
120	-112	2121
120	-110	2074
120	-108	2150
120	-106	2087
120	-104	2121
120	-102	2170
120	-100	2123
120	-98	2092
120	-96	2098
120	-94	2172
120	-92	2122
120	-90	2041
120	-88	2106
120	-86	2104
120	-84	2044
120	-82	2124
120	-80	2137
120	-78	2084
120	-76	2073
120	-74	2123
120	-72	2160
120	-70	2094
120	-68	2124
120	-66	2137
120	-64	2111
120	-62	2096
120	-60	2102
120	-58	2119
120	-56	2165
120	-54	2167
120	-52	2116
120	-50	2113
120	-48	2127
120	-46	2192
120	-44	2110
120	-42	2163
120	-40	2091
120	-38	2144
120	-36	2118
120	-34	2151
120	-32	2123
120	-30	2131
120	-28	2168
120	-26	2132
120	-24	2137
120	-22	2170
120	-20	2159
120	-18	2127
120	-16	2140
120	-14	2131
120	-12	2213
120	-10	2064
120	-8	2091
120	-6	2159
120	-4	2135
120	-2	2140
120	0	2150
120	2	2156
120	4	2124
120	6	2155
120	8	2106
120	10	2131
120	12	2076
120	14	2142
120	16	2021
120	18	2107
120	20	2136
120	22	2127
120	24	2134
120	26	2149
120	28	2148
120	30	2170
120	32	2192
120	34	2109
120	36	2178
120	38	2127
120	40	2134
120	42	2166
120	44	2131
120	46	2114
120	48	2165
120	50	2159
120	52	2189
120	54	2173
120	56	2187
120	58	2228
120	60	2180
120	62	2179
120	64	2196
120	66	2175
120	68	2183
120	70	2149
120	72	2193
120	74	2071
120	76	2146
120	78	2197
120	80	2162
120	82	2169
120	84	2189
120	86	2136
120	88	2070
120	90	2148
120	92	2182
120	94	2150
120	96	2139
120	98	2136
