64	-290	1667
64	-288	1647
64	-286	1606
64	-284	1540
64	-282	1629
64	-280	1617
64	-278	1621
64	-276	1562
64	-274	1549
64	-272	1589
64	-270	1476
64	-268	1463
64	-266	1510
64	-264	1453
64	-262	1540
64	-260	1516
64	-258	1502
64	-256	1505
64	-254	1458
64	-252	1513
64	-250	1631
64	-248	1485
64	-246	1459
64	-244	1560
64	-242	1572
64	-240	1576
64	-238	1526
64	-236	1539
64	-234	1531
64	-232	1507
64	-230	1515
64	-228	1464
64	-226	1420
64	-224	1431
64	-222	1531
64	-220	1463
64	-218	1516
64	-216	1483
64	-214	1449
64	-212	1424
64	-210	1433
64	-208	1488
64	-206	1475
64	-204	1527
64	-202	1531
64	-200	1476
64	-198	1407
64	-196	1372
64	-194	1328
64	-192	1322
64	-190	1267
64	-188	1311
64	-186	1320
64	-184	1329
64	-182	1347
64	-180	1381
64	-178	1373
64	-176	1357
64	-174	1311
64	-172	1275
64	-170	1262
64	-168	1285
64	-166	1321
64	-164	1296
64	-162	1354
64	-160	1378
64	-158	1355
64	-156	1344
64	-154	1389
64	-152	1331
64	-150	1319
64	-148	1318
64	-146	1352
64	-144	1317
64	-142	1347
64	-140	1299
64	-138	1309
64	-136	1332
64	-134	1361
64	-132	1364
64	-130	1336
64	-128	1344
64	-126	1368
64	-124	1375
64	-122	1378
64	-120	1353
64	-118	1374
64	-116	1365
64	-114	1363
64	-112	1387
64	-110	1381
64	-108	1378
64	-106	1352
64	-104	1370
64	-102	1344
64	-100	1335
64	-98	1344
64	-96	1360
64	-94	1338
64	-92	1352
64	-90	1366
64	-88	1362
64	-86	1339
64	-84	1330
64	-82	1309
64	-80	1320
64	-78	1329
64	-76	1317
64	-74	1314
64	-72	1286
64	-70	1311
64	-68	1311
64	-66	1320
64	-64	1315
64	-62	1338
64	-60	1309
64	-58	1323
64	-56	1310
64	-54	1303
64	-52	1324
64	-50	1296
64	-48	1309
64	-46	1315
64	-44	1302
64	-42	1322
64	-40	1311
64	-38	1331
64	-36	1348
64	-34	1327
64	-32	1314
64	-30	1344
64	-28	1300
64	-26	1292
64	-24	1306
64	-22	1328
64	-20	1320
64	-18	1308
64	-16	1338
64	-14	1330
64	-12	1318
64	-10	1317
64	-8	1340
64	-6	1302
64	-4	1285
64	-2	1300
64	0	1311
64	2	1322
64	4	1311
64	6	1293
64	8	1300
64	10	1309
64	12	1291
64	14	1275
64	16	1281
64	18	1301
64	20	1314
64	22	1325
64	24	1294
64	26	1274
64	28	1300
64	30	1278
64	32	1278
64	34	1273
64	36	1281
64	38	1293
64	40	1262
64	42	1266
64	44	1268
64	46	1294
64	48	1289
64	50	1295
64	52	1306
64	54	1275
64	56	1308
64	58	1300
64	60	1271
64	62	1302
64	64	1291
64	66	1325
64	68	1293
64	70	1298
64	72	1294
64	74	1296
64	76	1286
64	78	1283
64	80	1258
64	82	1274
64	84	1290
64	86	1254
64	88	1280
64	90	1272
64	92	1278
64	94	1290
64	96	1291
64	98	1307
68	-290	1683
68	-288	1643
68	-286	1724
68	-284	1687
68	-282	1605
68	-280	1622
68	-278	1519
68	-276	1569
68	-274	1532
68	-272	1513
68	-270	1577
68	-268	1586
68	-266	1547
68	-264	1511
68	-262	1555
68	-260	1508
68	-258	1466
68	-256	1497
68	-254	1556
68	-252	1572
68	-250	1581
68	-248	1537
68	-246	1548
68	-244	1551
68	-242	1556
68	-240	1672
68	-238	1684
68	-236	1625
68	-234	1605
68	-232	1501
68	-230	1532
68	-228	1422
68	-226	1436
68	-224	1457
68	-222	1442
68	-220	1507
68	-218	1528
68	-216	1495
68	-214	1510
68	-212	1492
68	-210	1535
68	-208	1433
68	-206	1449
68	-204	1445
68	-202	1428
68	-200	1439
68	-198	1464
68	-196	1388
68	-194	1387
68	-192	1398
68	-190	1339
68	-188	1372
68	-186	1391
68	-184	1394
68	-182	1453
68	-180	1456
68	-178	1469
68	-176	1364
68	-174	1395
68	-172	1370
68	-170	1363
68	-168	1374
68	-166	1340
68	-164	1369
68	-162	1386
68	-160	1418
68	-158	1385
68	-156	1379
68	-154	1375
68	-152	1380
68	-150	1314
68	-148	1310
68	-146	1338
68	-144	1339
68	-142	1308
68	-140	1289
68	-138	1301
68	-136	1307
68	-134	1294
68	-132	1289
68	-130	1265
68	-128	1280
68	-126	1313
68	-124	1332
68	-122	1301
68	-120	1311
68	-118	1327
68	-116	1310
68	-114	1313
68	-112	1335
68	-110	1338
68	-108	1344
68	-106	1368
68	-104	1341
68	-102	1342
68	-100	1312
68	-98	1334
68	-96	1349
68	-94	1334
68	-92	1369
68	-90	1365
68	-88	1355
68	-86	1348
68	-84	1343
68	-82	1328
68	-80	1316
68	-78	1330
68	-76	1346
68	-74	1303
68	-72	1324
68	-70	1330
68	-68	1304
68	-66	1329
68	-64	1283
68	-62	1360
68	-60	1363
68	-58	1365
68	-56	1299
68	-54	1345
68	-52	1347
68	-50	1312
68	-48	1304
68	-46	1327
68	-44	1332
68	-42	1313
68	-40	1298
68	-38	1309
68	-36	1321
68	-34	1326
68	-32	1290
68	-30	1300
68	-28	1325
68	-26	1310
68	-24	1307
68	-22	1322
68	-20	1310
68	-18	1304
68	-16	1319
68	-14	1321
68	-12	1314
68	-10	1268
68	-8	1276
68	-6	1308
68	-4	1272
68	-2	1262
68	0	1272
68	2	1253
68	4	1279
68	6	1291
68	8	1296
68	10	1303
68	12	1259
68	14	1247
68	16	1261
68	18	1251
68	20	1294
68	22	1315
68	24	1304
68	26	1321
68	28	1321
68	30	1291
68	32	1300
68	34	1310
68	36	1315
68	38	1299
68	40	1342
68	42	1300
68	44	1342
68	46	1306
68	48	1321
68	50	1306
68	52	1285
68	54	1306
68	56	1306
68	58	1312
68	60	1295
68	62	1285
68	64	1315
68	66	1291
68	68	1280
68	70	1280
68	72	1281
68	74	1274
68	76	1298
68	78	1275
68	80	1290
68	82	1299
68	84	1226
68	86	1251
68	88	1287
68	90	1305
68	92	1281
68	94	1280
68	96	1265
68	98	1271
72	-290	1619
72	-288	1690
72	-286	1663
72	-284	1673
72	-282	1669
72	-280	1640
72	-278	1627
72	-276	1623
72	-274	1578
72	-272	1513
72	-270	1568
72	-268	1573
72	-266	1603
72	-264	1608
72	-262	1630
72	-260	1679
72	-258	1668
72	-256	1625
72	-254	1628
72	-252	1599
72	-250	1525
72	-248	1550
72	-246	1565
72	-244	1550
72	-242	1614
72	-240	1516
72	-238	1630
72	-236	1589
72	-234	1493
72	-232	1515
72	-230	1432
72	-228	1491
72	-226	1457
72	-224	1397
72	-222	1477
72	-220	1494
72	-218	1485
72	-216	1483
72	-214	1442
72	-212	1452
72	-210	1492
72	-208	1414
72	-206	1417
72	-204	1389
72	-202	1352
72	-200	1355
72	-198	1454
72	-196	1447
72	-194	1485
72	-192	1394
72	-190	1402
72	-188	1419
72	-186	1359
72	-184	1380
72	-182	1357
72	-180	1358
72	-178	1348
72	-176	1338
72	-174	1365
72	-172	1362
72	-170	1342
72	-168	1394
72	-166	1379
72	-164	1356
72	-162	1343
72	-160	1365
72	-158	1351
72	-156	1321
72	-154	1366
72	-152	1346
72	-150	1352
72	-148	1312
72	-146	1314
72	-144	1309
72	-142	1350
72	-140	1374
72	-138	1380
72	-136	1318
72	-134	1315
72	-132	1327
72	-130	1311
72	-128	1325
72	-126	1296
72	-124	1312
72	-122	1327
72	-120	1318
72	-118	1318
72	-116	1344
72	-114	1375
72	-112	1346
72	-110	1287
72	-108	1317
72	-106	1345
72	-104	1324
72	-102	1315
72	-100	1325
72	-98	1312
72	-96	1301
72	-94	1317
72	-92	1294
72	-90	1314
72	-88	1284
72	-86	1309
72	-84	1298
72	-82	1308
72	-80	1322
72	-78	1288
72	-76	1337
72	-74	1338
72	-72	1331
72	-70	1348
72	-68	1335
72	-66	1313
72	-64	1345
72	-62	1335
72	-60	1336
72	-58	1325
72	-56	1344
72	-54	1316
72	-52	1298
72	-50	1327
72	-48	1295
72	-46	1328
72	-44	1302
72	-42	1299
72	-40	1330
72	-38	1330
72	-36	1339
72	-34	1338
72	-32	1305
72	-30	1302
72	-28	1328
72	-26	1328
72	-24	1368
72	-22	1356
72	-20	1356
72	-18	1340
72	-16	1367
72	-14	1359
72	-12	1375
72	-10	1328
72	-8	1356
72	-6	1343
72	-4	1352
72	-2	1336
72	0	1336
72	2	1328
72	4	1334
72	6	1353
72	8	1333
72	10	1354
72	12	1323
72	14	1326
72	16	1377
72	18	1373
72	20	1312
72	22	1356
72	24	1330
72	26	1376
72	28	1351
72	30	1365
72	32	1347
72	34	1349
72	36	1366
72	38	1380
72	40	1345
72	42	1379
72	44	1349
72	46	1356
72	48	1355
72	50	1358
72	52	1324
72	54	1314
72	56	1306
72	58	1344
72	60	1286
72	62	1330
72	64	1302
72	66	1304
72	68	1308
72	70	1322
72	72	1303
72	74	1308
72	76	1296
72	78	1303
72	80	1299
72	82	1280
72	84	1300
72	86	1308
72	88	1321
72	90	1273
72	92	1288
72	94	1276
72	96	1311
72	98	1284
76	-290	1598
76	-288	1604
76	-286	1643
76	-284	1692
76	-282	1605
76	-280	1598
76	-278	1603
76	-276	1606
76	-274	1530
76	-272	1596
76	-270	1580
76	-268	1542
76	-266	1521
76	-264	1639
76	-262	1652
76	-260	1681
76	-258	1635
76	-256	1674
76	-254	1660
76	-252	1623
76	-250	1530
76	-248	1541
76	-246	1445
76	-244	1471
76	-242	1487
76	-240	1532
76	-238	1577
76	-236	1508
76	-234	1448
76	-232	1463
76	-230	1513
76	-228	1457
76	-226	1407
76	-224	1389
76	-222	1417
76	-220	1457
76	-218	1432
76	-216	1490
76	-214	1475
76	-212	1482
76	-210	1509
76	-208	1481
76	-206	1520
76	-204	1476
76	-202	1439
76	-200	1447
76	-198	1447
76	-196	1408
76	-194	1415
76	-192	1364
76	-190	1404
76	-188	1383
76	-186	1391
76	-184	1367
76	-182	1400
76	-180	1381
76	-178	1384
76	-176	1375
76	-174	1384
76	-172	1364
76	-170	1392
76	-168	1384
76	-166	1336
76	-164	1356
76	-162	1307
76	-160	1309
76	-158	1330
76	-156	1304
76	-154	1328
76	-152	1324
76	-150	1335
76	-148	1323
76	-146	1339
76	-144	1368
76	-142	1381
76	-140	1439
76	-138	1429
76	-136	1411
76	-134	1353
76	-132	1330
76	-130	1359
76	-128	1328
76	-126	1346
76	-124	1362
76	-122	1354
76	-120	1351
76	-118	1353
76	-116	1332
76	-114	1353
76	-112	1382
76	-110	1400
76	-108	1361
76	-106	1363
76	-104	1359
76	-102	1366
76	-100	1357
76	-98	1347
76	-96	1334
76	-94	1303
76	-92	1315
76	-90	1340
76	-88	1355
76	-86	1347
76	-84	1388
76	-82	1355
76	-80	1341
76	-78	1297
76	-76	1349
76	-74	1322
76	-72	1334
76	-70	1340
76	-68	1348
76	-66	1347
76	-64	1318
76	-62	1329
76	-60	1307
76	-58	1323
76	-56	1294
76	-54	1322
76	-52	1328
76	-50	1305
76	-48	1318
76	-46	1353
76	-44	1320
76	-42	1305
76	-40	1325
76	-38	1363
76	-36	1319
76	-34	1334
76	-32	1342
76	-30	1356
76	-28	1345
76	-26	1343
76	-24	1358
76	-22	1340
76	-20	1368
76	-18	1360
76	-16	1357
76	-14	1378
76	-12	1343
76	-10	1351
76	-8	1393
76	-6	1358
76	-4	1340
76	-2	1350
76	0	1383
76	2	1339
76	4	1387
76	6	1372
76	8	1377
76	10	1343
76	12	1358
76	14	1346
76	16	1385
76	18	1376
76	20	1388
76	22	1334
76	24	1349
76	26	1372
76	28	1343
76	30	1325
76	32	1346
76	34	1330
76	36	1331
76	38	1325
76	40	1328
76	42	1339
76	44	1325
76	46	1332
76	48	1349
76	50	1326
76	52	1342
76	54	1325
76	56	1335
76	58	1329
76	60	1342
76	62	1325
76	64	1337
76	66	1360
76	68	1335
76	70	1329
76	72	1276
76	74	1299
76	76	1320
76	78	1303
76	80	1301
76	82	1316
76	84	1322
76	86	1292
76	88	1303
76	90	1337
76	92	1286
76	94	1307
76	96	1307
76	98	1319
80	-290	1620
80	-288	1587
80	-286	1541
80	-284	1599
80	-282	1591
80	-280	1478
80	-278	1459
80	-276	1456
80	-274	1558
80	-272	1592
80	-270	1531
80	-268	1531
80	-266	1518
80	-264	1462
80	-262	1517
80	-260	1529
80	-258	1571
80	-256	1598
80	-254	1543
80	-252	1516
80	-250	1470
80	-248	1456
80	-246	1443
80	-244	1445
80	-242	1457
80	-240	1483
80	-238	1472
80	-236	1428
80	-234	1456
80	-232	1471
80	-230	1520
80	-228	1524
80	-226	1550
80	-224	1497
80	-222	1450
80	-220	1464
80	-218	1521
80	-216	1517
80	-214	1457
80	-212	1489
80	-210	1462
80	-208	1524
80	-206	1430
80	-204	1448
80	-202	1403
80	-200	1426
80	-198	1403
80	-196	1444
80	-194	1410
80	-192	1410
80	-190	1379
80	-188	1377
80	-186	1337
80	-184	1373
80	-182	1335
80	-180	1380
80	-178	1368
80	-176	1333
80	-174	1358
80	-172	1335
80	-170	1357
80	-168	1314
80	-166	1351
80	-164	1398
80	-162	1414
80	-160	1375
80	-158	1399
80	-156	1408
80	-154	1334
80	-152	1384
80	-150	1364
80	-148	1378
80	-146	1394
80	-144	1358
80	-142	1392
80	-140	1363
80	-138	1368
80	-136	1377
80	-134	1390
80	-132	1401
80	-130	1371
80	-128	1387
80	-126	1377
80	-124	1348
80	-122	1305
80	-120	1353
80	-118	1348
80	-116	1369
80	-114	1354
80	-112	1343
80	-110	1318
80	-108	1342
80	-106	1311
80	-104	1342
80	-102	1359
80	-100	1371
80	-98	1352
80	-96	1336
80	-94	1329
80	-92	1323
80	-90	1328
80	-88	1396
80	-86	1374
80	-84	1331
80	-82	1351
80	-80	1361
80	-78	1373
80	-76	1362
80	-74	1310
80	-72	1318
80	-70	1352
80	-68	1282
80	-66	1301
80	-64	1307
80	-62	1318
80	-60	1301
80	-58	1286
80	-56	1310
80	-54	1305
80	-52	1322
80	-50	1325
80	-48	1329
80	-46	1331
80	-44	1304
80	-42	1310
80	-40	1330
80	-38	1341
80	-36	1350
80	-34	1350
80	-32	1358
80	-30	1385
80	-28	1340
80	-26	1385
80	-24	1361
80	-22	1387
80	-20	1353
80	-18	1358
80	-16	1367
80	-14	1336
80	-12	1337
80	-10	1318
80	-8	1344
80	-6	1335
80	-4	1363
80	-2	1365
80	0	1355
80	2	1361
80	4	1332
80	6	1363
80	8	1341
80	10	1355
80	12	1341
80	14	1369
80	16	1341
80	18	1354
80	20	1319
80	22	1326
80	24	1336
80	26	1384
80	28	1347
80	30	1347
80	32	1361
80	34	1372
80	36	1330
80	38	1380
80	40	1341
80	42	1342
80	44	1333
80	46	1361
80	48	1334
80	50	1292
80	52	1337
80	54	1332
80	56	1284
80	58	1318
80	60	1349
80	62	1348
80	64	1348
80	66	1343
80	68	1333
80	70	1332
80	72	1299
80	74	1300
80	76	1324
80	78	1286
80	80	1301
80	82	1290
80	84	1299
80	86	1317
80	88	1329
80	90	1312
80	92	1328
80	94	1341
80	96	1312
80	98	1321
84	-290	1689
84	-288	1599
84	-286	1538
84	-284	1500
84	-282	1529
84	-280	1540
84	-278	1441
84	-276	1481
84	-274	1473
84	-272	1505
84	-270	1478
84	-268	1517
84	-266	1436
84	-264	1541
84	-262	1519
84	-260	1461
84	-258	1471
84	-256	1446
84	-254	1494
84	-252	1463
84	-250	1528
84	-248	1494
84	-246	1496
84	-244	1487
84	-242	1418
84	-240	1406
84	-238	1407
84	-236	1447
84	-234	1478
84	-232	1480
84	-230	1465
84	-228	1429
84	-226	1397
84	-224	1391
84	-222	1381
84	-220	1516
84	-218	1475
84	-216	1455
84	-214	1476
84	-212	1465
84	-210	1449
84	-208	1447
84	-206	1522
84	-204	1433
84	-202	1474
84	-200	1433
84	-198	1384
84	-196	1381
84	-194	1396
84	-192	1412
84	-190	1385
84	-188	1357
84	-186	1348
84	-184	1371
84	-182	1332
84	-180	1344
84	-178	1331
84	-176	1329
84	-174	1307
84	-172	1322
84	-170	1313
84	-168	1334
84	-166	1350
84	-164	1369
84	-162	1380
84	-160	1337
84	-158	1362
84	-156	1361
84	-154	1346
84	-152	1325
84	-150	1320
84	-148	1339
84	-146	1320
84	-144	1307
84	-142	1299
84	-140	1332
84	-138	1310
84	-136	1333
84	-134	1346
84	-132	1357
84	-130	1334
84	-128	1375
84	-126	1318
84	-124	1386
84	-122	1362
84	-120	1353
84	-118	1344
84	-116	1359
84	-114	1331
84	-112	1310
84	-110	1297
84	-108	1321
84	-106	1267
84	-104	1332
84	-102	1287
84	-100	1300
84	-98	1303
84	-96	1325
84	-94	1327
84	-92	1297
84	-90	1309
84	-88	1322
84	-86	1290
84	-84	1298
84	-82	1303
84	-80	1345
84	-78	1277
84	-76	1299
84	-74	1262
84	-72	1264
84	-70	1273
84	-68	1281
84	-66	1292
84	-64	1323
84	-62	1290
84	-60	1295
84	-58	1329
84	-56	1312
84	-54	1360
84	-52	1320
84	-50	1346
84	-48	1351
84	-46	1356
84	-44	1316
84	-42	1377
84	-40	1412
84	-38	1362
84	-36	1335
84	-34	1343
84	-32	1344
84	-30	1309
84	-28	1341
84	-26	1356
84	-24	1304
84	-22	1337
84	-20	1315
84	-18	1316
84	-16	1295
84	-14	1338
84	-12	1321
84	-10	1327
84	-8	1327
84	-6	1360
84	-4	1325
84	-2	1326
84	0	1324
84	2	1317
84	4	1313
84	6	1332
84	8	1330
84	10	1342
84	12	1323
84	14	1309
84	16	1306
84	18	1281
84	20	1293
84	22	1250
84	24	1288
84	26	1304
84	28	1298
84	30	1298
84	32	1305
84	34	1321
84	36	1316
84	38	1304
84	40	1323
84	42	1319
84	44	1306
84	46	1318
84	48	1298
84	50	1315
84	52	1313
84	54	1290
84	56	1327
84	58	1349
84	60	1331
84	62	1293
84	64	1302
84	66	1298
84	68	1317
84	70	1324
84	72	1333
84	74	1307
84	76	1337
84	78	1324
84	80	1373
84	82	1338
84	84	1339
84	86	1318
84	88	1342
84	90	1333
84	92	1302
84	94	1321
84	96	1291
84	98	1288
88	-290	1510
88	-288	1508
88	-286	1477
88	-284	1507
88	-282	1551
88	-280	1482
88	-278	1560
88	-276	1573
88	-274	1570
88	-272	1634
88	-270	1677
88	-268	1633
88	-266	1573
88	-264	1588
88	-262	1633
88	-260	1565
88	-258	1611
88	-256	1608
88	-254	1643
88	-252	1550
88	-250	1548
88	-248	1620
88	-246	1561
88	-244	1663
88	-242	1615
88	-240	1634
88	-238	1563
88	-236	1584
88	-234	1540
88	-232	1523
88	-230	1472
88	-228	1453
88	-226	1435
88	-224	1443
88	-222	1336
88	-220	1332
88	-218	1387
88	-216	1410
88	-214	1440
88	-212	1458
88	-210	1484
88	-208	1470
88	-206	1453
88	-204	1411
88	-202	1455
88	-200	1419
88	-198	1432
88	-196	1382
88	-194	1406
88	-192	1356
88	-190	1352
88	-188	1297
88	-186	1344
88	-184	1329
88	-182	1282
88	-180	1361
88	-178	1345
88	-176	1347
88	-174	1354
88	-172	1367
88	-170	1329
88	-168	1315
88	-166	1347
88	-164	1324
88	-162	1311
88	-160	1293
88	-158	1290
88	-156	1299
88	-154	1291
88	-152	1251
88	-150	1295
88	-148	1320
88	-146	1351
88	-144	1334
88	-142	1296
88	-140	1309
88	-138	1307
88	-136	1307
88	-134	1279
88	-132	1320
88	-130	1334
88	-128	1316
88	-126	1306
88	-124	1301
88	-122	1290
88	-120	1315
88	-118	1293
88	-116	1218
88	-114	1333
88	-112	1331
88	-110	1353
88	-108	1318
88	-106	1343
88	-104	1311
88	-102	1314
88	-100	1345
88	-98	1315
88	-96	1326
88	-94	1368
88	-92	1375
88	-90	1287
88	-88	1347
88	-86	1340
88	-84	1295
88	-82	1365
88	-80	1334
88	-78	1341
88	-76	1321
88	-74	1297
88	-72	1285
88	-70	1295
88	-68	1320
88	-66	1292
88	-64	1299
88	-62	1313
88	-60	1274
88	-58	1294
88	-56	1309
88	-54	1276
88	-52	1313
88	-50	1343
88	-48	1345
88	-46	1306
88	-44	1313
88	-42	1313
88	-40	1302
88	-38	1313
88	-36	1368
88	-34	1331
88	-32	1312
88	-30	1329
88	-28	1335
88	-26	1346
88	-24	1333
88	-22	1323
88	-20	1327
88	-18	1359
88	-16	1368
88	-14	1328
88	-12	1353
88	-10	1328
88	-8	1305
88	-6	1366
88	-4	1388
88	-2	1409
88	0	1363
88	2	1387
88	4	1414
88	6	1357
88	8	1344
88	10	1410
88	12	1394
88	14	1348
88	16	1383
88	18	1315
88	20	1363
88	22	1308
88	24	1327
88	26	1327
88	28	1398
88	30	1384
88	32	1408
88	34	1389
88	36	1381
88	38	1398
88	40	1404
88	42	1383
88	44	1384
88	46	1327
88	48	1396
88	50	1408
88	52	1376
88	54	1343
88	56	1410
88	58	1402
88	60	1415
88	62	1394
88	64	1382
88	66	1393
88	68	1356
88	70	1404
88	72	1367
88	74	1401
88	76	1435
88	78	1447
88	80	1390
88	82	1400
88	84	1385
88	86	1415
88	88	1389
88	90	1424
88	92	1447
88	94	1440
88	96	1424
88	98	1441
92	-290	1531
92	-288	1700
92	-286	1615
92	-284	1632
92	-282	1583
92	-280	1575
92	-278	1517
92	-276	1539
92	-274	1593
92	-272	1567
92	-270	1601
92	-268	1546
92	-266	1537
92	-264	1559
92	-262	1555
92	-260	1573
92	-258	1598
92	-256	1587
92	-254	1582
92	-252	1612
92	-250	1539
92	-248	1611
92	-246	1609
92	-244	1586
92	-242	1610
92	-240	1573
92	-238	1534
92	-236	1532
92	-234	1512
92	-232	1492
92	-230	1495
92	-228	1477
92	-226	1474
92	-224	1521
92	-222	1608
92	-220	1548
92	-218	1554
92	-216	1477
92	-214	1400
92	-212	1387
92	-210	1409
92	-208	1417
92	-206	1426
92	-204	1420
92	-202	1429
92	-200	1426
92	-198	1458
92	-196	1470
92	-194	1343
92	-192	1310
92	-190	1343
92	-188	1348
92	-186	1357
92	-184	1362
92	-182	1434
92	-180	1401
92	-178	1413
92	-176	1392
92	-174	1387
92	-172	1394
92	-170	1338
92	-168	1363
92	-166	1350
92	-164	1415
92	-162	1368
92	-160	1363
92	-158	1354
92	-156	1335
92	-154	1303
92	-152	1320
92	-150	1289
92	-148	1293
92	-146	1292
92	-144	1364
92	-142	1336
92	-140	1325
92	-138	1395
92	-136	1363
92	-134	1339
92	-132	1324
92	-130	1290
92	-128	1309
92	-126	1320
92	-124	1327
92	-122	1301
92	-120	1370
92	-118	1369
92	-116	1416
92	-114	1390
92	-112	1359
92	-110	1344
92	-108	1402
92	-106	1414
92	-104	1376
92	-102	1341
92	-100	1325
92	-98	1337
92	-96	1309
92	-94	1299
92	-92	1336
92	-90	1352
92	-88	1387
92	-86	1393
92	-84	1384
92	-82	1415
92	-80	1363
92	-78	1345
92	-76	1363
92	-74	1379
92	-72	1351
92	-70	1359
92	-68	1372
92	-66	1417
92	-64	1369
92	-62	1406
92	-60	1369
92	-58	1421
92	-56	1394
92	-54	1395
92	-52	1390
92	-50	1373
92	-48	1400
92	-46	1396
92	-44	1378
92	-42	1333
92	-40	1381
92	-38	1369
92	-36	1428
92	-34	1428
92	-32	1438
92	-30	1447
92	-28	1378
92	-26	1387
92	-24	1403
92	-22	1413
92	-20	1378
92	-18	1404
92	-16	1387
92	-14	1441
92	-12	1342
92	-10	1443
92	-8	1439
92	-6	1358
92	-4	1377
92	-2	1362
92	0	1373
92	2	1400
92	4	1382
92	6	1402
92	8	1389
92	10	1367
92	12	1384
92	14	1403
92	16	1391
92	18	1390
92	20	1389
92	22	1364
92	24	1364
92	26	1387
92	28	1386
92	30	1403
92	32	1446
92	34	1389
92	36	1418
92	38	1430
92	40	1337
92	42	1415
92	44	1390
92	46	1385
92	48	1420
92	50	1400
92	52	1430
92	54	1419
92	56	1415
92	58	1416
92	60	1449
92	62	1418
92	64	1400
92	66	1424
92	68	1412
92	70	1397
92	72	1398
92	74	1425
92	76	1445
92	78	1433
92	80	1461
92	82	1463
92	84	1428
92	86	1433
92	88	1401
92	90	1432
92	92	1391
92	94	1427
92	96	1425
92	98	1418
96	-290	1826
96	-288	1765
96	-286	1677
96	-284	1640
96	-282	1613
96	-280	1696
96	-278	1615
96	-276	1627
96	-274	1586
96	-272	1593
96	-270	1625
96	-268	1519
96	-266	1545
96	-264	1539
96	-262	1576
96	-260	1584
96	-258	1557
96	-256	1549
96	-254	1675
96	-252	1700
96	-250	1609
96	-248	1566
96	-246	1595
96	-244	1540
96	-242	1505
96	-240	1516
96	-238	1549
96	-236	1538
96	-234	1561
96	-232	1487
96	-230	1457
96	-228	1457
96	-226	1426
96	-224	1469
96	-222	1414
96	-220	1415
96	-218	1459
96	-216	1452
96	-214	1451
96	-212	1410
96	-210	1374
96	-208	1418
96	-206	1422
96	-204	1355
96	-202	1406
96	-200	1427
96	-198	1443
96	-196	1376
96	-194	1384
96	-192	1413
96	-190	1352
96	-188	1361
96	-186	1357
96	-184	1353
96	-182	1411
96	-180	1351
96	-178	1350
96	-176	1339
96	-174	1373
96	-172	1354
96	-170	1392
96	-168	1375
96	-166	1350
96	-164	1353
96	-162	1380
96	-160	1383
96	-158	1396
96	-156	1364
96	-154	1396
96	-152	1391
96	-150	1375
96	-148	1328
96	-146	1323
96	-144	1387
96	-142	1379
96	-140	1347
96	-138	1381
96	-136	1443
96	-134	1372
96	-132	1372
96	-130	1431
96	-128	1384
96	-126	1402
96	-124	1415
96	-122	1434
96	-120	1421
96	-118	1397
96	-116	1415
96	-114	1389
96	-112	1414
96	-110	1420
96	-108	1400
96	-106	1437
96	-104	1398
96	-102	1441
96	-100	1416
96	-98	1413
96	-96	1424
96	-94	1437
96	-92	1429
96	-90	1423
96	-88	1420
96	-86	1418
96	-84	1445
96	-82	1450
96	-80	1420
96	-78	1393
96	-76	1450
96	-74	1453
96	-72	1430
96	-70	1381
96	-68	1394
96	-66	1410
96	-64	1388
96	-62	1363
96	-60	1394
96	-58	1338
96	-56	1395
96	-54	1366
96	-52	1412
96	-50	1452
96	-48	1413
96	-46	1395
96	-44	1381
96	-42	1381
96	-40	1366
96	-38	1411
96	-36	1371
96	-34	1401
96	-32	1439
96	-30	1427
96	-28	1389
96	-26	1381
96	-24	1425
96	-22	1452
96	-20	1428
96	-18	1408
96	-16	1422
96	-14	1439
96	-12	1394
96	-10	1398
96	-8	1441
96	-6	1407
96	-4	1392
96	-2	1373
96	0	1438
96	2	1447
96	4	1427
96	6	1403
96	8	1483
96	10	1497
96	12	1427
96	14	1482
96	16	1463
96	18	1453
96	20	1451
96	22	1453
96	24	1383
96	26	1450
96	28	1422
96	30	1387
96	32	1414
96	34	1378
96	36	1373
96	38	1397
96	40	1373
96	42	1404
96	44	1438
96	46	1441
96	48	1404
96	50	1426
96	52	1435
96	54	1450
96	56	1326
96	58	1432
96	60	1408
96	62	1417
96	64	1452
96	66	1432
96	68	1431
96	70	1436
96	72	1427
96	74	1408
96	76	1408
96	78	1397
96	80	1444
96	82	1456
96	84	1356
96	86	1409
96	88	1461
96	90	1432
96	92	1425
96	94	1405
96	96	1435
96	98	1409
100	-290	1648
100	-288	1744
100	-286	1729
100	-284	1672
100	-282	1683
100	-280	1553
100	-278	1553
100	-276	1569
100	-274	1550
100	-272	1609
100	-270	1651
100	-268	1639
100	-266	1629
100	-264	1666
100	-262	1650
100	-260	1519
100	-258	1597
100	-256	1577
100	-254	1617
100	-252	1585
100	-250	1619
100	-248	1531
100	-246	1483
100	-244	1520
100	-242	1533
100	-240	1520
100	-238	1533
100	-236	1500
100	-234	1482
100	-232	1461
100	-230	1453
100	-228	1483
100	-226	1477
100	-224	1504
100	-222	1498
100	-220	1461
100	-218	1428
100	-216	1371
100	-214	1361
100	-212	1369
100	-210	1395
100	-208	1312
100	-206	1422
100	-204	1439
100	-202	1434
100	-200	1405
100	-198	1451
100	-196	1475
100	-194	1477
100	-192	1431
100	-190	1385
100	-188	1426
100	-186	1369
100	-184	1400
100	-182	1441
100	-180	1398
100	-178	1432
100	-176	1459
100	-174	1470
100	-172	1446
100	-170	1404
100	-168	1404
100	-166	1429
100	-164	1415
100	-162	1425
100	-160	1388
100	-158	1397
100	-156	1392
100	-154	1421
100	-152	1456
100	-150	1469
100	-148	1424
100	-146	1417
100	-144	1382
100	-142	1443
100	-140	1376
100	-138	1395
100	-136	1407
100	-134	1417
100	-132	1439
100	-130	1405
100	-128	1416
100	-126	1448
100	-124	1456
100	-122	1403
100	-120	1487
100	-118	1455
100	-116	1507
100	-114	1480
100	-112	1425
100	-110	1432
100	-108	1414
100	-106	1401
100	-104	1367
100	-102	1401
100	-100	1438
100	-98	1468
100	-96	1464
100	-94	1446
100	-92	1455
100	-90	1448
100	-88	1449
100	-86	1394
100	-84	1381
100	-82	1399
100	-80	1410
100	-78	1407
100	-76	1369
100	-74	1423
100	-72	1377
100	-70	1455
100	-68	1432
100	-66	1407
100	-64	1404
100	-62	1434
100	-60	1434
100	-58	1429
100	-56	1402
100	-54	1429
100	-52	1419
100	-50	1426
100	-48	1412
100	-46	1380
100	-44	1367
100	-42	1437
100	-40	1393
100	-38	1399
100	-36	1368
100	-34	1375
100	-32	1371
100	-30	1447
100	-28	1393
100	-26	1389
100	-24	1396
100	-22	1408
100	-20	1417
100	-18	1392
100	-16	1436
100	-14	1443
100	-12	1389
100	-10	1442
100	-8	1438
100	-6	1536
100	-4	1441
100	-2	1420
100	0	1456
100	2	1447
100	4	1441
100	6	1434
100	8	1434
100	10	1391
100	12	1425
100	14	1416
100	16	1503
100	18	1417
100	20	1433
100	22	1414
100	24	1450
100	26	1404
100	28	1449
100	30	1447
100	32	1452
100	34	1450
100	36	1462
100	38	1425
100	40	1415
100	42	1462
100	44	1433
100	46	1396
100	48	1387
100	50	1382
100	52	1391
100	54	1374
100	56	1367
100	58	1438
100	60	1451
100	62	1413
100	64	1449
100	66	1420
100	68	1517
100	70	1441
100	72	1479
100	74	1480
100	76	1473
100	78	1465
100	80	1497
100	82	1476
100	84	1473
100	86	1506
100	88	1462
100	90	1527
100	92	1444
100	94	1470
100	96	1460
100	98	1464
104	-290	1726
104	-288	1781
104	-286	1768
104	-284	1726
104	-282	1694
104	-280	1624
104	-278	1663
104	-276	1650
104	-274	1679
104	-272	1662
104	-270	1675
104	-268	1661
104	-266	1717
104	-264	1658
104	-262	1619
104	-260	1589
104	-258	1598
104	-256	1587
104	-254	1569
104	-252	1565
104	-250	1498
104	-248	1503
104	-246	1552
104	-244	1600
104	-242	1611
104	-240	1612
104	-238	1632
104	-236	1506
104	-234	1554
104	-232	1546
104	-230	1560
104	-228	1586
104	-226	1586
104	-224	1459
104	-222	1407
104	-220	1421
104	-218	1420
104	-216	1428
104	-214	1445
104	-212	1425
104	-210	1472
104	-208	1437
104	-206	1468
104	-204	1437
104	-202	1464
104	-200	1420
104	-198	1411
104	-196	1390
104	-194	1351
104	-192	1402
104	-190	1356
104	-188	1293
104	-186	1409
104	-184	1415
104	-182	1317
104	-180	1444
104	-178	1395
104	-176	1427
104	-174	1421
104	-172	1396
104	-170	1397
104	-168	1425
104	-166	1438
104	-164	1397
104	-162	1386
104	-160	1374
104	-158	1303
104	-156	1369
104	-154	1384
104	-152	1436
104	-150	1429
104	-148	1396
104	-146	1383
104	-144	1424
104	-142	1378
104	-140	1334
104	-138	1390
104	-136	1342
104	-134	1351
104	-132	1384
104	-130	1433
104	-128	1385
104	-126	1349
104	-124	1367
104	-122	1382
104	-120	1440
104	-118	1491
104	-116	1437
104	-114	1482
104	-112	1404
104	-110	1407
104	-108	1415
104	-106	1429
104	-104	1469
104	-102	1454
104	-100	1421
104	-98	1405
104	-96	1396
104	-94	1400
104	-92	1379
104	-90	1367
104	-88	1360
104	-86	1381
104	-84	1400
104	-82	1408
104	-80	1480
104	-78	1472
104	-76	1424
104	-74	1427
104	-72	1509
104	-70	1422
104	-68	1366
104	-66	1412
104	-64	1349
104	-62	1380
104	-60	1390
104	-58	1453
104	-56	1454
104	-54	1410
104	-52	1420
104	-50	1384
104	-48	1494
104	-46	1463
104	-44	1463
104	-42	1529
104	-40	1423
104	-38	1442
104	-36	1457
104	-34	1503
104	-32	1433
104	-30	1489
104	-28	1460
104	-26	1486
104	-24	1436
104	-22	1431
104	-20	1467
104	-18	1489
104	-16	1498
104	-14	1512
104	-12	1490
104	-10	1448
104	-8	1398
104	-6	1416
104	-4	1437
104	-2	1428
104	0	1411
104	2	1391
104	4	1395
104	6	1432
104	8	1385
104	10	1352
104	12	1402
104	14	1410
104	16	1464
104	18	1435
104	20	1443
104	22	1495
104	24	1440
104	26	1474
104	28	1479
104	30	1441
104	32	1481
104	34	1438
104	36	1479
104	38	1449
104	40	1344
104	42	1433
104	44	1413
104	46	1456
104	48	1430
104	50	1453
104	52	1498
104	54	1504
104	56	1458
104	58	1498
104	60	1508
104	62	1464
104	64	1467
104	66	1454
104	68	1443
104	70	1452
104	72	1530
104	74	1407
104	76	1464
104	78	1489
104	80	1482
104	82	1480
104	84	1458
104	86	1447
104	88	1548
104	90	1542
104	92	1549
104	94	1528
104	96	1526
104	98	1490
108	-290	1618
108	-288	1588
108	-286	1630
108	-284	1650
108	-282	1660
108	-280	1652
108	-278	1679
108	-276	1650
108	-274	1571
108	-272	1617
108	-270	1625
108	-268	1622
108	-266	1661
108	-264	1684
108	-262	1693
108	-260	1655
108	-258	1762
108	-256	1620
108	-254	1697
108	-252	1702
108	-250	1708
108	-248	1662
108	-246	1582
108	-244	1544
108	-242	1542
108	-240	1560
108	-238	1499
108	-236	1551
108	-234	1524
108	-232	1508
108	-230	1556
108	-228	1544
108	-226	1553
108	-224	1489
108	-222	1536
108	-220	1564
108	-218	1517
108	-216	1526
108	-214	1638
108	-212	1607
108	-210	1583
108	-208	1447
108	-206	1524
108	-204	1481
108	-202	1468
108	-200	1430
108	-198	1451
108	-196	1361
108	-194	1422
108	-192	1400
108	-190	1385
108	-188	1455
108	-186	1462
108	-184	1420
108	-182	1437
108	-180	1401
108	-178	1470
108	-176	1464
108	-174	1464
108	-172	1468
108	-170	1426
108	-168	1427
108	-166	1379
108	-164	1456
108	-162	1417
108	-160	1488
108	-158	1486
108	-156	1491
108	-154	1538
108	-152	1479
108	-150	1497
108	-148	1479
108	-146	1415
108	-144	1410
108	-142	1392
108	-140	1470
108	-138	1470
108	-136	1459
108	-134	1451
108	-132	1462
108	-130	1524
108	-128	1499
108	-126	1488
108	-124	1411
108	-122	1495
108	-120	1427
108	-118	1401
108	-116	1455
108	-114	1424
108	-112	1506
108	-110	1444
108	-108	1475
108	-106	1481
108	-104	1435
108	-102	1431
108	-100	1443
108	-98	1446
108	-96	1438
108	-94	1359
108	-92	1456
108	-90	1458
108	-88	1381
108	-86	1303
108	-84	1412
108	-82	1467
108	-80	1432
108	-78	1444
108	-76	1377
108	-74	1336
108	-72	1400
108	-70	1422
108	-68	1441
108	-66	1452
108	-64	1390
108	-62	1478
108	-60	1468
108	-58	1390
108	-56	1489
108	-54	1478
108	-52	1457
108	-50	1437
108	-48	1398
108	-46	1404
108	-44	1420
108	-42	1427
108	-40	1396
108	-38	1454
108	-36	1475
108	-34	1406
108	-32	1425
108	-30	1345
108	-28	1393
108	-26	1435
108	-24	1459
108	-22	1424
108	-20	1433
108	-18	1452
108	-16	1503
108	-14	1382
108	-12	1428
108	-10	1322
108	-8	1411
108	-6	1403
108	-4	1422
108	-2	1358
108	0	1398
108	2	1452
108	4	1423
108	6	1475
108	8	1450
108	10	1405
108	12	1373
108	14	1375
108	16	1378
108	18	1391
108	20	1378
108	22	1334
108	24	1351
108	26	1360
108	28	1363
108	30	1414
108	32	1414
108	34	1451
108	36	1436
108	38	1393
108	40	1383
108	42	1383
108	44	1388
108	46	1361
108	48	1366
108	50	1310
108	52	1412
108	54	1419
108	56	1344
108	58	1406
108	60	1361
108	62	1356
108	64	1431
108	66	1377
108	68	1350
108	70	1400
108	72	1443
108	74	1394
108	76	1395
108	78	1415
108	80	1466
108	82	1445
108	84	1493
108	86	1408
108	88	1418
108	90	1476
108	92	1467
108	94	1464
108	96	1442
108	98	1505
112	-290	1581
112	-288	1523
112	-286	1575
112	-284	1640
112	-282	1592
112	-280	1562
112	-278	1524
112	-276	1612
112	-274	1639
112	-272	1586
112	-270	1532
112	-268	1560
112	-266	1474
112	-264	1549
112	-262	1483
112	-260	1476
112	-258	1521
112	-256	1473
112	-254	1479
112	-252	1472
112	-250	1480
112	-248	1545
112	-246	1566
112	-244	1575
112	-242	1538
112	-240	1502
112	-238	1590
112	-236	1622
112	-234	1581
112	-232	1599
112	-230	1494
112	-228	1476
112	-226	1578
112	-224	1587
112	-222	1558
112	-220	1584
112	-218	1683
112	-216	1479
112	-214	1580
112	-212	1558
112	-210	1574
112	-208	1509
112	-206	1419
112	-204	1541
112	-202	1423
112	-200	1473
112	-198	1542
112	-196	1443
112	-194	1462
112	-192	1481
112	-190	1426
112	-188	1391
112	-186	1424
112	-184	1425
112	-182	1367
112	-180	1390
112	-178	1376
112	-176	1383
112	-174	1451
112	-172	1499
112	-170	1497
112	-168	1463
112	-166	1442
112	-164	1471
112	-162	1480
112	-160	1399
112	-158	1516
112	-156	1487
112	-154	1491
112	-152	1512
112	-150	1460
112	-148	1440
112	-146	1486
112	-144	1426
112	-142	1366
112	-140	1280
112	-138	1442
112	-136	1406
112	-134	1458
112	-132	1452
112	-130	1415
112	-128	1418
112	-126	1444
112	-124	1449
112	-122	1411
112	-120	1392
112	-118	1456
112	-116	1394
112	-114	1445
112	-112	1422
112	-110	1484
112	-108	1446
112	-106	1472
112	-104	1476
112	-102	1470
112	-100	1449
112	-98	1410
112	-96	1358
112	-94	1369
112	-92	1375
112	-90	1363
112	-88	1432
112	-86	1326
112	-84	1292
112	-82	1404
112	-80	1342
112	-78	1394
112	-76	1391
112	-74	1400
112	-72	1335
112	-70	1444
112	-68	1492
112	-66	1426
112	-64	1379
112	-62	1423
112	-60	1445
112	-58	1423
112	-56	1393
112	-54	1446
112	-52	1433
112	-50	1408
112	-48	1471
112	-46	1433
112	-44	1450
112	-42	1460
112	-40	1433
112	-38	1393
112	-36	1419
112	-34	1429
112	-32	1458
112	-30	1471
112	-28	1406
112	-26	1451
112	-24	1449
112	-22	1480
112	-20	1502
112	-18	1512
112	-16	1462
112	-14	1462
112	-12	1514
112	-10	1437
112	-8	1504
112	-6	1518
112	-4	1469
112	-2	1389
112	0	1478
112	2	1425
112	4	1387
112	6	1463
112	8	1602
112	10	1441
112	12	1502
112	14	1393
112	16	1439
112	18	1395
112	20	1389
112	22	1436
112	24	1367
112	26	1374
112	28	1395
112	30	1463
112	32	1445
112	34	1382
112	36	1420
112	38	1383
112	40	1392
112	42	1371
112	44	1420
112	46	1398
112	48	1387
112	50	1423
112	52	1448
112	54	1379
112	56	1333
112	58	1454
112	60	1361
112	62	1417
112	64	1387
112	66	1369
112	68	1395
112	70	1451
112	72	1441
112	74	1419
112	76	1334
112	78	1369
112	80	1414
112	82	1369
112	84	1350
112	86	1328
112	88	1375
112	90	1446
112	92	1391
112	94	1426
112	96	1447
112	98	1337
116	-290	1482
116	-288	1571
116	-286	1547
116	-284	1502
116	-282	1498
116	-280	1554
116	-278	1542
116	-276	1492
116	-274	1480
116	-272	1361
116	-270	1424
116	-268	1414
116	-266	1399
116	-264	1384
116	-262	1418
116	-260	1279
116	-258	1461
116	-256	1351
116	-254	1393
116	-252	1447
116	-250	1384
116	-248	1297
116	-246	1302
116	-244	1373
116	-242	1422
116	-240	1419
116	-238	1415
116	-236	1419
116	-234	1344
116	-232	1352
116	-230	1307
116	-228	1260
116	-226	1360
116	-224	1283
116	-222	1255
116	-220	1368
116	-218	1313
116	-216	1346
116	-214	1340
116	-212	1379
116	-210	1370
116	-208	1351
116	-206	1424
116	-204	1289
116	-202	1277
116	-200	1245
116	-198	1325
116	-196	1294
116	-194	1288
116	-192	1343
116	-190	1312
116	-188	1270
116	-186	1333
116	-184	1291
116	-182	1315
116	-180	1346
116	-178	1299
116	-176	1340
116	-174	1376
116	-172	1352
116	-170	1295
116	-168	1283
116	-166	1347
116	-164	1380
116	-162	1353
116	-160	1288
116	-158	1321
116	-156	1338
116	-154	1365
116	-152	1345
116	-150	1233
116	-148	1297
116	-146	1203
116	-144	1268
116	-142	1198
116	-140	1377
116	-138	1306
116	-136	1309
116	-134	1371
116	-132	1321
116	-130	1288
116	-128	1401
116	-126	1370
116	-124	1407
116	-122	1310
116	-120	1262
116	-118	1346
116	-116	1362
116	-114	1453
116	-112	1344
116	-110	1370
116	-108	1454
116	-106	1475
116	-104	1486
116	-102	1515
116	-100	1459
116	-98	1478
116	-96	1504
116	-94	1527
116	-92	1479
116	-90	1507
116	-88	1436
116	-86	1495
116	-84	1530
116	-82	1523
116	-80	1486
116	-78	1453
116	-76	1427
116	-74	1403
116	-72	1414
116	-70	1327
116	-68	1357
116	-66	1369
116	-64	1496
116	-62	1370
116	-60	1473
116	-58	1423
116	-56	1460
116	-54	1378
116	-52	1386
116	-50	1487
116	-48	1423
116	-46	1411
116	-44	1390
116	-42	1349
116	-40	1473
116	-38	1358
116	-36	1216
116	-34	1268
116	-32	1337
116	-30	1273
116	-28	1219
116	-26	1245
116	-24	1290
116	-22	1265
116	-20	1204
116	-18	1344
116	-16	1354
116	-14	1300
116	-12	1363
116	-10	1431
116	-8	1342
116	-6	1332
116	-4	1344
116	-2	1301
116	0	1421
116	2	1353
116	4	1359
116	6	1419
116	8	1397
116	10	1370
116	12	1446
116	14	1492
116	16	1399
116	18	1384
116	20	1416
116	22	1457
116	24	1428
116	26	1411
116	28	1444
116	30	1418
116	32	1387
116	34	1477
116	36	1431
116	38	1389
116	40	1395
116	42	1416
116	44	1466
116	46	1446
116	48	1356
116	50	1411
116	52	1405
116	54	1315
116	56	1444
116	58	1474
116	60	1357
116	62	1386
116	64	1474
116	66	1455
116	68	1404
116	70	1465
116	72	1403
116	74	1414
116	76	1447
116	78	1461
116	80	1524
116	82	1488
116	84	1459
116	86	1604
116	88	1495
116	90	1496
116	92	1528
116	94	1577
116	96	1390
116	98	1557
120	-290	1464
120	-288	1511
120	-286	1642
120	-284	1519
120	-282	1504
120	-280	1485
120	-278	1518
120	-276	1478
120	-274	1434
120	-272	1440
120	-270	1495
120	-268	1345
120	-266	1409
120	-264	1540
120	-262	1469
120	-260	1579
120	-258	1551
120	-256	1494
120	-254	1570
120	-252	1494
120	-250	1572
120	-248	1601
120	-246	1524
120	-244	1498
120	-242	1461
120	-240	1540
120	-238	1552
120	-236	1484
120	-234	1550
120	-232	1593
120	-230	1540
120	-228	1537
120	-226	1624
120	-224	1505
120	-222	1632
120	-220	1612
120	-218	1464
120	-216	1511
120	-214	1534
120	-212	1467
120	-210	1451
120	-208	1422
120	-206	1540
120	-204	1617
120	-202	1568
120	-200	1600
120	-198	1503
120	-196	1664
120	-194	1569
120	-192	1524
120	-190	1424
120	-188	1488
120	-186	1374
120	-184	1574
120	-182	1432
120	-180	1536
120	-178	1530
120	-176	1483
120	-174	1487
120	-172	1442
120	-170	1383
120	-168	1553
120	-166	1409
120	-164	1409
120	-162	1452
120	-160	1446
120	-158	1555
120	-156	1464
120	-154	1450
120	-152	1395
120	-150	1496
120	-148	1498
120	-146	1433
120	-144	1455
120	-142	1417
120	-140	1442
120	-138	1495
120	-136	1462
120	-134	1411
120	-132	1487
120	-130	1369
120	-128	1462
120	-126	1393
120	-124	1472
120	-122	1342
120	-120	1477
120	-118	1351
120	-116	1375
120	-114	1349
120	-112	1363
120	-110	1460
120	-108	1378
120	-106	1291
120	-104	1261
120	-102	1407
120	-100	1362
120	-98	1428
120	-96	1421
120	-94	1370
120	-92	1338
120	-90	1353
120	-88	1126
120	-86	1330
120	-84	1332
120	-82	1363
120	-80	1359
120	-78	1398
120	-76	1261
120	-74	1369
120	-72	1365
120	-70	1288
120	-68	1416
120	-66	1380
120	-64	1326
120	-62	1352
120	-60	1407
120	-58	1326
120	-56	1219
120	-54	1420
120	-52	1437
120	-50	1220
120	-48	1310
120	-46	1298
120	-44	1234
120	-42	1410
120	-40	1303
120	-38	1282
120	-36	1299
120	-34	1322
120	-32	1267
120	-30	1277
120	-28	1224
120	-26	1259
120	-24	1265
120	-22	987
120	-20	1300
120	-18	1262
120	-16	1370
120	-14	1288
120	-12	1300
120	-10	1346
120	-8	1321
120	-6	1337
120	-4	1278
120	-2	1365
120	0	1262
120	2	1299
120	4	1141
120	6	1253
120	8	1281
120	10	1251
120	12	1325
120	14	1264
120	16	1276
120	18	1171
120	20	1266
120	22	1323
120	24	1285
120	26	1309
120	28	1411
120	30	1173
120	32	1198
120	34	1276
120	36	1232
120	38	1282
120	40	1318
120	42	1199
120	44	1298
120	46	1343
120	48	1249
120	50	1267
120	52	1265
120	54	1267
120	56	1339
120	58	1353
120	60	1157
120	62	1282
120	64	1280
120	66	1315
120	68	1289
120	70	1178
120	72	1350
120	74	1294
120	76	1294
120	78	1274
120	80	1289
120	82	1285
120	84	1249
120	86	1331
120	88	1359
120	90	1294
120	92	1204
120	94	1216
120	96	1311
120	98	1302
